volume
0.68965517
0.62068966
0.75862069
0.48275862
0.20689655
0.68965517
0.75862069
0.75862069
0.55172414
0.75862069
0.44827586
0
0.72413793
0.68965517
0.62068966
0.48275862
1
0.37931034
0
0.13793103
0.34482759
0.17241379
0
0
0
0
0
0
0
0
0
0
0
0
0.13793103
0.4137931
0.20689655
0.44827586
0.37931034
0
0.20689655
0.31034483
0.24137931
0.31034483
0.89655172
0.34482759
0
0.44827586
0.44827586
0.44827586
0.34482759
0.4137931
0.37931034
0
0.37931034
0.5862069
0.55172414
0.48275862
0.31034483
0.4137931
0
0.55172414
0.37931034
0.44827586
0.37931034
0.62068966
0.13793103
0
0.20689655
0.62068966
0.13793103
0.13793103
0.44827586
0.13793103
0
0.20689655
0.17241379
0.37931034
0.31034483
0.27586207
0.24137931
0
0.27586207
0.27586207
0.31034483
0.4137931
0.48275862
0.20689655
0
0.37931034
0.10344828
0.24137931
0.55172414
0.34482759
0.20689655
0
0.37931034
0.72413793
0.34482759
0.37931034
0.31034483
0.34482759
0
0.20689655
0.31034483
0.37931034
0.44827586
0.37931034
0.34482759
0
0.31034483
0.31034483
0.51724138
0.4137931
0.55172414
0.27586207
0
0.4137931
0.48275862
0.27586207
0.44827586
0.48275862
0
0
0
0
0.31034483
0.44827586
0.37931034
0.10344828
0
0.34482759
0.13793103
0.31034483
0.20689655
0.31034483
0.13793103
0
0.68965517
0.55172414
0.20689655
0.37931034
0.37931034
0.37931034
0
0.27586207
0.44827586
0.48275862
0.5862069
0.65517241
0.31034483
0
0.27586207
0
0.34482759
0.48275862
0.34482759
0.34482759
0
0.44827586
0.34482759
0.31034483
0.31034483
0.4137931
0.27586207
0
0.24137931
0.27586207
0.44827586
0.48275862
0.48275862
0.31034483
0
0.34482759
0.37931034
0.31034483
0.44827586
0.72413793
0.31034483
0
0.24137931
0
0.13793103
0.31034483
0.34482759
0.20689655
0
0.72413793
0.79310345
0.24137931
0.34482759
0.37931034
0.48275862
0
0.51724138
0.17241379
0.37931034
0.31034483
0.24137931
0.20689655
0
0.27586207
0.55172414
0.27586207
0.13793103
0.10344828
0.37931034
0
0.4137931
0.4137931
0.34482759
0.48275862
0.48275862
0.17241379
0
0.17241379
0.44827586
0.37931034
0.37931034
0.24137931
0.06896552
0
0.27586207
0.13793103
0.48275862
0.44827586
0.37931034
0.31034483
0
0.31034483
0.55172414
0.62068966
0.4137931
0.37931034
0.37931034
0
0.24137931
0.34482759
0.17241379
0.34482759
0.48275862
0.03448276
0
0.20689655
0.20689655
0.31034483
0.17241379
0.27586207
0.24137931
0
0.55172414
0.27586207
0.51724138
0.24137931
0.44827586
0.48275862
0
0.27586207
0.27586207
0.37931034
0.34482759
0.27586207
0.27586207
0
0.44827586
0.24137931
0.37931034
0.51724138
0.62068966
0.31034483
0
0.48275862
0
0.34482759
0.24137931
0.37931034
0.31034483
0
0.34482759
0.34482759
0.17241379
0.24137931
0.37931034
0.20689655
0
0.5862069
0.44827586
0.48275862
0.31034483
0.20689655
0.27586207
0
0.48275862
0.34482759
0.51724138
0.44827586
0.5862069
0.27586207
0
0.17241379
0.24137931
0.51724138
0.31034483
0.06896552
0.31034483
0
0.44827586
0.34482759
0.55172414
0.17241379
0.4137931
0.24137931
0
0.37931034
0.48275862
0.4137931
0.44827586
0.55172414
0.37931034
0
0.48275862
0.65517241
0.31034483
0.34482759
0.37931034
0.31034483
0
0.44827586
0.48275862
0.37931034
0.34482759
0.34482759
0.4137931
0
0.68965517
0.37931034
0.51724138
0.4137931
0.72413793
0.27586207
0
0.62068966
0.48275862
0.37931034
0.55172414
0.62068966
0.4137931
0
0.48275862
0.55172414
0.65517241
0.75862069
0.62068966
0.4137931
0
0.55172414
0.75862069
1
0.72413793
0.79310345
0.34482759
0
0.62068966
0.4137931
0.48275862
0.55172414
0.65517241
0.24137931
0
0.44827586
0.48275862
0.55172414
0.55172414
0.55172414
0.48275862
0
0.4137931
0.48275862
0.4137931
0.34482759
0.65517241
0.4137931
0
0.13793103
0.24137931
0.13793103
0.17241379
0.13793103
0
0
0
0
0
0
0
0
0
0
0
0.24137931
0.51724138
0.34482759
0.24137931
0
0.34482759
0.06896552
0.4137931
0.44827586
0.10344828
0.17241379
0
0.10344828
0.48275862
0.17241379
0.17241379
0.24137931
0.13793103
0
0.20689655
0.17241379
0.24137931
0.31034483
0.27586207
0.24137931
0
0.34482759
0.17241379
0.4137931
0.48275862
0.31034483
0.17241379
0
0.10344828
0.24137931
0.24137931
0.13793103
0.20689655
0.20689655
0
0.06896552
0.10344828
0.03448276
0.4137931
0.24137931
0.03448276
0
0.06896552
0.17241379
0.27586207
0.27586207
0.27586207
0.13793103
0
0.20689655
0.31034483
0.31034483
0.13793103
0.31034483
0.20689655
0
0.31034483
0.17241379
0.20689655
0.31034483
0.31034483
0.17241379
0
0.06896552
0.13793103
0.27586207
0.20689655
0.31034483
0.24137931
0
0.34482759
0.06896552
0.37931034
0.34482759
0.34482759
0.20689655
0
0.31034483
0.20689655
0.27586207
0.24137931
0.31034483
0.37931034
0
0.24137931
0.31034483
0.24137931
0.20689655
0.34482759
0.17241379
0
0.24137931
0.24137931
0.31034483
0.24137931
0.37931034
0.06896552
0
0.13793103
0.82758621
0.44827586
0.20689655
0.37931034
0
0
0
0
0.4137931
0.31034483
0.24137931
0
0
0.06896552
0
0.37931034
0.34482759
0.55172414
0.31034483
0
0.44827586
0.31034483
0.34482759
0.27586207
0.51724138
0.13793103
0
0.31034483
0.37931034
0.4137931
0.31034483
0.34482759
0.17241379
0
0.37931034
0.24137931
0.34482759
0.20689655
0.27586207
0.06896552
0
0.27586207
0
0.17241379
0.31034483
0.24137931
0.10344828
0
0.31034483
0.31034483
0.17241379
0.24137931
0.17241379
0.27586207
0
0.24137931
0.13793103
0.17241379
0.31034483
0.13793103
0.10344828
0
0.24137931
0.06896552
0.13793103
0.10344828
0.37931034
0.13793103
0
0.03448276
0.10344828
0.06896552
0.27586207
0.27586207
0.17241379
0
0.10344828
0.13793103
0.13793103
0.06896552
0.24137931
0.13793103
0
0.13793103
0.17241379
0.34482759
0.24137931
0.44827586
0.17241379
0
0.24137931
0.4137931
0.27586207
0.27586207
0.13793103
0.31034483
0
0.20689655
0.31034483
0.06896552
0.24137931
0.13793103
0.34482759
0
0.27586207
0.24137931
0.06896552
0.34482759
0.31034483
0.20689655
0
0.24137931
0.31034483
0.27586207
0.17241379
0.20689655
0.13793103
0
0.13793103
0.24137931
0.17241379
0.24137931
0.10344828
0.03448276
0
0.13793103
0.10344828
0.27586207
0.17241379
0.27586207
0.06896552
0
0.31034483
0
0.31034483
0.13793103
0.31034483
0.31034483
0
0.10344828
0.20689655
0.31034483
0.10344828
0.17241379
0.13793103
0
0.31034483
0.31034483
0.34482759
0.17241379
0.24137931
0.13793103
0
0.13793103
0.27586207
0.31034483
0.13793103
0.24137931
0.48275862
0
0.24137931
0.17241379
0.13793103
0.27586207
0.24137931
0.34482759
0
0.24137931
0.17241379
0.24137931
0.27586207
0.06896552
0.27586207
0
0.10344828
0.17241379
0.13793103
0.20689655
0.4137931
0.24137931
0
0.17241379
0.37931034
0.17241379
0.17241379
0.06896552
0.13793103
0
0.27586207
0.17241379
0.17241379
0.13793103
0.24137931
0.27586207
0
0.51724138
0.34482759
0.31034483
0.20689655
0.24137931
0.37931034
0
0.31034483
0.24137931
0.4137931
0.20689655
0.44827586
0.44827586
0
0.34482759
0.4137931
0.37931034
0.51724138
0.48275862
0.20689655
0
0.34482759
0.31034483
0.48275862
0.34482759
0.44827586
0.37931034
0
0.13793103
0.20689655
0.48275862
0.4137931
0.34482759
0.27586207
0
0.13793103
0.48275862
0.17241379
0.37931034
0
