<OPEN>;<HIGH>;<LOW>;<CLOSE>;(predicted -> )<LOW>
0.5413;0.365499;0.297799;0.2531;1.2212839
0.2627;0.2347;0.3094;0.262799;1.8144218
0.259999;0.256799;0.223599;0.4692;2.0767717
0.488;0.5936;0.700899;0.595199;1.1570837
0.585999;0.602399;0.5861;0.4615;0.7314709
0.443899;0.431;0.247;0.5011;1.0189321
0.5095;0.488;0.533;0.5424;0.7259694
0.5467;0.5227;0.642099;0.539999;0.3502336
0.544899;0.9803;0.6719;1.0;-0.48213327
1.0;0.720999;0.875999;0.378;-0.90461695
0.377499;0.534199;0.4531;0.826;-0.7465395
0.8294;0.4578;0.547899;0.167999;-0.2568218
0.2207;0.482999;0.5396;0.77;-0.20987123
0.7317;0.68;0.634799;0.707999;-0.59544766
0.688699;0.526;0.5848;0.329999;-0.36037886
0.337299;0.294999;0.491499;0.401;0.18604666
0.396;0.4679;0.4253;0.423999;0.5291429
0.4391;1.0;0.411;0.583399;0.34213334
0.551299;0.0;0.361;0.4166;0.83799034
0.1023;0.3519;0.390999;0.3949;1.3433841
0.7524;0.6471;0.7584;0.6141;0.39599806
0.5914;0.738;0.574599;0.7834;-0.115183294
0.7699;0.600999;0.7867;0.482299;-0.50126636
0.524899;0.48;0.1903;0.4463;0.25508076
0.5814;0.488999;0.660899;0.523099;0.021615297
0.354599;0.359;0.0144;0.458;1.0359969
0.4715;0.659999;1.0;0.651699;0.06184843
0.648999;0.5043;0.577599;0.4743;-0.02273649
0.4926;0.6317;0.564;0.754899;-0.26027888
0.621299;0.478;0.5546;0.364399;-0.069120824
0.49;0.725999;0.5253;0.7467;-0.2806756
0.7488;0.563699;0.762299;0.5311;-0.61132634
0.522599;0.593299;0.4998;0.628799;-0.503579
0.6184;0.492;0.3766;0.222999;0.17357737
0.217199;0.173999;0.147199;0.366799;1.2684848
0.3851;0.4846;0.6995;0.6275;0.71988374
0.617199;0.7624;0.613999;0.694699;0.09802845
0.698;0.579799;0.6126;0.4589;-0.066569746
0.4279;0.3922;0.440899;0.5681;0.17304689
0.5838;0.538799;0.5266;0.357799;0.29539734
0.3386;0.3542;0.441899;0.5349;0.5424169
0.558999;0.577199;0.5552;0.584699;0.27178198
0.582999;0.6426;0.611799;0.5051;0.042131215
0.5384;0.443899;0.3;0.211499;0.7558134
0.187999;0.447299;0.481999;0.4871;0.95453525
0.5035;0.317;0.402499;0.5501;0.93190336
0.5369;0.533999;0.5654;0.511899;0.6352332
0.527799;0.436999;0.048499;0.015799;1.7558721
0.0022;0.282;0.1205;0.255099;2.6616719
0.315599;0.237;0.600999;0.7103;1.8254725
0.6601;0.441199;0.5551;0.381399;1.3089625
0.375;0.3744;0.188;0.161499;1.9650248
0.1478;0.5116;0.5749;0.8045;1.3442663
0.820099;0.4658;0.465599;0.3183;1.0601368
0.2143;0.541199;0.4464;0.658299;0.94066525
0.756299;0.6728;0.828099;0.7029;-0.054619014
0.7045;0.591999;0.577999;0.421199;-0.1070413
0.4285;0.383;0.4654;0.5663;0.117727816
0.5595;0.495999;0.4046;0.278299;0.54094464
0.1449;0.4355;0.259;0.716;0.86968213
0.8342;0.520699;0.9645;0.434;0.00066426396
0.4615;0.552399;0.4315;0.554699;0.15805036
0.536299;0.5534;0.315399;0.337299;0.61510473
0.338799;0.640899;0.6404;0.689;0.22809178
1.0;0.5982;0.6262;0.5456;-0.23387402
0.1681;0.455999;0.611599;0.6655;-0.122121274
0.679099;0.5329;0.5519;0.3748;-0.019935071
0.3668;0.549999;0.448499;0.743499;-0.013289154
0.738199;0.935499;0.7478;0.9186;-0.84580207
1.0;0.5095;0.720199;0.304499;-0.8088919
0.2083;0.377;0.515;0.592799;-0.322667
0.5898;0.434999;0.393299;0.2755;0.25453836
0.261199;0.356;0.3243;0.332799;0.9865191
0.3551;0.3136;0.1694;0.3594;1.6143647
0.3065;0.4784;0.694299;0.6584;0.97321534
0.698;0.522999;0.575699;0.4232;0.6252375
0.4494;0.384;0.091999;0.0668;1.7197517
0.049499;0.239;0.3643;0.633499;1.862636
0.644;0.666899;0.6507;0.6511;0.8645025
0.656199;0.5326;0.545;0.5816;0.44635206
0.5679;0.5884;0.7409;0.562399;-0.022426546
0.549199;0.5411;0.548199;0.4217;0.0803974
0.403199;0.546499;0.2987;0.7165;0.24470955
0.7517;0.5249;0.4782;0.094799;0.60255796
0.155;0.503599;0.321999;0.9283;0.55873066
0.8678;0.701;0.978999;0.478099;-0.33257926
0.480599;0.361;0.4007;0.5754;0.015517741
0.5709;0.709499;0.6933;0.5416;-0.297943
0.515299;0.377199;0.466999;0.513599;-0.013032854
0.4505;0.5483;0.5514;0.403399;0.15130907
0.485799;0.3303;0.3735;0.3185;0.6982592
0.330199;0.4054;0.1751;0.3513;1.4003185
0.3393;0.333299;0.515999;0.488799;1.2815622
0.494199;0.542;0.4144;0.653;0.92398787
0.5836;0.4465;0.2066;0.0;1.6828564
0.0;0.1015;0.3047;0.425999;2.2578087
0.4402;0.562899;0.692299;0.721;1.217648
0.8371;0.695599;0.661999;0.509;0.44197708
0.363899;0.3779;0.448;0.443199;0.7106808
0.3475;0.4966;0.3348;0.6223;0.7987407
0.725099;0.663999;0.653199;0.564799;0.20444065
0.5617;0.4691;0.567;0.593699;0.030043393
0.5855;0.719899;0.4149;0.6097;-0.005194843
0.6053;0.3476;0.728099;0.222299;0.09836224
0.359399;0.4372;0.426;0.5279;0.3976372
0.4016;0.671199;0.503;0.567399;0.32129556
0.5652;0.335999;0.201;0.146999;1.2015846
0.138199;0.1107;0.427;0.4657;1.5715567
0.474499;0.704299;0.484;0.686;0.94779396
0.8374;0.51;0.4955;0.364399;0.6901172
0.2025;0.266399;0.500499;0.382399;1.0727551
0.429099;0.7826;0.451;0.9223;0.4420784
0.950499;0.533999;0.8378;0.349999;-0.12182325
0.273;1.0;0.5452;1.0;-0.55356944
0.841499;0.305499;0.848599;0.5;-0.82334006
0.854399;1.0;0.3944;1.0;-1.1291208
1.0;1.0;1.0;1.0;-2.0213785
1.0;0.287399;1.0;0.011899;-1.561794
0.2553;0.216;0.058299;0.7944;-0.3936025
0.601999;0.695399;0.4739;0.0;0.29711992
0.0;0.0;0.4549;0.5146;1.0087755
0.391;0.388;0.618;0.393999;0.9205487
0.632599;1.0;0.216;0.369099;0.94741845
0.1974;0.0;0.453399;0.462;1.3686804
0.512;0.6772;0.5754;0.6659;0.72145134
0.667;0.772099;0.0;0.7376;0.7619527
0.738;0.6943;1.0;0.599399;-0.2752456
0.589599;0.462999;0.6591;0.706;-0.5510124
0.4517;0.532;0.406099;0.192299;0.20827323
0.4467;0.398;0.3751;0.7352;0.274041
0.732799;0.504999;0.499499;0.2498;0.42156845
0.244199;0.317799;0.3742;0.483799;0.90278053
0.488199;0.6214;0.5623;0.561399;0.54049164
0.5618;0.3738;0.701799;0.5115;0.24377376
0.499899;0.717399;0.4146;0.487299;0.32696396
0.5091;0.3958;0.505;0.484999;0.37035614
0.474999;0.4437;0.2633;0.223399;1.0706213
0.23;0.1681;0.317699;0.3945;1.598945
0.3902;0.534999;0.5151;0.5623;1.2019958
0.4964;0.402999;0.5863;0.5255;0.8468059
0.395399;0.6801;0.318199;0.611499;0.79847246
0.817;1.0;0.7346;0.436999;0.04949239
0.435;0.0;0.486199;0.5281;0.41237742
0.530999;0.451099;0.3026;0.220399;1.0145869
0.218;0.2839;0.193399;0.4135;1.664069
0.4041;0.353;0.7811;0.518499;1.022866
0.3226;0.711999;0.0441;0.6738;1.2204852
0.879299;0.6339;0.905899;0.457;0.21528274
0.4465;0.928399;0.5316;1.0;-0.38655126
1.0;0.8447;1.0;0.840399;-1.3710531
0.861699;0.494399;0.853;0.4207;-1.4035048
0.4033;0.3446;0.574999;0.551099;-0.9126636
0.253899;1.0;0.082399;1.0;-0.62712157
1.0;0.8229;1.0;0.6249;-1.392174
0.622399;0.567599;0.697099;0.2712;-1.0342958
0.5542;0.686499;0.0;0.962399;-0.55722916
0.728999;0.636;1.0;0.63;-1.2046399
0.643;0.256;0.6175;0.548;-0.93678856
0.662999;0.662999;0.717999;0.611999;-1.0641011
0.375;0.713;0.0;0.7385;-0.27873248
0.8092;0.571;0.559399;0.0;0.17138988
0.0;0.235399;0.4636;0.442599;0.832918
0.4247;0.5533;0.534399;0.8095;0.37336022
0.8211;0.372299;0.6026;0.2485;0.38874418
0.239699;0.1367;0.416;0.414;1.0064569
0.312899;0.863299;0.267999;0.5331;1.0200586
0.635399;0.616;0.623;0.921799;0.1487878
0.933;0.5294;0.799399;0.3772;-0.27964443
0.3714;0.320599;0.343499;0.5672;0.22467047
0.5716;0.5184;0.3622;0.070899;0.8967128
0.057999;0.0526;0.5319;0.4688;1.3427106
0.405499;0.787599;0.4489;0.5352;1.010504
0.6;0.271999;0.3243;0.559799;1.0086145
0.5735;0.5014;0.463899;0.2874;1.051971
0.287999;0.488799;0.5799;0.580399;0.82215935
0.567399;0.401199;0.375299;0.378599;0.97820425
0.412599;0.394;0.6679;0.5116;0.6828812
0.45;0.434999;0.466799;0.457999;0.77094704
0.477499;0.56;0.0;0.2192;1.6228942
0.238599;0.5883;1.0;0.7935;0.53844124
0.7969;0.501299;0.670099;0.384799;0.21307737
0.378;0.9634;0.4577;1.0;-0.26846856
1.0;0.488;0.875499;0.392999;-0.6859871
0.487;0.403999;0.7273;0.5064;-0.6065043
0.232599;0.369999;0.0;0.0;1.2953488
0.0;0.0;0.335;0.4215;1.990631
0.4459;0.564499;0.5799;0.6043;1.2885479
0.597;0.6145;0.399299;0.378;1.1152174
0.370999;0.268;0.2528;0.145399;1.848003
0.1271;0.0361;0.49;0.4263;2.0373373
0.423899;0.7759;0.0;0.302999;2.2282686
0.491;0.552999;1.0;0.8261;0.7255104
0.676;0.336999;0.760899;0.488599;0.26098758
0.452999;0.731;0.3504;0.561;0.3622976
0.5629;0.423999;0.52;0.337499;0.5076733
0.2941;0.213999;0.655;0.531799;0.5237785
0.581999;0.462;0.562999;0.501;0.38232476
0.499;0.601999;0.0;0.427;1.1077907
0.500999;0.398;1.0;0.573;0.21546751
0.499;0.601999;0.0;0.427;1.0003653
0.457;0.358;1.0;0.3307;0.41987568
0.322;0.3635;0.2772;0.155899;1.3385681
0.132999;0.445299;0.459;0.5392;1.4122752
0.542;0.6392;0.567399;0.7413;0.70060164
0.755;0.430999;0.786899;0.623899;0.0012007058
0.727999;0.587;0.7747;0.616999;-0.48376644
0.3685;0.545999;0.0;0.1217;1.0048714
0.262499;0.195999;1.0;0.3476;0.6395903
0.342;0.387999;0.403999;0.5381;0.8695093
0.518999;0.619;0.408799;0.548499;0.75663
0.574999;0.6463;0.768799;0.6541;0.05859998
0.659;0.352699;0.6762;0.538;-0.123027265
0.457699;0.930999;0.4753;0.803599;-0.36043847
0.8903;0.416;0.6552;0.4159;-0.42038882
0.387;0.540999;0.503999;0.544;-0.16510218
0.550999;0.499;0.512499;0.457299;0.010373861
0.469;0.4812;0.3677;0.2849;0.5796936
0.227;0.296799;0.488;0.660299;0.6773022
1.0;0.815;0.507999;0.3439;0.3150609
0.049999;0.267399;0.3924;0.3902;1.0737803
0.396;0.3436;0.125599;0.147399;1.9584087
0.116999;0.290999;0.509799;0.595599;1.7760543
0.635;0.494;0.5499;0.602499;1.0501947
0.590999;0.415;0.6733;0.4704;0.6196347
0.5786;0.591999;0.274099;0.4052;0.8511928
0.2914;0.9082;0.5606;1.0;0.12377173
1.0;0.519799;0.945799;0.387999;-0.5106362
0.295;0.585;0.4395;0.493;-0.06111592
0.567999;0.5707;0.652999;0.670099;-0.36440217
0.66;0.380299;0.7113;0.526899;-0.48637712
0.527999;0.488;0.4797;0.449;-0.12638897
0.448999;0.533999;0.113;0.215199;0.90562963
0.173;0.225999;0.249499;0.177399;1.867756
0.225;0.1418;0.380299;0.4672;1.9938675
0.458999;0.520399;0.5392;0.551399;1.3877598
0.557;0.7458;0.5422;0.7629;0.6238726
0.67;0.484999;0.7648;0.4699;0.12473136
0.6364;0.5987;0.4377;0.596499;0.0681248
0.529599;0.7423;0.623899;0.5354;-0.15222758
0.530999;0.368;0.0;0.084899;1.2671914
0.075;0.0;0.768299;0.0;1.7939535
0.006999;0.136;0.2467;0.3177;2.5450673
0.286;0.141399;0.467999;0.4587;2.2983756
0.513199;0.657;0.539999;0.526899;1.5388993
0.5018;0.851999;0.4599;0.8136;0.7586804
0.813;0.7559;0.913199;0.649799;-0.26308626
0.655999;0.747199;0.5613;0.8868;-0.6905588
0.878299;0.627399;0.9485;0.612699;-1.2689921
0.5297;0.3417;0.563099;0.4772;-0.7939013
0.573699;0.6274;0.0;0.3868;0.27336746
0.4863;0.643;1.0;0.350299;-0.24062723
0.241;0.0;0.3217;0.295999;0.8819428
0.292;0.278299;0.042999;0.267;1.9460646
0.256999;0.4071;0.423099;0.399;1.9140688
0.4021;0.198;0.8023;0.497299;1.2500491
0.2359;0.23;0.2436;0.2366;1.9971935
0.506;0.710699;0.366099;0.6173;1.4217643
0.622999;0.5422;0.3786;0.178899;1.4679519
0.18;0.185099;0.408999;0.416399;1.7554907
0.411999;0.525;0.5319;0.7104;1.1296239
0.707;0.674999;0.514399;0.401399;0.74834496
0.396;0.226999;0.583;0.506599;0.7231143
0.372;0.666;0.2468;0.2278;1.2751844
0.372;0.313;0.502199;0.6317;1.0253873
0.633;0.570999;0.637;0.633699;0.41154295
0.628;0.691299;0.626;0.6021;-0.02158612
0.606999;0.470199;0.587299;0.5441;-0.11422962
0.5306;0.4425;0.544699;0.4936;0.0007298291
0.3414;0.335999;0.381;0.375;0.6138113
0.533999;0.6032;0.280099;0.3241;0.95031524
0.326;0.2646;0.3182;0.361999;1.4251379
0.358599;0.3502;0.234099;0.3903;1.7576007
0.3984;0.427;0.492599;0.2481;1.700255
0.250999;0.309799;0.47;0.5454;1.5632597
0.557;0.5022;0.6128;0.5681;0.939944
0.547;0.649;0.365099;0.560299;0.76301366
0.567;0.512999;0.423;0.236699;0.97090864
0.245999;0.3278;0.496099;0.5655;1.0050561
0.559;0.550799;0.537399;0.474499;0.71891814
0.478999;0.4917;0.393599;0.465299;0.80412894
0.457;0.3117;0.624;0.5277;0.6021705
0.385999;0.353999;0.379999;0.347999;1.0306325
0.51;0.557;0.29;0.439;1.1293914
0.427999;0.466999;0.463999;0.467999;1.0386255
0.475;0.4896;0.609999;0.4946;0.71403056
0.470999;0.5107;0.490499;0.5454;0.5912569
0.557;0.6768;0.5615;0.607799;0.22908121
0.5936;0.409899;0.634;0.5902;-0.013599098
0.593399;0.481;0.616;0.500999;-0.084391534
0.5;0.679;0.2909;0.3374;0.43402582
0.332;0.291199;0.445099;0.419599;0.7982996
0.41;0.4288;0.312;0.32;1.2321916
0.347999;0.45;0.439999;0.727;0.9409573
0.729999;0.507999;0.670999;0.448799;0.4503575
0.407;0.4143;0.494;0.400199;0.6501165
0.424999;0.695399;0.423999;0.613399;0.5209294
0.621;0.535299;0.552;0.4796;0.33004552
0.491999;0.433799;0.4179;0.403999;0.59713393
0.393;0.4622;0.578099;0.674999;0.34266979
0.67;0.559899;0.366;0.246;0.6691602
0.257199;0.206099;0.578;0.564;0.72962314
0.5084;0.517;0.048999;0.093;1.695433
0.138399;0.270699;0.5013;0.604199;1.5709428
0.615;0.557299;0.481699;0.2708;1.3327149
0.2672;0.4621;0.445;0.628;1.1670556
0.632799;0.3609;0.369;0.324399;1.2481239
0.324;0.247;0.607999;0.488599;1.1012342
0.447299;0.609999;0.329;0.5947;0.9781029
0.625699;0.634;0.71;0.4983;0.38353473
0.45;0.606;0.533;0.661;0.16212136
0.7134;0.817;0.537799;0.560399;-0.13133615
0.577599;0.186;0.2114;0.0196;1.1157718
0.0;0.018999;0.523199;0.542;1.4702228
0.4849;0.859999;0.4506;0.8076;0.7475284
0.9041;0.564;0.402;0.056399;0.9479072
0.103;0.222999;0.466;0.5369;1.2251582
0.459999;0.385;0.432;0.4131;1.2291279
0.408;0.536999;0.503999;0.589999;0.9039428
0.552;0.356999;0.658;0.477;0.58947474
0.5625;0.63;0.437999;0.589499;0.41699082
0.5465;0.625999;0.58;0.6025;0.12448698
0.631;0.518;0.608999;0.495699;-0.027987659
0.465;0.574999;0.505;0.647299;-0.058588684
0.663999;0.5714;0.683999;0.532;-0.32413924
0.548;0.556599;0.553;0.536999;-0.26773542
0.493299;0.3914;0.1;0.305;0.7852164
0.3037;0.3401;0.578999;0.529499;0.7407871
0.544999;0.933499;0.586;0.9435;-0.06812543
0.911;0.53;0.836999;0.544;-0.6304356
0.576999;0.684;0.661999;0.417999;-0.59133494
0.407;0.399;0.532;0.652;-0.3943118
0.600999;0.521999;0.378;0.253999;0.22858053
0.314799;0.314;0.085999;0.112;1.5413669
0.2732;0.288699;0.41;0.586999;1.4945475
0.506999;0.383299;0.451999;0.245;1.535335
0.189;0.499299;0.388999;0.745999;1.3108996
0.749;0.4537;0.776;0.515;0.5060461
0.460999;0.482999;0.603999;0.497;0.38265854
0.527;0.7118;0.344;0.5748;0.4011479
0.57;0.581199;0.713999;0.700899;-0.15418857
0.699999;0.648499;0.572;0.3573;-0.11748403
0.3417;0.3215;0.352999;0.426;0.5120483
0.450299;0.368;0.452;0.427999;0.72081953
0.429;0.374;0.556999;0.524;0.6317225
0.467999;0.704;0.307;0.6687;0.55906445
0.668;0.491999;0.676;0.3063;0.38098365
0.369;0.347999;0.414;0.523899;0.6312159
0.509999;0.5461;0.531999;0.5371;0.45387417
0.521;0.612899;0.628999;0.631099;0.082406074
0.686999;0.505;0.635;0.5099;-0.1253578
0.3699;0.447;0.332999;0.436999;0.44490963
0.530099;0.472999;0.408999;0.35;0.7114318
0.376;0.445999;0.474;0.593;0.6568697
0.537599;0.5281;0.568999;0.523999;0.43723255
0.5204;0.606899;0.460999;0.486;0.4131046
0.538699;0.405;0.653;0.561;0.15794307
0.505899;0.624;0.430999;0.516999;0.25191575
0.5343;0.537999;0.545;0.457;0.239214
0.4791;0.353999;0.381999;0.356999;0.68571836
0.381999;0.5121;0.485999;0.6276;0.56498915
0.606;0.7119;0.59;0.6768;0.06645587
0.604999;0.408;0.676;0.4416;-0.036517084
0.403199;0.783;0.169999;0.777999;0.15849143
0.8328;0.522999;0.6553;0.514;-0.20510882
0.555;0.622999;0.361499;0.5574;-0.010940731
0.597999;0.392;0.8962;0.230599;-0.14694661
0.158999;0.267;0.396999;0.438;0.608435
0.505;0.392999;0.541;0.497;0.5534795
0.449999;0.5961;0.392999;0.589799;0.5590227
0.612;0.594899;0.637;0.4342;0.28422147
0.530999;0.875;0.401;0.930999;-0.13379782
0.854999;0.544;0.784799;0.564;-0.613341
0.55;0.866999;0.7252;0.968;-1.1799517
1.0;0.591999;1.0;0.558999;-1.6467991
0.386099;0.533999;0.343699;0.383;-0.67395294
0.4649;0.298;0.25;0.2243;0.43670207
0.249;0.5989;0.459;0.865699;0.22787124
0.672999;0.5441;0.769999;0.4042;-0.098511875
0.577;0.677999;0.538;0.7368;-0.35263026
0.798999;0.457;0.808;0.439;-0.61224425
0.586999;0.8;0.533999;0.686999;-0.671831
0.492;0.446999;0.548;0.652999;-0.5613419
0.640999;0.782;0.533999;0.697;-0.7017883
0.734;1.0;0.893;1.0;-1.5609655
1.0;0.744999;1.0;1.0;-2.291155
1.0;0.4564;1.0;0.549999;-2.3684952
0.506999;0.445999;0.516999;0.448999;-1.5363755
0.508;1.0;0.3777;0.5361;-1.0732564
0.454999;0.137;0.0;0.0;0.9382334
0.0;0.0;0.082;0.0;2.6079621
0.241;0.0;0.375999;0.415999;2.6386108
0.611999;0.740499;0.561999;0.541;1.5774456
0.3776;0.3818;0.623;0.525999;1.1729565
0.4994;1.0;0.265999;0.698;0.78638464
0.661;0.353999;0.0;0.901;0.85562736
0.884;0.506;1.0;0.076999;0.29022366
0.269999;0.355;0.542999;0.673;0.32096773
0.5527;0.564;0.0;0.4788;0.96112156
0.4483;0.413999;1.0;0.562199;0.1644221
0.573999;0.586;0.314999;0.204;0.71976453
0.213;0.659399;0.482;0.78;0.5058494
0.774;0.6272;0.795999;0.783999;-0.35960996
0.802999;0.946399;0.784999;0.84;-1.0778847
0.802;0.7586;0.823999;0.567399;-1.3868424
0.53;0.000399;0.551;0.4236;-0.6475719
0.5022;0.491;0.0;0.403999;0.49793392
0.311799;0.4155;1.0;0.024999;0.48178107
0.080999;0.109499;0.439999;0.542999;1.0401335
0.557;0.576;0.639;0.642;0.49160987
0.622999;1.0;0.335999;0.228999;0.65899163
0.254;0.0;0.473999;0.569;0.9617772
0.576099;0.727;0.0;0.436999;1.3651637
0.4329;0.274999;1.0;0.106999;0.9808209
0.123999;0.25;0.407;0.416499;1.45739
0.389;0.457899;0.384999;0.2655;1.6668526
0.271999;0.2341;0.474;0.611499;1.513609
0.597;0.446999;0.549999;0.3945;1.163378
0.410499;0.705;0.3359;0.838699;0.76280504
0.8282;0.519999;0.588099;0.1523;0.69839627
0.177;0.231999;0.224;0.255;1.6694752
0.240299;0.1955;0.367999;0.427999;1.8946556
0.416;0.421599;0.493;0.4018;1.618096
0.381999;0.3759;0.561;0.532199;1.2550142
0.5921;0.5794;0.381;0.5471;0.9790685
0.499899;0.5878;0.391999;0.3889;0.99141264
0.335;0.4328;0.397;0.257;1.358929
0.320399;0.152;0.006;0.012099;2.6480522
0.000599;0.095199;0.407999;0.360599;2.84498
0.373;0.256799;0.514;0.4933;2.2196498
0.446999;0.427;0.466;0.454999;1.7680613
0.49;1.0;0.353999;1.0;0.7918325
1.0;0.584299;1.0;0.668399;-0.390962
0.669;0.6077;0.648;0.516599;-0.509158
0.497999;0.401499;0.427999;0.495699;-0.08531541
0.506;0.4425;0.325099;0.1402;0.7355359
0.109;0.230999;0.5239;0.5941;0.94773436
0.534399;0.5896;0.430999;0.4538;0.8322683
0.5536;0.586399;0.62;0.683399;0.2875653
0.687999;0.698999;0.558999;0.4795;0.06259349
0.481999;0.6023;0.494999;0.651499;-0.027260482
0.503;0.3216;0.474;0.314799;0.4192081
0.485;0.3061;0.603999;0.527999;0.3462699
0.520299;0.690899;0.010999;0.0;1.4969853
0.003699;0.0279;0.475;0.527799;1.8039314
0.481;0.492199;0.388;0.3552;1.6513852
0.372;0.305399;0.462999;0.564;1.4173774
0.524999;0.6279;0.427;0.624199;0.9665158
0.563;0.4497;0.757;0.5508;0.3789869
0.5632;0.6496;0.387999;0.600999;0.32568842
0.683799;0.544399;0.707;0.4382;-0.0051769614
0.427;0.459;0.4564;0.4078;0.34359962
0.413;0.6646;0.457599;0.680999;0.21750003
0.643999;0.526399;0.643999;0.709499;-0.23105472
0.735999;0.511;0.756999;0.5225;-0.5239221
0.538899;0.582;0.337;0.52;-0.10803074
0.4711;0.546999;0.650999;0.515999;-0.17319053
0.616;0.748;0.609999;0.704;-0.5063566
0.640999;0.606999;0.637;0.515;-0.55744374
0.507999;0.4491;0.562;0.490899;-0.33881986
0.496;0.379899;0.39;0.5481;0.03848937
0.494399;0.6062;0.582999;0.519999;-0.027922094
0.5776;0.810599;0.351799;0.828299;-0.2176258
0.826;0.6682;1.0;0.660699;-1.0358574
0.655999;0.823099;0.466;0.873;-1.1448863
0.870599;0.5889;0.906999;0.314999;-1.2474748
0.3304;0.388999;0.539;0.569;-0.75884783
0.448499;0.554;0.452999;0.540999;-0.38456643
0.6535;0.497999;0.4115;0.4164;-0.04006952
0.414;0.4767;0.0;0.559599;0.77165633
0.603999;0.4519;1.0;0.3042;0.17358333
0.228999;0.4814;0.439;0.5898;0.43875843
0.603999;0.56;0.761;0.75;-0.22766918
0.5349;0.497;0.394599;0.132999;0.50022274
0.3641;0.574999;0.4975;0.816;0.22106439
0.552;0.462;0.448499;0.3639;0.47650605
0.63;0.525999;0.3933;0.522099;0.4618016
0.259999;0.5187;0.179699;0.076;1.5219477
0.161999;0.0;0.5254;0.551;1.5799788
0.4817;0.587;0.437999;0.518;1.2249973
0.683299;0.825;0.0;0.5527;1.231363
0.632;0.766999;1.0;0.904499;-0.16993612
0.914999;0.701999;0.6173;0.299999;-0.26977986
0.176;0.044;0.298999;0.4338;0.7175055
0.395999;0.253999;0.558;0.311;0.95231795
0.4543;0.698999;0.369199;0.499699;0.88564426
0.5097;0.302;0.0;0.4543;1.5455691
0.480999;0.542999;1.0;0.541999;0.5286661
0.504;0.535999;0.356;0.462;0.680944
0.266999;0.402;0.4778;0.367399;0.99267626
0.572;0.343;0.5732;0.4726;0.7596758
0.490099;0.610999;0.385999;0.6386;0.61032444
0.6099;0.558;0.688;0.6824;0.041588813
0.548999;0.512;0.487;0.565999;0.055107147
0.470999;0.572;0.6293;0.3227;0.15137464
0.6;0.503;0.429699;0.6903;0.05926755
0.582999;0.430999;0.698;0.463999;-0.07045001
0.497;0.417999;0.564999;0.481;0.061472923
0.511;0.709;0.32;0.689;0.124254525
0.485799;0.527;0.3407;0.0;0.9912338
0.1922;0.232999;0.447299;0.535299;1.1919465
0.542;0.491;0.472999;0.7081;0.7431534
0.505;0.582;0.571199;0.4493;0.5410579
0.647999;0.494999;0.594799;0.371699;0.4088071
0.442;0.497;0.336;0.5033;0.6707278
0.715;0.576;0.653299;0.626199;0.105151206
0.579999;0.594;0.5919;0.7615;-0.25559396
0.337;0.456;0.0;0.406999;0.8654383
0.407999;0.403999;0.9622;0.445999;0.26892692
0.467;0.427;0.510999;0.344;0.52084595
0.4923;0.948;0.492;1.0;-0.12961954
0.895699;0.692;0.974499;0.4707;-0.81153834
0.632999;0.475999;0.5165;0.584299;-0.6278964
0.489;0.408999;0.458999;0.238399;0.08933213
0.312999;0.517;0.472999;0.559;0.28405458
0.773;0.407;0.578;0.605599;-0.008133352
0.505;0.514999;0.0;0.625;0.66619784
0.315999;0.587;1.0;0.466;0.064071685
0.539;0.488999;0.4735;0.521;0.15111834
0.472999;0.584;0.393;0.353999;0.50797135
0.335;0.201;0.2774;0.2059;1.3959793
0.411999;0.189999;0.628599;0.5121;1.109251
0.4507;0.823999;0.4757;0.534599;0.78986555
0.5993;0.339;0.342399;0.3894;1.0035303
0.219699;0.326999;0.392699;0.571999;1.1888888
0.7803;0.673;0.6073;0.428;0.619134
0.219699;0.326999;0.392699;0.571999;0.90526605
0.7293;0.533999;0.5162;0.261;0.80447465
0.25;0.485999;0.442999;0.4482;1.0291126
0.467999;0.317;0.576;0.6098;0.7156339
0.5134;0.643;0.513399;0.4791;0.55045754
0.576599;0.655;0.4526;0.6509;0.28324395
0.634;0.596;0.363999;0.572999;0.28532416
0.573;0.503;0.828;0.564;-0.2289924
0.579999;0.518;0.538999;0.342;0.021764308
0.335999;0.436999;0.522;0.726999;0.019064218
0.761;0.5;0.765999;0.536;-0.38052523
0.325;0.420999;0.0807;0.1648;1.0065463
0.348999;0.484999;0.372;0.361899;1.2517002
0.363999;0.317;0.3461;0.3277;1.5685526
0.323;0.511;0.5482;0.7087;1.0624793
0.71;0.617999;0.653399;0.6;0.3670302
0.597;0.484999;0.6563;0.5009;0.12138754
0.4814;0.497;0.3973;0.4452;0.41374236
0.4726;0.559;0.455399;0.4508;0.517216
0.442999;0.466;0.514;0.552599;0.44760376
0.5468;0.421999;0.374399;0.311299;0.81917316
0.302199;0.387999;0.5065;0.6081;0.76384217
0.616;0.411;0.6077;0.494;0.48146516
0.425899;0.878999;0.439299;0.7321;0.18821031
0.8121;0.513;0.7389;0.500999;-0.2499196
0.500999;0.387999;0.4158;0.3664;0.2606657
0.361;0.542999;0.299999;0.400499;0.7551876
0.376999;0.332;0.259;0.1804;1.5204755
0.195999;0.052999;0.5272;0.575599;1.5015928
0.499;0.4697;0.4438;0.420999;1.3168184
0.495;0.655299;0.476899;0.5163;0.9627845
0.644999;0.559;0.4566;0.5909;0.61345965
0.4827;0.571999;0.6631;0.523199;0.2997306
0.521299;0.658999;0.5604;0.8636;-0.18238753
0.749;0.744;0.698099;0.716999;-0.7000598
0.734999;0.473999;0.8169;0.430999;-0.8407297
0.517;0.970999;0.451;0.846699;-0.94337785
0.853;0.49;0.764899;0.3359;-0.9084346
0.332999;0.364;0.5037;0.6041;-0.48442805
0.611999;0.533999;0.4525;0.386899;-0.10482401
0.3714;0.405999;0.3909;0.515099;0.30307442
0.5306;0.409999;0.637699;0.5623;0.12237698
0.4586;0.5122;0.2253;0.2068;0.93030596
0.293399;0.3588;0.284999;0.6006;1.1551228
0.6038;0.436399;0.64;0.4369;0.75758964
0.438299;0.6386;0.337899;0.319;1.0198739
0.3229;0.294999;0.4701;0.3808;1.227453
0.3776;0.226;0.561;0.506899;1.1069443
0.504399;0.485999;0.502;0.5;0.8985486
0.481999;0.817;0.402699;0.6811;0.55571467
0.7025;0.479999;0.718299;0.422899;0.17653376
0.426499;0.7348;0.0;0.0219;1.4154223
0.024;0.0;0.241599;0.2361;2.4037566
0.258;0.561;0.378;0.64;1.9020704
0.619;0.35;0.8044;0.561999;0.9493139
0.519399;0.689999;0.374099;0.5806;0.72438985
0.6226;0.59;0.563299;0.357199;0.5487171
0.344999;0.491999;0.5192;0.5017;0.57293445
0.516999;0.728999;0.441099;1.0;-0.0019046664
0.905;0.957;0.9232;0.753;-0.9633782
0.862;0.288;0.944699;0.493;-1.2363108
0.5739;0.689999;0.421999;0.510999;-0.7728251
0.506099;0.384999;0.309;0.281;0.13508469
0.3232;0.402;0.524999;0.528399;0.32274395
0.451799;0.585999;0.519199;0.689599;0.12250811
0.623;0.453;0.5478;0.359;0.23263961
0.419999;0.357999;0.567;0.485999;0.33102304
0.4539;0.575;0.454999;0.484999;0.44135123
0.5381;0.508;0.402999;0.481;0.5399075
0.43;0.382999;0.432;0.397599;0.8046058
0.433999;0.498;0.456;0.5448;0.7377413
0.547;0.722799;0.491999;0.7216;0.3056851
0.710999;0.4392;0.869999;0.485999;-0.239304
0.484899;0.68;0.374;0.694;-0.13996094
0.6861;0.486999;0.665999;0.402;-0.20350546
0.429;0.686;0.442;0.722999;-0.20466775
0.704999;0.527;0.683;0.5345;-0.41289055
0.536;0.615;0.616;0.5045;-0.39692843
0.524999;0.396;0.524;0.437999;-0.1075241
0.439299;0.475999;0.373;0.4178;0.3705588
0.3997;0.469;0.436999;0.5572;0.48225194
0.567999;0.524999;0.502;0.49;0.40909916
0.458;0.445999;0.39;0.332;0.79734
0.318999;0.279;0.338999;0.266999;1.3975886
0.3261;0.369;0.518999;0.516;1.2390759
0.4801;0.604799;0.451;0.581599;0.9190645
0.594799;0.4749;0.504199;0.5114;0.67647964
0.486199;0.579299;0.5838;0.545;0.4053679
0.5638;0.405;0.286;0.253;0.97301865
0.241;0.35;0.501999;0.542899;1.0239031
0.554;0.425999;0.614;0.520099;0.6446269
0.460799;0.5261;0.340999;0.4777;0.82261235
0.5302;0.5249;0.555;0.5413;0.5307701
0.552;0.59;0.430999;0.298999;0.71844727
0.341;0.355999;0.423;0.592799;0.797942
0.543999;0.5228;0.525999;0.415399;0.68415076
0.402;0.397199;0.5681;0.5998;0.51229864
0.5069;0.625;0.5148;0.614;0.2794233
0.558099;0.48;0.2475;0.247599;0.89962745
0.405;0.328899;0.374599;0.4377;1.11604
0.453;0.517099;0.691;0.614699;0.55408746
0.601999;0.503999;0.0;0.378;1.2302365
0.413;0.48;1.0;0.536;0.37684113
0.534999;0.442;0.5956;0.445;0.32482415
0.4102;0.558;0.381;0.646;0.39879352
0.641799;0.53;0.588999;0.402999;0.2831784
0.367;0.491;0.464999;0.436999;0.5270508
0.485999;0.652;0.477;0.807;0.16233593
0.813;0.574999;0.49;0.277;0.25657088
0.303999;0.238;0.654999;0.497;0.35212904
0.446;0.413;0.504;0.494;0.45908958
0.464999;0.580999;0.387999;0.527099;0.548431
0.57;0.533;0.539999;0.483899;0.40703684
0.475999;0.471;0.347;0.403;0.7418123
0.402;0.455199;0.472999;0.528599;0.72993904
0.542999;0.5848;0.661999;0.556399;0.30021936
0.585;0.497999;0.5769;0.618;0.053795844
0.512999;0.433;0.567099;0.439;0.16232401
0.067;0.471;0.0;0.218;1.584175
0.742;0.458299;0.784999;0.637;0.5596128
0.559999;0.5227;0.521;0.534899;0.40052205
0.532;0.53;0.57;0.4286;0.34901768
0.405;0.570999;0.48;0.654499;0.27639538
0.719999;0.485;0.680199;0.565;-0.11194676
0.488999;0.662999;0.1428;0.132999;0.8758095
0.147;0.055999;0.451599;0.4538;1.3449756
0.466999;0.429;0.403999;0.4566;1.2656059
0.354999;0.680999;0.5184;0.623399;0.8600262
0.828;0.51;0.6448;0.5992;0.21806628
0.475999;0.433199;0.592199;0.442;0.26716262
0.472;0.655699;0.3631;0.6291;0.2981332
0.616499;0.6421;0.7226;0.704899;-0.28329217
0.7135;1.0;0.658299;1.0;-0.99481964
1.0;0.7177;0.936999;0.716099;-1.6142848
0.713999;0.842199;0.815;0.6015;-1.7667506
0.631;0.436199;0.712399;0.643599;-1.6343746
0.361699;0.491999;0.099499;0.0;0.19756228
0.247199;0.085;0.4027;0.4714;0.7880834
0.4621;0.4541;0.2905;0.270299;1.2612011
0.271999;0.300899;0.501899;0.597999;1.1486855
0.6;0.734;0.6098;0.7746;0.36402017
0.750999;0.516999;0.814399;0.4983;-0.18745393
0.5302;0.827;0.3888;0.8046;-0.32660687
0.7923;0.728499;0.832999;0.6428;-0.90234303
0.648499;0.745199;0.684699;0.8446;-1.2539508
0.875;0.5443;0.572299;0.195;-0.7349762
0.158999;0.349;0.337;0.625;-0.031540096
0.64;0.570999;0.829999;0.509;-0.4467162
0.594999;0.424199;0.298;0.399699;0.18650562
0.302999;0.408799;0.428999;0.3669;0.6905523
0.3738;0.2929;0.3092;0.356;1.2387064
0.3472;0.4611;0.079699;0.035399;2.2198167
0.037999;0.207499;0.5411;0.714;1.8987921
0.75;0.4315;0.738;0.525999;0.93731546
0.644;0.644;0.2076;0.268;1.2194064
0.108999;0.6126;0.535399;0.994;0.6713775
1.0;0.915599;0.8667;0.807099;-0.50823414
0.811;0.421799;0.321199;0.0;0.43722063
0.0;0.075;0.2871;0.524999;1.2946275
0.614;0.429;0.734999;0.4325;0.7236269
0.406799;0.482899;0.369999;0.384799;1.0082867
0.3162;0.4051;0.4786;0.547899;0.97788835
0.558999;0.767199;0.5294;0.8408;0.28841764
0.837899;0.51;0.584299;0.230199;0.27300388
0.2321;0.292699;0.4127;0.5923;0.6277707
0.451;0.371099;0.578;0.384999;0.669494
0.444;0.424;0.451;0.418;0.8114782
0.562799;0.744999;0.457599;0.565099;0.52389175
0.4952;0.417499;0.456399;0.4105;0.67475706
0.407999;0.3655;0.464;0.438899;0.8323994
0.447;0.460999;0.387899;0.388599;1.0361578
0.396999;0.402499;0.3651;0.4274;1.2077477
0.416;0.3945;0.594999;0.561499;0.8709279
0.468999;0.402999;0.468999;0.402999;0.9560909
0.5472;0.6287;0.356;0.488;0.88150173
0.4176;0.4059;0.46;0.536999;0.82404286
0.549199;0.6334;0.5898;0.561899;0.4242745
0.591;0.744499;0.590399;0.8246;-0.17436475
0.8012;0.5348;0.6298;0.3175;-0.17432302
0.325899;0.284799;0.589999;0.486999;0.110283196
0.547899;0.6079;0.444;0.558;0.15195876
0.484999;0.485999;0.405999;0.488;0.36704808
0.437;0.8546;0.547;0.8738;-0.15130371
0.930999;1.0;0.901999;0.955199;-1.2025746
0.930999;0.5624;0.983;0.6249;-1.6843083
0.64;0.456699;0.652;0.442099;-1.282114
0.4896;0.8659;0.469;0.608699;-1.013914
0.574399;0.464999;0.586999;0.7263;-0.99403584
0.715;0.8432;0.667;0.8314;-1.3412597
0.833999;1.0;0.853;0.947699;-1.9587193
0.958;0.616799;0.954;0.4248;-2.0333471
0.424999;0.1232;0.517499;0.5501;-1.239598
0.418799;0.812899;0.398499;0.799199;-1.0265651
0.9306;0.831099;0.883;0.797399;-1.6418757
0.793599;0.527;0.453599;0.3231;-0.9609463
0.323;0.592999;0.2694;0.233799;0.12020737
0.262;0.0;0.113999;0.1525;1.5819696
0.214999;0.158999;0.701;0.488;1.3596264
0.403;0.403;0.529;0.505;1.1489835
0.497499;0.6644;0.159999;0.645299;1.1179771
0.7075;0.954099;0.859999;0.882199;-0.108293
0.81;0.8401;0.96;0.6231;-0.91031516
0.596999;0.9273;0.473999;1.0;-1.1966529
0.966;0.555599;0.661;0.0;-0.66267574
0.242;0.0;0.556899;0.625799;-0.17775625
0.255899;0.554099;0.38;0.360399;0.46420366
0.5711;0.4609;0.502099;0.4712;0.44276386
0.501999;0.351999;0.416;0.380499;0.75848967
0.391;0.433399;0.300999;0.439399;1.0828164
0.367999;0.5286;0.5224;0.4453;0.9727206
0.499;0.262999;0.585599;0.528199;0.77011853
0.435;0.451;0.463;0.445999;0.8389023
0.555799;0.885899;0.449999;0.867899;0.21009117
0.8372;0.5581;0.838;0.4756;-0.35415018
0.480999;0.523399;0.453;0.5483;-0.11986822
0.5568;0.6176;0.356999;0.290199;0.36195785
0.278199;0.108699;0.295499;0.3825;1.1484768
0.386;0.3723;0.6745;0.4765;0.87266237
0.488999;0.483999;0.451;0.457;0.8653608
0.456099;0.5897;0.329999;0.531199;0.89760685
0.5159;0.4743;0.1178;0.0;1.8545297
0.0;0.2319;0.362099;0.8459;1.7310826
0.7892;1.0;0.8973;0.540999;0.43556362
0.5944;0.0;0.5144;0.5962;0.4543689
0.596599;0.416;0.6644;0.4468;0.2702561
0.511;0.518999;0.576;0.561;0.14530092
0.5092;0.525199;0.297999;0.400799;0.5978313
0.396799;0.479799;0.489;0.5962;0.5380896
0.610999;0.543;0.376999;0.181999;0.90784097
0.184;0.369999;0.414999;0.725999;0.92727804
0.722999;0.592999;0.644;0.365;0.53697497
0.305;0.347;0.506999;0.551;0.6347683
0.628;0.532;0.581;0.546999;0.31917363
0.448;0.6569;0.426599;0.59;0.3061977
0.671999;0.5747;0.5394;0.558999;0.07482436
0.542999;0.650299;0.629;0.628;-0.21728009
0.55;0.9278;0.64;1.0;-0.85795844
1.0;0.740299;0.905999;0.701;-1.4750096
0.702999;0.451;0.835999;0.504999;-1.4779063
0.454;0.518;0.555999;0.532;-1.0138484
0.5467;0.558;0.4222;0.454999;-0.49968088
0.4883;0.664999;0.5398;0.646;-0.51195943
0.68;0.6919;0.661;0.584;-0.7240685
0.634;0.416099;0.4613;0.429199;-0.30838573
0.302999;0.467;0.398699;0.3978;0.29587418
0.451999;0.231999;0.533999;0.478;0.4648891
0.493;0.580999;0.509999;0.524999;0.37467748
0.512999;0.704;0.509999;0.759;0.032117635
0.771;0.6368;0.658;0.6036;-0.3817531
0.558;0.583199;0.594999;0.4444;-0.29163086
0.464;0.394;0.442;0.445999;0.11943251
0.504999;0.404999;0.534;0.463999;0.25304228
0.363;0.442;0.489999;0.530999;0.4068163
0.576;0.5901;0.466;0.562;0.30275255
0.569;0.567899;0.57;0.476999;0.20833284
0.464999;0.532;0.448999;0.463;0.37321717
0.475;0.543999;0.4038;0.515999;0.4730907
0.552;0.495;0.611199;0.472;0.29711992
0.427;0.375;0.542;0.497999;0.38276583
0.51;0.573;0.484999;0.6355;0.2409485
0.631999;0.778999;0.631;0.7285;-0.2840551
0.731999;0.5213;0.6499;0.6383;-0.56332076
0.658999;0.533699;0.494099;0.292699;-0.15026063
0.286999;0.372;0.4471;0.557;0.2256003
0.527999;0.487;0.551899;0.516999;0.18465191
0.520099;0.619;0.445999;0.457;0.30592948
0.4449;0.606999;0.192;0.731999;0.46065122
0.789;0.496699;0.953;0.399999;-0.20822614
0.369;0.3613;0.259999;0.214;0.7990566
0.198;0.264;0.425;0.488;1.1446323
0.488999;0.430999;0.625299;0.506999;0.79071194
0.399;0.541;0.4281;0.543999;0.77420145
0.652;0.624499;0.5189;0.586;0.38931042
0.613999;0.4952;0.502699;0.385999;0.43509275
0.355;0.517299;0.404;0.312;0.8570102
0.350999;0.314999;0.378;0.481999;1.0954764
0.445;0.518999;0.576;0.681999;0.62880784
0.4938;0.4937;0.506999;0.448;0.60382754
0.685199;0.487499;0.366;0.291;0.8244541
0.254;0.264299;0.28;0.363;1.4536408
0.373999;0.4355;0.418999;0.321999;1.5338687
0.297;0.354999;0.239;0.232;2.0560946
0.217999;0.195;0.494;0.601999;1.7966357
0.586;0.752;0.394999;0.3415;1.4282671
0.373999;0.233999;0.445999;0.415499;1.4819351
0.417999;0.575;0.395;0.346;1.4348475
0.4404;0.308;0.314;0.454;1.5217034
0.358599;0.508299;0.627;0.775799;0.83378226
0.775;0.4567;0.742999;0.458199;0.26995212
0.584799;0.683;0.308;0.378;0.55001646
0.2622;0.327999;0.497;0.541;0.7161823
0.532;0.8383;0.599;0.936;-0.06769031
0.93;0.721699;0.893;0.670299;-0.8645805
0.677999;0.802;0.5212;0.6017;-0.85071945
0.643;0.269999;0.811799;0.558999;-0.9490105
0.3729;0.684;0.3631;0.596;-0.48385584
0.7391;0.4812;0.568899;0.250999;-0.1850757
0.274999;0.4358;0.3318;0.667;0.21890074
0.657;0.5931;0.7132;0.561;-0.19472569
0.512999;0.504099;0.472999;0.317999;0.20214587
0.347999;0.2088;0.513999;0.511;0.48414737
0.5221;0.75;0.508;0.651;0.18981963
0.679899;0.656999;0.586999;0.689999;-0.21957487
0.661;0.582;0.404;0.235999;0.24263531
0.231999;0.1474;0.359;0.319;1.0622289
0.312;0.549599;0.509;0.710599;0.7619706
0.709999;0.4208;0.643;0.482399;0.36946207
0.536;0.638199;0.611999;0.5611;0.09843376
0.512;0.4507;0.256;0.301899;0.7693377
0.355;0.616299;0.302;0.26;1.2464311
0.225999;0.318;0.4444;0.732999;1.0898318
0.728999;0.436599;0.778599;0.5277;0.3736046
0.491;0.483399;0.508;0.498299;0.38077503
0.511;0.415;0.599;0.497;0.30555993
0.505099;0.648899;0.409999;0.592999;0.2806452
0.590899;0.5891;0.585;0.45;0.16524464
0.448999;0.445999;0.503;0.602999;0.17887026
0.605;0.540999;0.527999;0.524;0.09899405
0.522999;0.594999;0.5037;0.597;0.025149852
0.596;0.489;0.645299;0.533999;-0.13876885
0.536;0.634999;0.551;0.565;-0.18687576
0.552;0.7636;0.608999;0.629999;-0.42856658
0.644999;0.445899;0.274;0.325;0.2528873
0.320999;0.407299;0.308;0.100999;1.2019124
0.101;0.0842;0.372;0.677999;1.4419762
0.686;0.496;0.701;0.496;0.7399109
0.491999;0.603999;0.42;0.512;0.6732908
0.508;0.524999;0.504199;0.636;0.42160422
0.635999;0.612;0.5226;0.431999;0.32051474
0.434;0.368;0.067199;0.258;1.3227311
0.565999;0.631999;0.9328;0.741999;0.18887192
0.434;0.368;0.067199;0.258;1.2435522
0.224999;0.483999;0.700199;0.570999;0.8667615
0.603999;0.384;0.7288;0.538;0.35965115
0.5058;0.813;0.535599;0.849999;-0.12753338
0.9052;0.71;0.726399;0.669;-0.70022666
0.657;0.522199;0.621;0.408;-0.5392345
0.397999;0.5198;0.4905;0.409999;-0.09833306
0.408999;0.296799;0.459499;0.445999;0.3285733
0.444;0.397199;0.427999;0.545;0.49955517
0.536;0.579;0.582;0.484999;0.31808883
0.519999;0.8667;0.538;0.832999;-0.18348426
0.808;0.5743;0.690999;0.371;-0.327793
0.374;0.531999;0.198999;0.77;0.053694516
0.780999;0.494;0.95;0.411;-0.4803034
0.394;0.378;0.521999;0.559999;-0.18111795
0.520099;0.728;0.5468;0.606;-0.27531713
0.648899;0.616999;0.612199;0.677999;-0.5315336
0.689999;0.8345;0.648;0.8621;-0.99603856
0.85;0.5805;0.8761;0.5409;-1.3110402
0.552;0.564;0.144599;0.425899;-0.2930256
0.423;0.315999;0.8903;0.500099;-0.49116933
0.485999;0.5991;0.390999;0.463999;-0.052407682
0.465;0.6349;0.545999;0.733;-0.24589628
0.698999;0.469;0.454999;0.378999;0.027468473
0.41;0.417999;0.4475;0.475;0.33534437
0.484999;0.457999;0.417099;0.2244;0.8029309
0.216;0.34;0.5354;0.521599;0.9089556
0.704999;0.527999;0.480999;0.666999;0.4684356
0.497;0.631499;0.544;0.511;0.34234196
0.504999;0.5739;0.562999;0.524999;0.1982835
0.542;0.5765;0.564;0.655999;-0.027677715
0.639;0.4906;0.569;0.405;0.014832288
0.405;0.517499;0.512999;0.545;0.12505323
0.562999;0.397999;0.585999;0.548;0.059041053
0.49;0.701;0.525;0.609;-0.053087175
0.648;0.519;0.561999;0.613;-0.20574659
0.613999;0.522999;0.286;0.263999;0.43757826
0.264;0.288;0.390999;0.387;0.9734001
0.387999;0.509999;0.4087;0.5441;0.9318855
0.565999;0.394999;0.798299;0.4939;0.38876802
0.4788;0.595;0.097;0.18;1.2795296
0.172199;0.234499;0.375;0.385999;1.6856877
0.372999;0.483899;0.43;0.565;1.3930229
0.501;0.3646;0.626999;0.546999;0.9108033
0.623999;0.911;0.58;0.5242;0.37471324
0.53;0.109999;0.550999;0.4838;0.48495203
0.494;1.0;0.503;1.0;-0.18739432
0.997;0.520499;0.803;0.309999;-0.4682454
0.311;0.4061;0.549999;0.5887;-0.20048946
0.600999;0.5152;0.422;0.506299;0.010081798
0.491;0.4587;0.455999;0.4714;0.24650365
0.474;0.369;0.5947;0.4656;0.28158695
0.431599;0.719999;0.360299;0.634999;0.31253964
0.6644;0.530999;0.5904;0.371;0.22816926
0.381;0.38;0.396599;0.4418;0.61903864
0.347;0.443999;0.494;0.575199;0.6170717
0.661;0.572;0.625;0.387;0.37136346
0.444;0.390999;0.544;0.566;0.34192473
0.528999;0.42;0.538999;0.518999;0.31896502
0.508;0.905;0.506;0.881999;-0.18006891
0.873999;0.601999;0.729;0.536;-0.5719336
0.552;0.478;0.477999;0.402;-0.17254084
0.386;0.472;0.5503;0.555;-0.03160566
0.527999;0.536999;0.5287;0.4696;0.052162677
0.4932;0.392;0.5396;0.5274;0.1519528
0.525799;0.852999;0.4354;0.831;-0.19174546
0.831;0.685;0.819099;0.698;-0.84244335
0.707;0.578;0.6459;0.463999;-0.78313076
0.467999;1.0;0.555999;1.0;-1.1494818
1.0;1.0;1.0;0.9437;-2.008021
0.942;0.345999;1.0;0.458;-2.0463202
0.609499;1.0;0.390999;0.708999;-1.6649101
0.5715;0.378899;0.510999;0.552;-1.1589589
0.695999;1.0;0.492;1.0;-1.4335098
0.966;0.545999;0.592999;0.0;-0.7292839
0.0;0.166;0.547;0.6301;-0.13599128
0.611;0.039999;0.665999;0.435899;0.030102998
0.433999;1.0;0.481;1.0;-0.42620027
1.0;0.599999;0.415399;0.0;0.17500788
0.0;0.0;0.0471;0.441699;1.5826908
0.397999;0.509;0.587499;0.468299;1.2009587
0.493;0.4936;0.55;0.686999;0.68923503
0.692;0.5334;0.885999;0.59;-0.0955078
0.475;0.431999;0.517;0.421999;0.19338399
0.539;0.661999;0.357999;0.509;0.34706265
0.521999;0.583;0.658;0.494;0.1134184
0.481;0.356999;0.3342;0.471;0.5707589
0.469999;1.0;0.611699;1.0;-0.22529691
1.0;0.701999;1.0;0.5628;-1.0458412
0.573999;0.258;0.6971;0.459199;-0.7724377
0.458999;0.351999;0.518899;0.515;-0.3490659
0.527;0.772;0.4482;0.6844;-0.3371271
0.664999;0.976999;0.6698;1.0;-1.0408612
1.0;1.0;1.0;0.901;-1.8823149
0.878;0.532999;0.667399;0.411999;-1.567224
0.391999;0.338;0.327;0.184699;-0.24834603
0.219999;0.183;0.537599;0.593299;0.10696915
0.471;0.454;0.527;0.474;0.2460447
0.582;0.611;0.3297;0.370699;0.5587545
0.385999;0.650999;0.6083;0.8553;0.04538563
0.852;0.881;0.815999;0.705999;-0.7408651
0.720999;0.596;0.6927;0.657;-0.9733143
0.615;0.888999;0.560299;0.791799;-1.1395397
0.814999;0.405999;0.899;0.5532;-1.3880613
0.295;0.149;0.359999;0.250999;-0.0893864
0.582999;1.0;0.5548;1.0;-0.65178
1.0;0.0;0.4038;0.0;0.43643385
0.0;0.0;0.3523;0.472999;1.314607
0.424999;1.0;0.5972;1.0;0.32056838
1.0;0.861999;1.0;0.8261;-0.8687111
0.957;0.461;0.879;0.6199;-1.2657287
0.482999;0.495999;0.519999;0.321999;-0.5734178
0.349;0.609;0.477;0.56;-0.2577576
0.570999;0.454999;0.451999;0.555999;-0.07120103
0.555;0.664;0.628;0.747;-0.41646087
0.746;0.636;0.692;0.515;-0.6198617
0.501999;0.673999;0.494;0.558;-0.44246042
0.594;0.275999;0.497;0.521999;-0.14686912
0.628;0.661999;0.308;0.1612;0.51229864
0.051;0.386;0.375;0.4448;1.1200871
0.467999;0.087;0.063499;0.03;2.3428707
0.0;0.223999;0.1967;0.665799;2.4972525
0.657;0.573;0.8447;0.3162;1.3990906
0.35;0.189;0.5131;0.524999;1.3161508
0.491399;0.610999;0.198999;0.422;1.4129368
0.419599;0.376;0.0;0.0;2.474996
0.0;0.0;0.294999;0.466899;2.817377
0.463999;0.496;0.59;0.417;1.975402
0.442;0.941;0.478;0.731;1.0799017
0.7821;0.214999;0.795999;0.491;0.41772395
0.2589;0.277;0.356;0.391999;1.0320809
0.7633;0.7223;0.0;0.0;1.7348198
0.0;0.0;0.381;0.628;2.0080833
0.619999;0.852;0.637999;0.905999;0.72641045
0.857999;0.646999;0.793599;0.5373;-0.059375465
0.600999;0.315999;0.1544;0.056199;1.1104848
0.029;0.06;0.583999;0.5375;1.3410774
0.506999;1.0;0.359;0.9788;0.5403009
1.0;0.7691;1.0;0.8312;-0.73063695
0.891999;0.5349;0.819;0.513999;-1.0130855
0.444;0.536999;0.5604;0.638;-0.8021804
0.634999;0.733999;0.723699;0.597999;-0.9890201
0.605;0.461;0.5489;0.661;-0.851998
0.454;0.295999;0.545;0.298999;-0.19486874
0.372699;0.945999;0.369099;0.719;-0.17757744
0.8353;0.694;0.8029;0.909099;-0.99819326
0.963999;0.608999;0.5921;0.236899;-0.68379366
0.152999;0.222;0.0;0.0;1.3435749
0.0;0.0;0.460999;0.6244;1.6307083
0.631999;0.460099;0.707;0.452599;0.9434905
0.5054;0.641;0.489;0.586;0.6496933
0.582999;0.597999;0.57;0.598999;0.30350953
0.579599;0.53;0.544999;0.526;0.17859012
0.493;0.536999;0.5516;0.604299;0.05052951
0.655;0.934999;0.6544;0.9397;-0.66027963
0.906999;0.431;0.868;0.468;-0.9418043
0.441;0.433999;0.537999;0.476999;-0.5022975
0.548999;0.777;0.274999;0.2942;0.12665659
0.259999;0.168999;0.062;0.134799;1.6232101
0.091;0.301;0.484999;0.671599;1.5085725
0.713999;0.444;0.677;0.479399;0.822058
0.477;0.797999;0.424999;0.853;0.31309992
0.853999;0.501;0.875999;0.451;-0.2784106
0.447299;0.467999;0.382;0.363999;0.29200584
0.5107;0.469999;0.425599;0.376;0.559279
0.126;0.29;0.0;0.0;2.2209373
0.0;0.020999;0.362;0.362;2.6671615
0.48;0.181;0.42;0.448999;2.220097
0.379999;0.253;0.573;0.471;1.7760185
0.453;0.439;0.506;0.5;1.383355
0.518999;0.699999;0.226999;0.250999;1.5553442
0.302;0.143;0.0007;0.087499;2.709582
0.006999;0.0624;0.298999;0.3785;3.023776
0.382;0.486699;0.354799;0.5073;2.354082
0.527999;0.484899;0.6852;0.465699;1.4649776
0.488;0.351;0.5313;0.526;1.1177387
0.442;0.439999;0.546999;0.428999;0.97203517
0.525199;0.668999;0.218;0.312;1.2539175
0.305599;0.328;0.451;0.427;1.3462332
0.3982;0.319;0.149899;0.113999;2.1390228
0.140999;0.210999;0.3536;0.466999;2.2380676
0.404;0.284999;0.1745;0.047;2.74789
0.140999;0.178;0.491;0.568999;2.3686438
0.481999;0.406999;0.556;0.472;1.7079858
0.480699;0.691;0.362499;0.673;1.1806395
0.6743;1.0;0.7805;0.728;0.09206799
0.811999;0.413699;0.710999;0.580999;-0.33145273
0.552;0.6983;0.6038;0.6946;-0.54842556
0.685;0.854999;0.6852;0.9024;-1.0979416
0.878;0.445;0.894999;0.515999;-1.3466986
0.543999;0.515999;0.613999;0.542999;-1.0601553
0.4479;0.545;0.269;0.4119;-0.20675987
0.441099;0.669;0.518999;0.7021;-0.30750954
0.81;0.668999;0.637999;0.330799;-0.3583225
0.260999;0.146;0.0;0.3482;1.1050072
0.319;0.314999;0.4509;0.043999;1.7047373
0.052999;0.0;0.416599;0.499;2.0380526
0.508;0.497;0.63;0.503999;1.33346
0.475;0.6146;0.1616;0.216999;1.7454473
0.241;0.2684;0.299399;0.3676;2.0412235
0.359999;0.325799;0.469;0.445399;1.798257
0.484;0.5022;0.493299;0.616;1.2324777
0.644199;0.627;0.5897;0.444;0.75102717
0.408799;0.308999;0.478999;0.524999;0.8024302
0.475;0.441;0.474;0.454;0.7986751
0.504599;1.0;0.567999;0.980999;-0.035378635
0.9634;0.731999;0.951999;0.667;-0.91770613
0.677;0.42;0.228;0.069;0.2752033
0.051999;0.222999;0.4222;0.524;0.86517006
0.5575;0.527;0.534799;0.605999;0.51134497
0.578499;0.413;0.616;0.531;0.28195053
0.48;0.454;0.614;0.454;0.24784476
0.497699;0.604999;0.035999;0.048999;1.4031378
0.0593;0.161999;0.0;0.116999;2.7686086
0.112;0.124;0.6526;0.499;2.3258414
0.497;0.384999;0.3297;0.320999;2.1358757
0.298999;0.4345;0.471299;0.695;1.5872208
0.731;0.5135;0.736399;0.521;0.71952015
0.494;0.478999;0.599;0.500999;0.5070713
0.501799;1.0;0.4189;0.966;-0.0652346
0.9912;0.902;1.0;0.942;-1.230112
0.923999;0.486999;0.726999;0.368;-1.1106076
0.353999;0.3879;0.359999;0.318999;-0.12882084
0.342999;0.502099;0.443;0.621;0.095513135
0.631;0.369;0.585999;0.515999;0.026467115
0.4915;0.743;0.473999;0.599;-0.03875822
0.597499;0.429;0.423999;0.221999;0.47609478
0.231999;0.171999;0.227;0.177;1.5899507
0.165;0.393999;0.296999;0.385999;1.936814
0.416999;0.542;0.6356;0.828;0.9965029
0.736;0.476999;0.7804;0.544999;0.26474267
0.573;0.455;0.573;0.455;0.2381888
0.5015;0.832999;0.3949;0.7421;0.044986278
0.767499;0.533;0.734899;0.422599;-0.2514872
0.399;0.362;0.3626;0.337299;0.46614677
0.347;1.0;0.497399;1.0;-0.1305911
1.0;0.534199;1.0;0.4281;-0.7963451
0.43;0.3498;0.589999;0.5139;-0.44794405
0.34;0.307;0.507;0.315;0.21875769
0.681599;0.841;0.5;0.690999;-0.14373392
0.5124;0.387999;0.095999;0.0;1.2492087
0.021;0.010999;0.329;0.367999;2.0280447
0.373;0.698;0.555;0.746;1.2045052
0.744999;0.507;0.707999;0.512;0.5082515
0.484999;0.402;0.547;0.532;0.43012768
0.5099;1.0;0.472999;1.0;-0.21559924
1.0;0.74;0.917;0.762999;-1.0881188
0.783;0.646999;0.477499;0.099;-0.40693605
0.156999;0.188699;0.3515;0.722999;0.16178757
0.658;0.7313;0.863999;0.632799;-0.5200418
0.658999;0.446999;0.747999;0.5402;-0.67075217
0.510899;0.570999;0.337;0.510999;-0.18080205
0.5881;0.6738;0.6079;0.731999;-0.4940065
0.687999;0.6817;0.726099;0.663;-0.8274945
0.661;0.750499;0.678;0.562999;-0.96478486
0.576999;0.692;0.603999;0.47;-0.809023
0.469;0.304;0.521999;0.523999;-0.41438067
0.474;0.234;0.535;0.47;-0.03096193
0.500799;0.753;0.081299;0.093999;0.9978738
0.116199;0.183;0.444199;0.812;0.9980049
0.771;0.64;0.6155;0.266999;0.6792751
0.259;0.250999;0.372;0.493;1.061907
0.552999;0.881999;0.491999;0.753;0.42311817
0.747;0.274;0.748;0.526;0.02346304
0.4639;0.4485;0.356999;0.302999;0.60370237
0.323099;0.457499;0.497999;0.457;0.72805554
0.487;0.447;0.496;0.505;0.6723073
0.443899;0.470999;0.216;0.154999;1.4241186
0.1991;0.505;0.449099;0.494;1.4008669
0.5;0.101999;0.5249;0.508;1.226547
0.372999;0.323;0.429;0.365;1.402959
0.504;0.611;0.408;0.442;1.1982765
0.512999;0.467999;0.458099;0.451999;1.0494318
0.372999;0.533;0.318899;0.609;1.0370817
0.632;1.0;0.701;1.0;-0.09896487
1.0;0.845;1.0;0.6959;-1.0828646
0.624;0.256999;0.724999;0.491899;-0.91772103
0.524099;1.0;0.6612;0.749;-1.1471065
0.8509;0.415999;0.777799;0.728;-1.4282825
0.658;0.494999;0.0;0.0;0.34472018
0.0;0.0;0.055599;0.018;2.223083
0.0;0.063;0.241;0.337;2.8221931
0.385999;0.146999;0.648;0.539;2.0396557
0.508;0.414999;0.564999;0.513999;1.4372078
0.505;0.846;0.453;0.501;0.99582934
0.528999;0.445;0.394999;0.716099;0.709745
0.6927;0.857999;0.768;0.6539;-0.10226697
0.6503;0.756;0.71;0.830399;-0.71741664
0.919999;0.953;0.798999;0.8986;-1.4266553
0.981;0.412999;0.971;0.588999;-1.7522099
0.398;0.398;0.64;0.483;-1.202357
0.561;1.0;0.384;1.0;-1.273829
1.0;1.0;1.0;0.471;-1.7376008
0.442399;0.118;0.353999;0.341999;-0.55738413
0.3476;0.316;0.447;0.7;-0.23899406
0.62;0.478299;0.485999;0.116999;0.35455495
0.234999;0.108699;0.462;0.512999;0.78813106
0.473099;0.929;0.56;0.91;0.06659296
0.928899;0.558999;0.788999;0.403999;-0.3590318
0.386;0.295999;0.0;0.0;1.4018503
0.0;0.0;0.466;0.741;1.541355
0.782;1.0;0.8;1.0;0.10260609
1.0;0.378;1.0;0.504;-0.62875473
0.521899;1.0;0.423999;0.879999;-0.7703873
0.8761;0.466999;0.6476;0.435;-0.72132075
0.442;0.521;0.464399;0.570999;-0.3741058
0.53;0.561;0.731;0.489;-0.46683872
0.588;0.503;0.540999;0.482999;-0.3016683
0.402;0.45;0.649;0.695;-0.38457835
0.4823;0.603999;0.462;0.493;-0.099554956
0.704699;0.808999;0.503;0.786;-0.46903813
0.77;0.932;0.811999;0.908999;-1.2361201
0.96;0.496;0.866;0.446999;-1.381311
0.393;0.593999;0.612;0.52;-1.0294142
0.564999;0.347;0.582;0.633;-0.8291724
0.558999;0.451;0.617999;0.452999;-0.5524012
0.5031;0.943;0.341999;0.931;-0.67977035
0.926899;0.916999;0.987;0.878;-1.5921805
0.922;0.902999;0.716;0.522999;-1.6340079
0.439;0.824;0.389;1.0;-1.5206251
1.0;0.583999;0.852999;0.125;-1.322225
0.190999;0.0;0.621;0.4565;-0.5413326
0.408999;1.0;0.442;1.0;-0.8228245
1.0;0.597999;0.686;0.0;-0.45270646
0.0;0.209;0.424999;0.776;0.07800129
0.807;0.964999;0.4662;0.893;-0.48606122
0.936999;0.859999;1.0;0.863;-1.4478447
0.771999;0.435;0.847;0.601999;-1.5769901
0.504;0.383;0.576999;0.383;-0.9281161
0.5726;1.0;0.362;1.0;-1.0545882
1.0;0.917;1.0;0.899;-1.9100609
0.888999;1.0;0.902999;0.976999;-2.4389956
1.0;0.899999;0.0;0.0;-0.81037605
0.0;0.0;0.704;1.0;-0.78901374
1.0;0.298999;1.0;0.6021;-1.2744548
0.4793;1.0;0.370899;1.0;-1.3069006
1.0;0.905;1.0;0.720499;-1.9450667
0.725;1.0;0.828;1.0;-2.359769
1.0;1.0;1.0;1.0;-2.9258404
1.0;1.0;0.966999;0.6871;-3.066242
0.0;0.0;0.033;0.312899;-0.80373013
1.0;1.0;0.966999;0.6871;-1.56194
0.789999;0.0;1.0;0.605899;-1.6984525
0.0;0.0;0.0;0.0;0.83437234
0.2064;1.0;1.0;1.0;-0.24767846
1.0;0.219999;0.4428;0.0;0.49560934
0.0;0.885999;0.0;1.0;0.71854264
1.0;1.0;1.0;1.0;-0.7245275
1.0;0.197;1.0;0.498999;-1.1424901
0.414999;0.530999;0.447;0.545;-0.6070527
0.622;0.753999;0.0;0.0;0.7529107
0.0;0.0;0.063;0.586099;1.8237022
0.528999;0.663;0.736499;0.382899;1.063874
0.502;0.286;0.0;0.0;2.270475
0.0;0.0;0.0;0.0;3.6299791
0.0;0.0;0.831;0.715;2.655926
0.0;0.0;0.0;0.0;3.8201418
1.0;1.0;0.645;1.0;1.5613166
1.0;1.0;1.0;1.0;-0.15840858
1.0;1.0;1.0;1.0;-1.3249757
1.0;1.0;1.0;1.0;-2.1455052
1.0;0.378999;1.0;0.318999;-2.0235095
0.762999;1.0;0.937;1.0;-2.4661722
1.0;0.606999;0.338;1.0;-2.1388533
1.0;1.0;1.0;0.0;-1.9410791
0.0;0.445999;0.0;1.0;-0.8029076
1.0;0.084;0.9324;0.0;-0.47570193
0.0;0.0;0.757;0.890999;-0.37185872
0.792;0.499;0.802999;0.49;-0.6341132
0.514;1.0;0.079999;1.0;-0.46541417
1.0;1.0;1.0;1.0;-1.5484664
1.0;1.0;1.0;1.0;-2.3132417
1.0;1.0;1.0;1.0;-2.8485181
1.0;1.0;1.0;1.0;-3.2285485
1.0;0.102999;1.0;0.545999;-2.938545
0.634;1.0;0.0;1.0;-2.09232
1.0;1.0;1.0;1.0;-2.7048292
1.0;0.0;1.0;0.0;-1.8804135
0.0;0.0;0.0;0.412999;0.19800335
0.637;0.0;0.5669;0.0;0.96761847
0.0;0.0;1.0;0.0;1.4198033
0.48;0.0;0.0;0.0;2.8007474
0.0;0.0;0.0;0.0;4.1224446
0.0;0.0;0.812999;0.0;3.8428988
0.0;0.0;0.0;0.0;4.6861496
0.0;1.0;0.542699;1.0;3.0562248
1.0;0.0;1.0;1.0;0.9084966
1.0;0.494;1.0;0.494;-0.09417862
0.495;1.0;0.235999;1.0;-0.21905035
1.0;1.0;1.0;0.0;-0.6288024
0.0;0.976;1.0;1.0;-1.1536422
1.0;0.0;1.0;0.0;-0.8085998
0.503;1.0;0.0;0.4761;0.13128787
0.472999;0.0;1.0;0.507899;-0.23406476
0.103999;1.0;0.0;1.0;0.18527776
1.0;1.0;1.0;1.0;-1.1355522
1.0;0.0;1.0;0.0;-0.7489952
0.0;0.0;0.0;0.0;1.5891877
0.0;0.0;1.0;1.0;0.7562545
1.0;0.504999;1.0;0.540999;-0.24842948
0.181;0.192999;0.548;0.194;0.682303
0.340999;1.0;0.082999;1.0;0.5388525
1.0;1.0;1.0;1.0;-0.84122145
1.0;0.0;1.0;0.0;-0.5054089
0.0;0.0;0.0;0.909;0.68071157
0.0;0.0;0.838999;0.314999;0.99771285
0.616;0.0;1.0;0.655999;0.19586354
0.0;0.263999;0.0;0.403;1.6051201
1.0;1.0;0.0;0.608;1.1860278
0.716;0.756499;1.0;0.204999;0.32213598
0.236;1.0;0.569999;0.888999;-0.09823173
1.0;0.0;0.0;0.0;1.4015106
0.0;0.0;0.0;0.0;3.1251159
0.0;0.0;1.0;0.349;2.4792876
0.515;0.447;0.933999;0.784999;1.0254946
0.0;1.0;0.0;1.0;1.0137405
1.0;0.0;1.0;1.0;-0.3435048
1.0;0.851999;0.835999;0.0;-0.42964542
0.0;1.0;1.0;1.0;-1.0477903
1.0;1.0;1.0;0.741;-1.7597649
0.744;0.0;1.0;0.557999;-1.7749848
1.0;0.602;0.0;0.0;-0.114181936
0.0;0.0;0.0;0.0;2.0864873
0.0;1.0;0.0;1.0;1.8180517
1.0;0.573;1.0;0.0;0.8834985
0.0;0.0;0.183;0.2673;2.155706
0.0;0.0;0.741;0.3357;2.1750598
0.555999;0.548999;1.0;0.747999;0.749245
0.0;1.0;0.0;0.0;2.017006
0.0;0.026699;0.406999;0.0;2.8207269
0.0;0.0;0.0;0.475999;3.4310427
0.137;1.0;0.323;1.0;2.114585
1.0;0.8359;0.0;0.0;2.0913568
0.0;0.0;0.521;0.974;1.6564039
0.21;0.646;0.873999;0.718;0.6792274
1.0;0.8289;0.0;0.0;1.1857119
0.0;0.0;0.823999;0.6698;0.9286907
0.596;1.0;0.0;0.0;1.5004364
0.0;0.0;0.927;1.0;0.7013169
1.0;0.022999;0.2377;0.299999;1.1442211
0.518999;0.646;1.0;0.945999;-0.1405093
0.609;0.216;1.0;0.615;-0.65389
0.600699;1.0;0.0;1.0;-0.52674735
1.0;0.0;1.0;0.0;-0.2588722
0.0;0.1959;0.0;0.0;1.8282322
0.0;0.0;0.0;0.0;3.3677664
0.0;0.0;0.37;1.0;2.7425017
1.0;0.0;1.0;0.0;1.8448738
0.927999;0.893;0.402;0.411;1.1310961
0.013999;1.0;0.222999;1.0;0.9572711
1.0;0.0;1.0;0.0;0.66642433
0.0;0.772499;0.0;0.0;2.2335854
0.001999;0.0;0.0;0.0;3.6800947
0.0;0.0;0.0;0.0;4.5495477
0.0;0.0;1.0;0.006;3.782883
1.0;0.537999;1.0;1.0;1.2937752
0.0;1.0;0.0;0.451999;1.9362596
1.0;1.0;0.546;1.0;0.49667627
0.966999;0.6033;0.0;0.0;1.3761607
0.0;0.0;0.466;0.0;2.3538857
0.0;0.0;0.488999;0.3366;2.6474025
0.637;0.375999;1.0;0.854999;0.93286896
0.234999;0.331;0.0;0.268;2.0463552
0.872999;1.0;0.665;0.867;0.608578
0.933999;0.122;0.579999;0.105;0.83494455
0.0;0.0;0.0;0.0;2.7192082
0.0;1.0;0.0;0.405;2.8390672
0.066;0.0;0.786999;0.772999;2.015933
0.64;0.0;1.0;0.133;1.3911692
0.192999;0.520999;0.547999;0.847999;0.9417381
0.600999;0.959;0.057999;0.399999;1.1138465
0.917;0.369;0.0;0.0;1.9174842
0.0;0.0;0.181999;0.46;2.5828686
0.403999;0.0;0.0;0.0;3.4488227
0.0;0.6152;1.0;0.844999;1.9872097
1.0;0.369799;1.0;0.743;0.36855608
0.239999;0.3919;0.515;0.515999;0.6009546
0.582999;1.0;0.0;0.023299;1.3662485
0.0;0.0;0.223099;0.4427;2.1612554
0.632;0.865;0.1919;0.149;2.0042148
0.011999;0.0;0.049999;0.0;3.3382263
0.108;0.736499;0.0;1.0;2.5668647
1.0;0.3695;1.0;0.039;1.42754
0.341999;0.662999;0.780999;0.8772;0.4603234
0.796999;0.745;0.0;0.0;1.3426808
0.0;0.0;0.0;0.0;3.004196
0.0;0.0;0.0;0.0;4.0592637
0.0;0.0;0.0;0.0;4.7031074
0.0;0.0;0.0;1.0;3.9575782
1.0;0.401999;1.0;0.743;1.5947965
0.59;0.962;0.0;0.428;1.4746395
0.436999;0.564999;0.0;0.0;2.2756724
0.0;0.0;0.0;0.0;3.558376
0.0;0.0;0.0;0.0;4.342594
0.0;0.411;0.3064;1.0;3.129759
1.0;1.0;1.0;1.0;0.8397308
1.0;0.0;1.0;1.0;-0.46932423
0.698;1.0;0.425;0.431;-0.40780032
0.2255;1.0;0.0;1.0;-0.26557773
1.0;0.556999;1.0;0.896099;-1.2796375
0.851999;0.715;0.0;0.0;0.12150675
0.0;0.0;0.0;0.234;1.7904905
0.0;0.0;0.177999;0.795999;2.0513444
0.789999;0.0;1.0;0.448999;1.0113325
0.787999;0.787999;0.019899;0.6463;0.8849469
0.3267;1.0;0.0;1.0;0.5876389
1.0;1.0;1.0;0.0;-0.09563297
0.289999;0.579999;0.593;0.726;-0.2560708
0.59;1.0;0.701999;1.0;-0.9971323
1.0;0.8269;1.0;0.945;-1.8852506
0.444;0.039;1.0;0.438;-1.6454372
0.175999;0.474999;0.175999;0.2547;-0.15646547
0.859;0.974;0.0;0.590299;0.15594631
0.859;0.381;0.075899;0.0;1.2483802
0.0;0.091999;0.207;1.0;1.3943759
1.0;0.462;1.0;0.0;0.7245329
0.0;0.162999;0.0637;1.0;1.2426403
1.0;0.128999;1.0;0.442999;0.31479865
0.478;0.478;0.282;0.288;0.91884995
0.0;1.0;0.0;0.818799;1.1339571
1.0;0.336999;1.0;0.0;0.60022146
0.070999;0.0971;0.0;0.0741;2.339962
0.0;0.976999;0.909999;1.0;1.0815885
1.0;0.036999;1.0;0.070999;0.64686805
0.144999;0.060999;0.890799;0.494;0.5854514
0.390999;0.515999;0.268999;0.3836;1.121315
0.474;0.473;0.0;0.0;2.2690978
0.0;0.0;0.0;0.040299;3.6427882
0.332;0.3187;0.621499;0.6516;2.468535
0.384;0.515;0.6975;0.6841;1.4700798
0.631;0.707999;0.297999;0.115;1.5872446
0.05;0.0;0.69;0.552999;1.5214947
0.545999;0.398;0.394599;0.2916;1.5598205
0.358899;0.629999;0.0;0.513399;1.8361119
0.506099;0.866;1.0;0.7002;0.4964617
0.867;1.0;1.0;1.0;-0.8536937
1.0;1.0;1.0;1.0;-1.8082383
1.0;1.0;1.0;0.375299;-2.0373914
0.256999;0.0;0.802;0.792;-1.785517
0.57;0.298999;0.198;0.243;-0.34676516
0.081;1.0;0.347999;1.0;-0.41902387
1.0;1.0;0.9776;0.885999;-1.4808955
0.919;1.0;0.913399;1.0;-2.198017
1.0;1.0;1.0;1.0;-2.8011563
1.0;0.807;1.0;0.0;-2.4033012
0.0;0.0;0.7182;0.89;-1.9214334
0.694;0.266999;0.565999;0.125999;-0.8881184
0.714999;1.0;0.0;1.0;-0.6674262
0.637;1.0;0.866;0.0;-0.66018426
0.004;0.0;0.0;0.0;1.5436558
0.0;0.0;0.0;0.642699;2.3754745
0.646999;0.901;0.2192;1.0;1.2852875
0.597999;0.335999;1.0;0.414999;0.4584518
0.243;0.2515;0.228999;0.1139;1.552221
0.695399;1.0;0.1794;0.253799;1.4199821
0.287599;0.947;0.0;0.0;2.167037
0.0;0.0;0.0;0.7683;2.6281443
0.687;0.603999;1.0;0.489999;1.121166
0.413999;0.973999;0.0;1.0;0.7739094
1.0;0.243;1.0;0.601999;-0.23265213
0.401;0.679;0.468;0.73;-0.2909454
0.675999;0.610999;0.0;0.0;0.9748008
0.096;0.381;0.0;0.0;2.3768215
0.0;0.02;0.724;1.0;1.595172
1.0;1.0;0.918999;0.9677;-0.05981654
0.753999;0.4604;1.0;0.462499;-0.6479951
0.216;0.073;0.789999;0.731999;-0.59609735
0.725999;0.238;0.0;0.0;1.0506954
0.239;1.0;0.256999;1.0;0.5733755
1.0;0.615;0.99;0.0;0.08660224
0.0;0.0;1.0;0.635999;-0.031009614
0.573999;0.507799;0.213;0.2385;0.7686165
0.217999;0.505099;0.210999;1.0;0.7237044
1.0;0.43;1.0;0.556999;-0.27116865
0.616999;0.499;0.0;0.145;1.0008242
0.100999;1.0;0.060999;1.0;0.84807545
1.0;0.874;1.0;0.0;0.13490587
0.129999;0.988;0.552;1.0;-0.3225478
1.0;0.517;1.0;0.0;-0.50598705
0.006;0.303999;0.429;0.2496;0.60545474
0.153999;0.0;1.0;0.585;0.2899316
0.686;0.547999;0.444;0.530999;0.29223233
0.254;0.898;0.0;0.0;1.5774158
0.061999;0.057999;0.32;0.4701;2.0529895
0.282;0.152999;0.0;0.694899;2.3132887
0.678999;0.405;0.986999;0.146;1.3449816
0.179;0.625999;0.655;0.289;1.2884346
0.0;0.0;0.323;0.487;1.9273309
0.835;0.523;0.6976;0.442599;1.0119464
0.487;0.878999;0.4106;0.506999;0.7718232
0.411999;0.736;0.0;1.0;0.7224646
1.0;1.0;1.0;0.5095;-0.43124282
0.911999;1.0;0.6385;1.0;-1.1636975
1.0;1.0;1.0;1.0;-2.0351264
1.0;0.359999;1.0;0.580999;-2.2261653
0.426999;0.463999;0.318999;0.314999;-0.96449876
0.369;1.0;0.329;1.0;-1.0261717
1.0;1.0;1.0;0.7538;-1.7999682
0.81;0.087;0.0;0.0;0.23976833
0.0;0.0;0.2404;1.0;0.67950755
1.0;1.0;1.0;1.0;-0.7578882
1.0;0.492999;1.0;0.499;-1.2599411
0.084999;0.396;1.0;1.0;-1.6000094
0.813;1.0;0.0;1.0;-1.2683245
1.0;1.0;1.0;0.0;-1.3560417
0.0;0.0;0.0;0.941399;-0.12670487
1.0;1.0;1.0;1.0;-1.3161006
0.820999;1.0;1.0;0.881799;-2.049786
0.874;0.0;1.0;0.527;-1.9673083
0.363;0.472999;0.363;0.3996;-0.9107264
0.602999;1.0;0.0;0.0;0.4088667
0.0;0.76;0.406799;1.0;0.21803051
1.0;1.0;1.0;1.0;-1.121706
1.0;0.804999;1.0;0.748399;-1.8305721
0.576;0.313;1.0;0.4285;-1.7547522
0.466999;0.012;0.5712;0.135;-0.5531999
0.194999;1.0;0.537999;1.0;-0.80609643
1.0;0.815999;0.376;0.402999;-0.5336853
0.277;0.568;0.894999;0.4298;-0.6184491
0.671999;1.0;0.657;1.0;-1.2244316
1.0;1.0;1.0;1.0;-2.0616593
1.0;1.0;1.0;1.0;-2.6611004
1.0;0.353999;1.0;0.397999;-2.498621
0.024999;0.441;0.225999;0.602;-1.15366
1.0;1.0;0.581;1.0;-1.5910687
1.0;0.0;0.358;0.0;-0.13296932
0.0;0.0;0.158;0.0;1.7240313
0.0;0.0;0.0;0.0;3.2911208
0.0;0.0;0.0;0.0;4.2871323
0.0;0.0;0.962999;0.129999;3.5686162
0.2;1.0;0.609;1.0;2.0389824
1.0;1.0;0.0;0.0;1.9898204
0.0;0.360999;0.0;1.0;2.0419803
1.0;1.0;1.0;0.8413;0.21780998
0.689;0.536;0.0;0.0;1.3582913
0.0;0.1841;1.0;1.0;0.44632226
1.0;0.545299;1.0;0.482799;-0.438455
0.364199;0.5267;0.0;0.5979;0.44602424
0.0;1.0;0.686;1.0;-0.22269815
1.0;0.239;0.829999;0.0;-0.025669038
0.0;0.0;0.000599;1.0;0.802007
1.0;1.0;1.0;0.0546;0.039943725
0.091999;0.382;0.486999;1.0;-0.05070299
1.0;0.330999;1.0;0.422;-0.6291541
0.227;0.337;0.337999;0.411999;0.26135713
0.585;0.960999;0.0;0.207999;0.97288156
0.449999;0.936;0.0;0.0;1.7841426
0.0;0.0;0.0;0.0;3.2653775
0.0;0.004;0.625;1.0;2.3754268
1.0;1.0;1.0;0.664999;0.5746451
1.0;0.799;1.0;0.552999;-0.48435652
0.0;0.0;0.0;0.376;1.2747731
0.619999;1.0;0.0;0.0;1.8052725
0.0;0.0;0.097999;0.09;3.0485477
0.057;0.764;0.13;1.0;2.2624817
1.0;0.463999;1.0;0.676999;0.6081608
0.203999;0.0;0.0;0.0;2.3275166
0.0;0.0;1.0;0.478;1.7520336
0.605999;0.616;0.0;0.473999;1.7924575
0.376;1.0;0.416999;1.0;0.7755783
1.0;1.0;1.0;0.3119;-0.23635358
0.599999;0.147999;0.0;0.0;1.3680962
0.0;0.3232;0.0;1.0;1.6516713
1.0;1.0;1.0;0.0;0.6052938
1.0;0.0;1.0;0.549899;-0.27599066
0.31;0.195499;0.546;0.5002;0.23663908
0.587999;0.772999;0.0;0.0;1.4204351
0.0;0.0;0.0;0.0;3.144684
0.0;0.0;0.0;0.0;4.237386
0.0;0.0;0.165599;0.0;4.661432
0.0;0.0;0.3114;0.7102;3.9194074
0.713;0.274;1.0;1.0;1.6024259
0.468099;1.0;0.315199;0.0;1.6801206
0.2188;0.0;0.4485;1.0;1.258358
1.0;1.0;1.0;1.0;-0.35414422
1.0;0.397199;0.233599;0.787899;-0.30040467
0.634;0.9201;0.1967;0.0;0.534102
0.0;0.0;0.0;0.563299;1.7295567
0.514799;0.0;0.808;0.384;1.2486901
0.428;0.777;0.5365;0.7128;0.6330517
0.804199;1.0;0.245199;1.0;0.011619598
1.0;0.768999;1.0;0.317999;-0.6912323
0.408;1.0;0.8147;1.0;-1.3491037
1.0;1.0;0.0;0.0;-0.12571543
0.0;0.0;0.0;0.0;1.9179133
0.0;0.0;0.963099;0.554899;1.4273134
0.4452;0.439;0.3119;0.308199;1.6145078
0.499799;1.0;0.0;1.0;1.0568407
1.0;1.0;1.0;1.0;-0.5124959
1.0;1.0;0.375299;0.0;-0.09432167
0.0;0.0;0.302599;1.0;0.33048064
1.0;0.741;1.0;0.5382;-0.6070348
0.253;0.0;0.7377;0.165899;0.12845665
0.775999;1.0;0.9183;0.898;-0.87185824
1.0;0.522;0.0;0.0852;0.43070585
0.0;0.0;0.0;0.0;2.4270978
0.0;0.0;0.0;0.54;3.0972269
0.673;0.768;1.0;1.0;1.0482874
0.927;0.922999;0.0;0.744999;0.7393089
0.738999;0.241;1.0;0.465;-0.03260106
0.261;0.759;0.0;0.534999;0.7357922
0.738999;0.241;1.0;0.465;-0.028160512
0.632;0.632;0.0;0.0;1.2318041
0.0;0.948999;0.955999;1.0;0.23458868
1.0;0.158;0.534;0.194;0.46713024
0.095;1.0;0.519999;1.0;0.040295392
1.0;1.0;1.0;1.0;-1.21865
1.0;0.671999;0.968999;0.192;-1.3553741
0.222999;0.218;1.0;0.738;-1.4633241
0.399;0.247;0.0;0.0;0.63195497
0.0;1.0;0.0;0.0;1.9207624
0.0;0.0;0.0;0.132999;3.2207038
0.106999;0.015;0.5922;0.033;3.258827
0.058999;0.9981;0.0;0.802;2.633145
0.802;0.0;1.0;0.143999;1.6836134
0.143999;0.0;0.657299;0.387;1.7649499
0.768;0.709999;0.4587;0.371;1.2277808
1.0;1.0;0.209999;1.0;0.40331155
0.069;1.0;1.0;0.218999;0.1670447
0.218999;0.0;0.190999;0.402;1.2103763
0.402;0.483;0.803;0.801;0.37543446
0.813;0.939999;0.661;0.954999;-0.5034181
0.942999;0.554699;0.744999;0.0;-0.3003391
0.656199;0.4873;0.713;1.0;-0.8897426
0.5998;0.765999;0.0;0.052499;0.52906543
0.007;0.665;0.924999;1.0;-0.2456519
1.0;1.0;1.0;1.0;-1.4056655
1.0;1.0;0.3888;1.0;-1.5896235
1.0;0.754;1.0;0.567;-2.0026686
0.476999;0.523999;1.0;1.0;-2.4579468
0.632;0.0;0.0;0.0;-0.099662244
0.0;1.0;0.329999;1.0;-0.19729465
1.0;1.0;1.0;0.876;-1.3545188
0.811;0.974999;0.909999;0.909;-2.0314338
0.790999;1.0;0.362;0.0;-1.0682913
0.0;0.911999;0.558999;1.0;-1.215485
1.0;0.442;1.0;0.0;-1.0743799
0.0;0.973999;0.429;0.441;-0.46918714
1.0;0.96;0.0;1.0;-0.46838844
0.111999;1.0;0.873;0.0;-0.2742085
0.0;0.0;0.783999;1.0;-0.5384716
0.877;0.5802;0.0;0.613;0.043370992
0.991;0.7958;1.0;0.71;-0.98910654
0.481999;0.0;0.6105;0.215999;-0.16363591
0.102499;0.010599;0.6735;0.4628;0.33356816
0.576999;1.0;0.186299;1.0;-0.012496412
1.0;1.0;0.9057;0.681999;-0.93908036
0.652;0.0;0.0;0.0;0.99100137
0.0;0.012;0.0;1.0;1.5352336
1.0;0.644999;1.0;0.964999;-0.095174015
0.965999;0.335999;1.0;0.5;-0.71753585
0.1952;0.1952;0.0;0.0;1.3400224
0.0848;1.0;0.326999;1.0;0.8062807
1.0;1.0;1.0;0.332599;-0.20522207
0.204;0.689;0.31;1.0;-0.24346441
1.0;1.0;0.0;0.0;0.6314483
0.0;0.0;1.0;0.738;0.19257337
1.0;0.528;0.0;0.173;0.9931948
0.0;1.0;1.0;0.671;0.2412644
0.671;0.0;0.0;0.195999;1.4971641
0.241999;1.0;0.689;1.0;0.4343179
1.0;1.0;1.0;1.0;-0.9713503
1.0;0.747599;0.220999;0.416999;-0.49106205
0.412999;0.0;1.0;0.553;-0.70852363
1.0;1.0;1.0;1.0;-1.6811464
1.0;0.778999;0.0;0.706;-0.9588542
0.0;0.382;0.674999;1.0;-0.97815716
0.994;0.238999;0.906;0.680999;-1.3755622
0.727;1.0;1.0;0.0;-1.341215
0.0;1.0;0.595199;0.950999;-1.339555
1.0;0.0;1.0;1.0;-1.9709978
0.866999;0.644999;0.989699;0.644999;-2.1938298
0.432;1.0;0.0;1.0;-1.5064003
1.0;1.0;0.706;0.0;-1.1704924
0.0;1.0;1.0;1.0;-1.7199221
1.0;1.0;1.0;1.0;-2.4842026
1.0;0.0;0.0;0.0;-0.20879835
0.0;0.0;0.611399;0.674099;0.17286807
0.5146;1.0;0.5155;1.0;-0.43248856
1.0;1.0;0.0;1.0;-0.51234686
1.0;1.0;1.0;0.0;-0.8599671
0.0;0.0;0.119;0.238;0.8781579
0.329999;0.0;0.0;0.0;2.4453368
0.0;0.0;0.0;0.0;3.7255015
0.0;0.0;0.947299;0.506;2.8040555
0.064999;0.0;0.1507;0.513;3.0496683
1.0;1.0;0.75;1.0;0.99774265
1.0;1.0;1.0;1.0;-0.5179378
1.0;1.0;1.0;0.0;-0.8556577
0.0;0.0;0.0;1.0;0.27412444
1.0;1.0;1.0;0.76;-0.8438411
0.873999;0.243;1.0;0.685;-1.3916197
0.0;0.717999;0.415;0.799999;-0.86762035
1.0;1.0;0.0;1.0;-0.7836851
1.0;1.0;1.0;1.0;-1.8329027
1.0;0.3108;1.0;0.0;-1.4252367
0.0;1.0;0.920899;1.0;-1.782969
1.0;0.0;1.0;0.0;-1.2190672
0.0;0.0;0.968;0.722999;-1.059747
0.783;0.290999;0.403999;0.146;-0.077328384
0.022;1.0;0.0;0.0;1.4881102
0.0;0.0;0.0;1.0;1.9717125
1.0;0.075999;0.0;0.0;2.681115
0.0;0.0;0.560799;1.0;2.0184603
1.0;1.0;1.0;1.0;0.13150245
1.0;0.091;1.0;0.981999;-0.9601357
1.0;0.807999;1.0;0.719999;-1.614243
0.582999;1.0;0.0;0.0;-0.04556507
0.0;0.0;0.0;1.0;0.85420877
1.0;0.436;1.0;0.0;0.38862497
0.394;0.0;0.0554;0.0;2.0509152
0.0;0.0;0.0;1.0;2.3896246
1.0;0.3121;1.0;0.040999;1.3852266
0.5869;0.4111;0.0;0.987399;1.1867788
0.492099;0.225799;0.0;0.0;2.450272
0.0;0.0;0.0;0.0;3.7412968
0.0;0.0;0.0;0.660799;3.7649956
0.649;0.694;1.0;0.8079;1.5797464
0.822999;0.180999;0.212999;0.0;2.084383
0.0;0.0;0.622;1.0;1.569101
0.882;0.34;0.747;0.119999;1.103231
0.305999;0.305999;0.0;0.0;2.463284
0.0;1.0;0.754099;1.0;1.3105956
1.0;0.5407;0.0;0.0;1.863679
0.0;0.313199;0.0;1.0;1.9905714
1.0;0.1056;1.0;0.0;1.3106552
0.0;0.0;0.069;0.399;2.4478045
0.0;1.0;0.473199;1.0;1.4447776
1.0;1.0;0.7639;0.0;0.6998089
0.0;0.0;1.0;1.0;0.058713228
1.0;0.345999;0.444;0.0;0.6228772
0.0;0.0;0.0;0.1448;2.3665872
0.161199;0.0;0.0;0.0;3.5456147
0.254;0.093999;1.0;1.0;1.8221585
0.4427;1.0;0.363499;0.6901;1.1175241
0.663299;0.8862;0.0;0.0;1.6946522
0.052;0.0;0.0;0.0;3.134438
0.0;0.545;1.0;1.0;1.6524462
1.0;1.0;1.0;0.776799;0.009837419
0.673999;0.015;0.0;0.1799;1.3556865
0.215;0.0;1.0;0.2762;1.1280026
0.0;0.2202;0.201499;0.4726;1.8959252
0.7841;0.985799;0.0;0.9855;1.1115875
1.0;1.0;1.0;0.694499;-0.30937517
0.677999;0.5;0.240399;0.7379;-0.14157027
0.042;1.0;0.323;0.0;0.7946816
0.040999;1.0;0.397999;1.0;0.24794012
1.0;0.0;1.0;0.0;0.23310453
0.472999;0.5177;0.477099;0.487899;0.3078726
0.0;1.0;0.516599;1.0;-0.10221332
1.0;1.0;1.0;1.0;-1.3254555
1.0;0.442999;0.0;0.0;0.2468434
0.0;0.0;0.442999;0.8892;0.5071905
0.878;0.689999;0.0;0.0;1.3407973
0.0;0.0;0.9213;1.0;0.58675677
0.3086;0.552999;0.0;0.524699;1.1914637
1.0;0.548;1.0;0.0;0.51672727
0.0;0.495;0.0;0.0;2.128121
0.0;0.0;0.044999;0.5942;2.7461555
0.701;0.385;0.855;0.3947;1.5321223
0.161;0.879;0.524;0.374099;1.3453153
0.271;0.117899;0.495;1.0;0.8773592
1.0;1.0;1.0;1.0;-0.5985769
1.0;0.6534;0.309099;0.0;0.15566021
0.0;0.0;0.0;0.3348;1.7719177
0.366;0.441;0.0;0.0;2.6654031
0.0;0.0;0.0531;1.0;2.6187208
1.0;0.445999;1.0;0.0;1.5153078
0.0;0.0;0.4595;0.9483;1.4039544
0.010399;0.725999;1.0;1.0;0.31237274
1.0;0.869799;0.0634;0.516199;0.36304265
0.511;0.6297;0.3566;0.0;0.9573784
0.0;0.0;0.3411;0.3977;1.7169682
0.472;0.0;0.0;0.306199;2.4575024
0.325999;0.913499;0.662999;1.0;1.048955
1.0;1.0;1.0;1.0;-0.526497
0.0;0.0;0.0;0.0;1.5848008
0.659999;1.0;0.314999;1.0;0.568178
1.0;1.0;1.0;1.0;-0.8567574
1.0;1.0;0.350999;0.501899;-0.78505003
0.764;0.0;0.654;0.0;0.036188632
0.0;0.537199;0.418099;0.305899;0.8109835
0.301;0.0;0.0;0.471;1.8170027
0.951;1.0;0.3196;1.0;0.641599
0.530999;0.478999;0.905499;1.0;-0.4254433
1.0;0.837999;1.0;0.0;-0.7156404
0.0;0.0;0.0;0.0;1.5484182
0.0;0.0;0.0;0.0;3.1806555
0.0;0.902;0.4915;1.0;2.0273056
1.0;0.0;0.8147;0.3797;1.1378195
1.0;1.0;1.0;0.494;-0.09870261
0.033;0.0;0.0;0.085299;1.9251016
0.0;0.0;0.0;0.2782;3.1200376
0.215;1.0;0.9004;1.0;1.4304606
1.0;1.0;1.0;1.0;-0.25362104
0.853999;0.865899;0.0;0.658;0.04859832
1.0;0.4541;1.0;0.494999;-0.7247778
0.0;0.0;0.0;0.542;0.8504239
0.0;1.0;0.451;0.947299;0.31535894
1.0;0.0;0.087;0.0;1.553121
0.0;0.0;0.0;0.0;3.0802991
0.0;0.0;0.221;1.0;2.6549604
1.0;0.695;1.0;0.0;1.3863412
0.0;0.0;0.4629;0.7845;1.4538435
0.714399;0.817999;0.337599;0.518;0.96338654
0.5336;1.0;0.613;1.0;-0.047448575
1.0;1.0;0.915;1.0;-1.1823478
1.0;1.0;1.0;0.178899;-1.4858129
0.144999;0.0;0.0;0.664099;0.018593341
0.0;0.0;0.7402;0.0;0.9750035
1.0;1.0;1.0;1.0;-0.51679933
1.0;1.0;0.0;0.0;0.48122078
0.0;0.0;0.0;0.0;2.4233847
0.0;0.0;0.0;0.0;3.746846
0.0;0.0;0.3547;0.699;3.2951262
0.798;1.0;0.0;1.0;1.895341
1.0;0.5728;1.0;0.2299;0.7297483
0.158999;0.287999;0.0;0.0;2.2588162
0.0;1.0;0.0;1.0;1.7925826
1.0;0.527;1.0;0.391399;0.53069264
0.406999;0.186999;0.160299;0.1717;1.5378026
0.0584;0.747;0.3225;0.596;1.5031723
0.0;0.078999;0.210499;0.0;2.6997294
0.423999;0.0;0.668999;0.477999;2.0291834
0.576999;1.0;0.576999;1.0;0.7222381
1.0;0.222;0.0;0.0;1.723179
0.0;0.245599;0.0;0.0;3.1165924
0.0;0.0224;0.0;1.0;2.9626813
1.0;1.0;1.0;0.0;1.419398
0.0;0.375999;0.0;0.564499;2.1120634
0.296999;0.0;1.0;0.608999;1.2001481
0.7;0.441;0.016;0.0;2.0243554
0.912999;1.0;0.147999;0.933399;1.0058966
0.037;0.0;0.0;0.0;2.7214136
0.0;0.0;0.230399;0.370999;3.1020727
0.269;1.0;0.353999;0.566;2.14121
0.471999;0.0;0.0;0.2869;2.7200367
0.299;0.046;1.0;0.963099;1.2415078
0.899;0.494;0.882999;0.494;0.26665002
0.501999;1.0;0.191;0.670999;0.25353104
0.757;0.0;0.408;0.51;0.487974
0.379999;0.0;0.924999;0.578;0.15754968
0.81;0.456;0.0;0.552999;0.68247586
0.411;1.0;0.010399;0.0;1.5784291
0.0;0.0;0.4936;0.588;1.7645148
0.694;0.552999;1.0;0.564999;0.52489907
0.557;1.0;0.486;0.884999;-0.077972114
0.897999;0.405;0.279999;0.0;0.7791963
0.266;0.483;0.26;0.796199;0.84787875
0.524;0.439999;0.0;0.0;1.9898263
0.0;0.085999;0.616999;0.933999;1.488432
0.778;0.537999;1.0;0.940299;-0.019875467
0.0;0.7693;0.0;0.0;1.4864234
0.741;0.0357;0.835599;0.031;1.2879578
0.0;0.143;0.468;0.861;1.2890128
0.891999;0.649999;0.589999;0.811999;0.3150788
0.761;1.0;1.0;1.0;-0.9237232
0.979999;0.947;1.0;0.688;-1.6280177
0.986;0.238;0.813;0.546;-1.5949998
0.326999;0.513;0.525999;0.542;-0.9736481
0.631;1.0;0.209;1.0;-0.94533587
1.0;1.0;1.0;0.888999;-1.8204007
1.0;0.402999;1.0;1.0;-2.4206433
0.707999;1.0;0.888999;1.0;-2.7616832
1.0;1.0;1.0;0.237499;-2.6148472
0.006;0.0;0.306899;0.128399;-0.6448599
0.1508;0.497;0.4297;0.4984;0.012376577
0.973199;1.0;0.5574;1.0;-0.7511171
1.0;0.449999;1.0;0.677999;-1.3927015
0.299;0.299;0.210999;0.0;0.37313968
0.0;0.102099;0.0;0.0;2.3275166
0.155;0.0;0.0;0.0;3.5081353
0.0;0.0;0.684899;0.575;2.9206362
0.1253;1.0;0.4706;1.0;1.6991404
1.0;0.814999;0.0;0.0;1.9004074
0.0;0.0;0.576;0.900999;1.5146939
0.849;0.67;0.635999;1.0;0.22149354
1.0;0.665999;0.221;0.0;0.78912646
0.0;0.372;0.610999;1.0;0.42284995
1.0;0.5865;1.0;0.967799;-0.8663597
0.887299;0.5129;0.1251;0.0;0.3756371
0.0;0.242599;0.0;0.2682;1.8433241
0.400499;0.369;0.998199;0.791299;0.6013122
0.933;0.67;0.888;0.644;-0.35979474
0.645999;0.658999;0.431999;0.593999;-0.27496547
0.616;0.469999;0.706;0.647999;-0.53087795
0.486999;0.271;0.7822;0.511;-0.51901066
0.527;0.451;0.3726;0.3395;0.14312536
0.283799;1.0;0.4602;1.0;-0.2602908
1.0;0.748;1.0;0.153999;-0.7092627
0.214799;0.372;0.391;0.876999;-0.3774258
0.817999;0.575999;0.742999;0.5457;-0.6603154
0.575;0.427999;0.0;0.0;0.96575284
0.0;0.0;0.491;0.857199;1.0794666
0.39;0.1668;0.088999;0.0;2.311596
0.725999;1.0;0.109999;0.1655;2.0376353
0.0;0.459999;0.501;1.0;1.4546183
1.0;0.635999;1.0;0.631599;0.05607274
0.641999;1.0;0.66;1.0;-0.750533
1.0;0.498;0.385999;0.0;0.06030467
0.0;0.0;0.602999;0.611;0.5014923
0.308999;0.42;0.505;0.512999;0.61590344
0.611;0.902;0.0;0.1863;1.2320724
0.028;0.103999;0.444;0.773899;1.2839345
1.0;0.608;0.584;0.0;1.0506895
0.0;0.147999;0.054999;0.4575;2.0838823
0.360999;0.858;0.0;1.0;1.5034107
1.0;0.489;1.0;0.683499;0.07508066
0.332;0.351999;0.004;0.364999;1.1595931
0.534999;1.0;0.359999;0.495;0.76024204
0.465;0.751;0.908;1.0;-0.41482174
1.0;0.526999;0.15;0.463299;0.03963378
0.26;0.948;0.793999;0.0;0.15241176
0.0;0.0;0.443899;1.0;0.32298237
1.0;0.604599;0.7231;0.3789;-0.089922845
0.0;0.804;0.459999;0.0;0.79292923
0.484;0.0;0.0;0.195999;1.9970802
0.361999;0.379999;0.623;0.483;1.4903215
0.379;0.355;0.0;0.0;2.5719073
0.0;0.0;0.402;0.2059;3.026214
0.129;0.637999;0.393;1.0;2.0223584
1.0;0.959;0.672499;0.0;1.2074139
0.304;0.0;0.9385;1.0;0.22903949
0.688699;1.0;0.364;0.3515;0.26263267
0.893299;0.498999;0.082999;0.1067;1.0679748
0.0;0.994;0.0;0.0;2.2165327
0.0;0.0;0.251;0.488299;2.6407208
0.363;1.0;0.451;0.5107;1.7904369
0.531;0.0;0.448099;0.574399;1.5087811
0.5;0.5468;0.8549;0.4757;0.6988612
0.500999;0.726199;0.0;0.0;1.6751853
0.0;0.0;0.346999;0.937299;1.6703514
0.960999;0.444;0.618;0.026;1.3360647
0.028;0.066;0.0;0.0;2.9415872
0.0;0.280999;0.451;0.950999;2.2434678
0.976999;0.591999;1.0;0.591999;0.63572794
0.283;0.365;0.1875;0.2387;1.4950601
0.53;0.647999;0.059499;0.091299;2.04173
0.0;0.233999;0.506;0.649;1.912376
0.918999;0.469999;0.484999;0.658;0.9755697
0.648;1.0;0.9278;0.778;-0.19798607
0.658;0.156;0.0;0.0;1.387432
0.0;0.0;0.527;0.539999;1.6545919
0.605;0.551;0.843299;0.4449;0.79262525
0.417;0.848999;0.3177;0.9191;0.39621264
0.988;0.577;0.275999;0.0;0.9309914
0.0;0.094999;0.027;0.123;2.4914055
0.204;0.183999;0.432999;0.381;2.4256258
0.194999;0.0;0.019;0.162499;3.311881
0.388999;0.160999;0.659899;0.421499;2.4498372
0.383;0.548;0.4457;0.5786;1.79418
0.542;0.639;0.3734;0.342399;1.5371171
0.263999;0.328499;0.293;0.492;1.7277685
0.571899;1.0;0.128299;0.970999;0.9563174
1.0;0.554999;1.0;0.682;-0.29760325
0.370999;0.875;0.379;1.0;-0.56850636
1.0;0.5296;1.0;0.2222;-0.8758935
0.561999;0.354399;0.798299;0.853499;-1.2214663
0.576999;0.897;0.126999;0.829599;-0.82349205
0.812;1.0;0.657;0.916399;-1.3939204
0.975999;1.0;1.0;1.0;-2.2275898
1.0;0.393;0.8769;0.582999;-2.2122922
0.586999;1.0;0.6931;1.0;-2.390692
1.0;0.510999;1.0;0.674999;-2.602223
0.763;0.361;0.0;0.0;-0.4856559
0.0;0.59;0.0;0.0;1.3870326
1.0;0.409999;1.0;1.0;-0.2700898
0.0;0.59;0.0;0.0;1.5632836
0.0;0.0;0.435;0.364999;2.101591
0.334999;1.0;0.0;0.0;2.555987
0.0;0.0;0.1071;1.0;2.513924
1.0;1.0;1.0;0.667;0.70406467
0.564;0.0;1.0;1.0;-0.383875
0.6931;0.358;0.535;0.0648;0.29816896
0.486899;0.57;0.0;0.060199;1.4746217
0.0;0.214999;0.0;0.0;2.9885437
0.0;0.0;0.309999;0.757999;2.8195646
0.757999;0.0;0.551;0.296999;2.2063165
0.296999;0.027;0.346;0.155;2.6317503
0.093;0.275999;0.381799;0.415;2.601662
0.494;0.4792;0.6872;0.877799;1.3016967
0.548;0.409099;0.0;0.0;2.2515445
0.0;0.0;0.180999;0.262999;3.0225422
0.239;0.813;0.4808;0.804;1.9037572
0.774999;0.231999;0.7402;0.552;0.9514537
0.544;1.0;0.719;1.0;-0.12615055
1.0;0.573;1.0;0.363999;-0.7366868
0.551;0.365799;0.226399;0.2639;0.3049162
0.157999;1.0;0.0;0.9021;0.534561
0.788;0.548;1.0;1.0;-0.76712096
1.0;0.5;0.0;0.0;0.59702665
0.0;0.0;0.16;0.734;1.3314692
0.733;0.932;0.978999;0.453999;0.18905073
0.454999;0.325999;0.482199;0.491;0.36798388
0.512;0.242;0.5811;0.326599;0.5923894
0.316999;1.0;0.0;1.0;0.48335463
1.0;0.695;1.0;0.320999;-0.33858144
0.378;0.284;0.097;0.085999;1.1439052
0.085999;0.431999;0.0;0.0;2.575734
0.0;0.4466;0.0;0.0;3.54903
0.0;0.0;0.725999;0.708999;2.7104821
0.547999;1.0;0.3973;0.282;1.961985
0.433;0.6717;0.0;0.0;2.5428739
0.0;0.0;0.336999;0.0;3.3093061
0.0;0.938;0.529;1.0;2.038845
1.0;0.3523;0.364999;0.0;1.9220976
0.0;0.4187;0.001;1.0;1.950219
1.0;0.0;1.0;0.529999;0.72462827
0.466999;0.588999;0.0;0.357;1.3698367
0.471999;0.584499;0.400299;0.178999;1.4782218
0.126999;0.0;0.08;0.0;2.8565493
0.0;0.0;0.333999;0.408;3.0612316
0.408;0.569;0.462;0.339999;2.3585882
0.339999;0.643999;0.553999;0.628;1.5643922
0.64;0.547;0.572;0.499;0.9411957
0.636;0.223999;0.6906;0.552999;0.4925576
0.427999;0.744999;0.2622;0.469999;0.7367936
0.387;1.0;0.294199;0.221;0.98765755
0.28;0.0;0.0;0.0;2.526727
0.0;0.0;0.828;0.8522;1.7520634
1.0;1.0;0.610999;1.0;0.3110972
1.0;0.331899;1.0;0.555999;-0.5308064
0.225;0.4884;0.503699;0.115;0.39743453
0.405;0.486499;0.0326;0.0;1.7116932
0.144999;0.0;0.0;0.0485;3.133532
0.0;0.130999;0.890999;0.491;2.404943
0.492999;0.420999;0.0;0.104999;2.8756168
0.103;0.03;0.736;0.277999;2.5934544
0.277999;0.306899;0.608999;0.456;2.0718126
0.382;0.2111;0.586;0.481;1.6926316
0.568999;1.0;0.2866;1.0;0.8252111
1.0;0.761;0.932399;0.481999;-0.18262595
0.489999;0.371;0.538;0.274999;0.26461154
0.267;0.409999;0.422899;0.234999;0.94954634
0.237;0.532;0.5071;0.935;0.5516079
0.920999;0.455999;0.878;0.573999;-0.24310082
0.335999;0.375999;0.396;0.167;0.6643203
0.415999;1.0;0.099199;0.802;0.6242481
0.803;1.0;0.8748;0.677999;-0.39986098
0.677999;0.0;0.404699;0.099;0.5751279
0.097;0.983999;0.4513;0.860999;0.29729873
0.865;0.306;0.767;0.604999;-0.2742085
0.653999;0.440999;0.902999;0.702;-0.83689713
0.633;0.720999;0.439;0.562999;-0.60440624
0.580999;0.6385;0.372;0.172;0.1091626
0.172;0.163499;0.286;0.845999;0.50248176
0.884999;1.0;1.0;0.971;-0.81102574
0.933;0.176;0.457;0.074999;0.056388646
0.070999;0.198999;0.713999;0.771999;0.075742275
0.417;0.5362;0.352899;0.0;0.98298454
0.663;0.794799;0.340899;0.6811;0.5883959
0.351999;0.941;0.322;1.0;0.15185148
1.0;0.588999;1.0;0.31;-0.5004915
0.31;0.239999;0.0;0.0;1.3521103
0.0;0.0;0.655;0.3284;1.7019538
0.282;0.112999;0.638;0.448599;1.5614477
0.501999;0.521;0.57;0.629399;0.9906914
0.582;1.0;0.0;0.163;1.476678
0.158;0.0;0.533;0.637;1.4743832
0.636;0.556999;0.539999;0.378;1.0659125
0.364999;0.314;0.158;0.015;2.0891218
0.028;0.035;0.0;0.0;3.4765449
0.0;0.0;0.376899;0.543999;3.2661643
0.413999;0.482999;0.439;0.493499;2.4105158
0.611;0.707;0.1661;0.0;2.4338393
0.0;0.0;0.0;0.0;3.681996
0.0;0.0;0.056999;0.826;3.4711804
0.826;0.95;1.0;1.0;1.1528935
1.0;1.0;0.933999;1.0;-0.3969463
1.0;0.535999;1.0;0.381;-0.92011416
0.509999;0.405;0.261;0.0;0.4240957
0.493;0.477;0.517899;0.5465;0.37108928
0.0;0.048999;0.0;0.0;2.340826
0.0;0.313;0.298999;1.0;1.9652036
1.0;0.482999;1.0;0.197;0.8584824
0.197;1.0;0.659999;1.0;0.085362464
1.0;0.6065;1.0;0.525999;-0.75218403
0.46;0.176499;0.6171;0.469;-0.3545853
0.531999;0.428;0.0;0.288;0.86191565
0.291;0.870999;0.730999;0.759;0.19519597
0.759;0.187;0.2645;0.153999;0.99002385
0.153999;0.518999;0.692499;0.859;0.47340065
0.856999;0.85;0.909;0.522999;-0.39853776
0.524999;0.466;0.656999;0.833;-0.69169724
0.442;0.447799;0.491999;0.374599;-0.13923377
0.43;1.0;0.142;0.0674;0.75799495
0.4;0.0;0.280999;0.364999;1.4134375
0.373999;0.889;0.698;1.0;0.3403631
1.0;1.0;0.859;1.0;-0.87325
1.0;0.564999;1.0;0.683999;-1.5373948
0.597999;0.843499;0.923999;0.705999;-1.8675778
1.0;0.5766;0.331099;0.0168;-0.6822499
0.0;0.426399;0.4039;0.428199;0.22192866
0.457;0.4405;0.463999;0.582;0.31913787
0.575999;0.2418;0.411;0.453;0.5799201
0.546;0.199199;0.0;0.0;1.9838897
0.0;0.146;0.073;0.0;3.279188
0.0;0.0;0.562999;0.661899;2.8079178
0.4919;0.5669;0.608;0.5358;1.7736343
0.6141;0.859999;0.484999;0.4191;1.1684504
0.406999;0.921999;0.472999;1.0;0.35553843
1.0;1.0;1.0;0.410999;-0.5924853
0.457999;0.0;0.143;0.0225;1.0775115
0.034999;0.228999;0.0;0.0;2.6986506
0.088;0.0;0.6111;0.567699;2.3344188
0.462;0.771999;0.485899;1.0;1.1741366
0.830999;1.0;1.0;0.567;-0.07943839
0.471;0.286999;0.441;0.411;0.32533675
0.408999;0.161;0.0;0.0;1.9120363
0.0;0.0;0.0;0.0;3.3603814
0.0;0.0;0.430999;0.5498;3.1127896
0.541;0.073999;0.7879;0.605199;1.8743721
0.515499;0.584;0.3767;0.41;1.5489308
0.361499;0.988999;0.3414;0.502699;1.1930373
0.609999;0.325;0.55;0.351199;1.00899
0.459;0.311;0.338;0.7851;0.8464125
0.686;0.634;0.777999;0.317;0.35913855
0.295999;1.0;0.576999;1.0;-0.25874704
1.0;0.323999;1.0;0.3582;-0.7171484
0.463;0.616;0.597299;0.6308;-0.65344894
0.680999;0.669999;0.328;0.4619;-0.2432856
0.327999;0.311;0.319;0.3106;0.63114434
0.236;0.51;0.324999;0.905699;0.5417016
1.0;0.657499;0.111;0.0;1.2038734
0.0;0.0;0.414999;0.412799;1.7946748
0.511;0.2862;0.565799;0.5112;1.3217775
0.601099;0.631799;0.5852;0.645799;0.6418553
0.5469;0.976999;0.189999;0.0962;1.1078563
0.203;0.576;0.475;1.0;0.5916026
1.0;0.949;1.0;0.682;-0.61933124
0.728699;0.418999;0.604999;0.114999;-0.14882416
0.118;0.5407;0.463;1.0;-0.18372267
0.899999;0.499299;1.0;0.655999;-0.9810629
0.9633;1.0;0.241;0.884799;-0.989187
0.712699;0.420999;0.497;0.0;-0.10078281
0.0;0.491;0.612;1.0;-0.23989409
1.0;1.0;1.0;1.0;-1.4124068
1.0;0.902;1.0;0.234999;-1.6307297
0.192999;0.301;0.582;0.547899;-0.97328746
0.631999;0.127699;0.6843;0.6678;-0.89561665
0.5169;0.5603;0.5056;0.3332;-0.3343078
0.4971;0.486999;0.240199;0.581099;0.15672117
0.484;0.75;0.7159;0.730999;-0.34063184
0.774999;0.654;0.597999;0.436;-0.4071089
0.524;1.0;0.772999;1.0;-1.1131468
1.0;1.0;1.0;0.117799;-1.3606998
0.139;0.0;0.649;0.5172;-0.62882626
0.3827;0.996299;0.4307;0.6777;-0.5236598
0.8943;0.2807;0.301299;0.261299;0.17304093
0.010999;0.334699;0.329999;0.375;1.1071947
0.478;0.240299;0.0;0.0;2.3254066
0.0;0.0;0.0;0.028999;3.6406186
0.042999;0.356999;0.536999;0.777999;2.684554
0.832999;0.313;0.776499;0.645;1.2898294
0.451999;0.689;0.6315;0.469299;0.81737906
0.68;0.366999;0.0;0.0;1.8788663
0.0;1.0;0.626999;1.0;0.9760585
1.0;1.0;1.0;1.0;-0.5901786
1.0;1.0;1.0;0.675;-1.4374914
0.673999;0.0;0.344;0.228;-0.21225542
0.580999;0.463999;0.692999;0.696099;-0.4900726
0.083;0.227;0.1663;0.2353;0.9917464
0.589999;0.847999;0.2897;0.3339;1.0225203
0.329;0.31;0.325;0.2507;1.541057
0.222999;0.1152;0.444999;0.740099;1.3963786
0.643999;0.9848;0.573;0.8869;0.36524802
1.0;0.544999;0.641;0.0;0.39957434
0.0;0.0;0.5383;0.5471;0.93380475
0.329299;1.0;0.435199;1.0;0.25141507
1.0;0.488999;0.3795;0.0;0.73266894
0.0;0.052;0.343;0.7733;1.147994
0.726999;0.878;0.817999;0.816699;-0.03430575
0.853999;0.299999;0.347;0.108199;0.642201
0.069;0.716999;0.631999;1.0;0.107457906
1.0;0.442;1.0;0.4649;-0.60114586
0.375999;0.61;0.537999;0.444499;-0.2590987
0.725999;0.552999;0.0;0.406;0.5692211
0.191;0.348999;0.784999;0.421999;0.50486594
0.499;1.0;0.547;1.0;-0.23333758
1.0;0.460499;0.677;0.0;0.031187803
0.087;0.0309;0.414999;0.6721;0.60863763
0.513999;0.427599;0.5341;0.545899;0.4880455
0.3077;0.521999;0.559699;0.492;0.52166253
0.685299;0.777999;0.5242;0.492999;0.23160845
0.606;0.3293;0.386999;0.515999;0.4057613
0.473999;1.0;0.652;0.7752;-0.20574659
0.711;0.411;0.038299;0.765799;0.22962362
0.855999;0.602999;1.0;0.456;-0.5564722
0.576;0.473;0.812299;0.759;-0.949684
0.552999;0.564999;0.5221;0.557;-0.6815108
0.548999;1.0;0.354799;1.0;-0.9137722
1.0;1.0;1.0;1.0;-1.8557432
1.0;1.0;1.0;1.0;-2.5614414
1.0;0.560999;0.932;0.0172;-2.0226333
0.082;0.076999;0.018599;0.134;0.25314957
0.138999;0.036;0.7753;0.402699;0.5225387
0.445;0.537;0.6191;0.6403;0.26719838
0.495999;0.844999;0.0;0.0;1.3614086
0.0;1.0;0.0;1.0;1.244482
1.0;0.956;1.0;0.624899;-0.15164346
0.501;0.822;0.499;1.0;-0.6433519
1.0;1.0;0.454999;0.0;-0.27187794
0.0;0.0;0.0;0.718999;0.917938
0.515;0.425;0.4586;0.0;1.3965813
0.517999;1.0;0.53;1.0;0.3513959
0.805;0.370099;1.0;0.709999;-0.61640465
0.417;0.728899;0.518;1.0;-0.9095373
1.0;0.862;1.0;1.0;-1.8472137
1.0;0.866999;1.0;0.679199;-2.2685323
0.717999;0.313;0.7163;0.3823;-1.7190609
0.276;0.615099;0.5177;0.5595;-1.1453333
0.613999;0.4529;0.317999;0.366;-0.37054145
0.359;1.0;0.458999;1.0;-0.7280382
1.0;0.426;0.264;0.0;0.28932363
0.0;0.0;0.0;0.3268;1.8382457
0.404999;0.028999;0.5604;0.0;2.1988897
0.0;0.0;0.498199;0.6253;2.2185888
0.4112;0.564;0.5216;0.4499;1.6719846
0.5428;1.0;0.384199;0.900399;0.78398854
0.925999;1.0;0.711;0.8653;-0.32440746
0.899;0.125;0.617999;0.0;0.30554205
0.0;0.248999;0.319;1.0;0.53967506
1.0;0.98;1.0;1.0;-0.82993233
1.0;0.512499;1.0;0.662999;-1.4668914
0.412;0.8783;0.349499;0.344;-0.6797823
0.471;0.923199;0.5662;1.0;-1.0796967
1.0;0.668999;0.956299;0.435999;-1.4587166
0.377;0.216999;0.295999;0.4681;-0.4199835
0.429;0.521;0.353;0.188899;0.4154113
0.302999;0.575;0.619999;1.0;-0.14171332
0.976999;0.409999;0.9733;0.3142;-0.5657228
0.348;0.8855;0.5947;0.6533;-0.6173881
0.570999;1.0;0.407299;1.0;-0.90647364
1.0;0.841999;1.0;0.996;-1.8731568
0.972;1.0;1.0;0.968499;-2.5199566
1.0;0.424;0.731;0.387;-2.048135
0.337;0.304999;0.0;0.0;0.18236905
0.0;0.0;0.654499;0.301699;0.8718458
0.408;0.688;0.4809;0.6145;0.59687763
0.6153;0.884;0.5686;0.816499;-0.031152666
0.777699;0.32;0.039;0.0275;1.2448993
0.030999;0.204099;0.727999;0.773899;0.8916583
0.9;0.6029;0.301999;0.6171;0.57316095
0.531;0.601999;1.0;0.5057;-0.1553151
0.457999;0.323;0.421999;0.218599;0.5418685
0.203099;0.483999;0.5381;0.584699;0.61010987
0.7389;0.558999;0.0623;0.5146;0.92739725
0.412;0.523099;0.459599;0.0172;1.4231769
0.0;0.0;0.0;0.315799;2.6643124
0.314999;0.246;0.383;0.046199;2.8718379
0.054;0.363;0.469999;0.377899;2.7129319
0.397999;0.0;0.410899;0.5253;2.3457494
0.1653;0.642;0.407399;0.4805;2.0272164
0.8327;0.917;0.5587;1.0;0.600138
1.0;0.528999;0.658;0.0964;0.43987304
0.125;0.456999;0.616;0.7695;0.2973047
0.736999;0.624;0.724;0.522499;-0.16984075
0.564999;0.474999;0.423999;0.542;0.033506423
0.554;0.399;0.6135;0.376;0.1316455
0.469999;0.697;0.386499;0.735099;0.07052091
0.564;0.585999;0.575;0.5953;-0.1147899
0.609999;1.0;0.829999;0.905299;-0.95224404
0.930999;0.040099;0.0;0.0;0.82671314
0.0;0.0;0.0;0.161999;2.4607863
0.250999;0.0;0.0;0.0;3.5220888
0.0;0.0;0.463999;0.561;3.15285
0.518;0.617999;0.492;0.555999;2.052322
0.587999;1.0;0.608999;0.988;0.68224937
1.0;0.578;0.4692;0.242999;0.5504933
0.129999;0.109999;0.592799;0.457999;0.88233024
0.465999;0.441;0.2719;0.407;1.1866477
0.519;1.0;0.8141;1.0;-0.02824992
1.0;0.412999;1.0;0.665999;-0.9085449
0.421999;0.510999;0.423;0.298999;-0.13532966
0.370999;0.49;0.0;0.0;1.4188615
0.036;0.533999;0.521;1.0;0.91817045
1.0;0.853999;0.798;0.3709;0.080766946
0.347999;0.03;0.038999;0.1726;1.5794185
0.197999;0.655;0.736;0.785499;0.80925494
0.784999;0.427;0.7853;0.795;-0.106713474
0.301;0.304999;0.494699;0.063999;0.76726943
0.576;1.0;0.4375;1.0;0.029399663
1.0;0.923;1.0;0.774799;-1.0544153
0.844499;0.423;0.126199;0.0;0.34623414
0.091999;0.025999;0.3678;0.497999;1.0937836
0.417;0.447;0.0;0.056;2.1912127
0.042;0.0;0.9038;0.586999;1.6226379
0.384;0.536;0.287999;0.057;2.0665674
0.194999;0.543999;0.106099;0.3001;2.4846463
0.33;0.132;0.3534;0.544899;2.2621899
0.602999;0.555;0.629499;0.6047;1.2581911
0.584999;0.695999;0.7254;0.4033;0.6416765
0.43;0.274999;0.198599;0.282599;1.3909248
0.182;0.1066;0.572999;0.5314;1.4249054
0.481999;0.4144;0.307;0.3172;1.5925137
0.344999;0.576999;0.0;0.4402;1.9773809
0.581999;0.697;1.0;0.710599;0.56287915
0.6052;0.471;0.4542;0.299499;0.71131855
0.353799;0.109999;0.098799;0.3215;1.6944257
0.266999;0.95;0.711;1.0;0.59008867
1.0;0.378199;1.0;0.5276;-0.35061562
0.584;0.5508;0.3228;0.305699;0.24977595
0.403999;0.881999;0.520199;0.9133;-0.2137217
0.584;0.492;0.547;0.4741;-0.13975233
0.734999;0.549;0.649299;0.614899;-0.44856393
0.536999;0.478999;0.459699;0.2755;0.08734134
0.231999;0.282199;0.0;0.0;1.8197147
0.011;0.0;0.642;0.4452;1.9122628
0.275999;0.366;0.347999;0.446299;1.9272653
0.512799;0.617999;0.1623;0.3971;1.8692342
0.430199;0.385999;0.6297;0.448799;1.3640312
0.417;0.658;0.045;0.8018;1.2646999
0.822;0.918;1.0;0.647;-0.06803006
0.539599;0.319999;0.421899;0.361999;0.3676918
0.491399;0.228999;0.5779;0.549999;0.34853488
0.332999;0.507;0.4512;0.281;0.77827245
0.534;0.498;0.3417;0.4368;0.9023216
0.447;0.631;0.5738;0.776899;0.37982732
0.73;0.863999;0.6435;0.946299;-0.47533834
0.922999;0.643;0.191999;0.0;0.44423014
