<OPEN>;<HIGH>;<LOW>;<CLOSE>;(predicted -> )<LOW>
1.0;1.0;1.0;1.0;1.18957
1.0;1.0;1.0;1.0;1.14494
1.0;1.0;1.0;1.0;0.653171
1.0;1.0;1.0;1.0;0.936114
0.0;0.0;0.0;0.0;0.979175
0.0;0.0;0.0;0.0;1.13887
0.0;0.0;0.0;0.0;1.35343
0.0;0.0;0.0;0.0;1.0673
0.5;0.5;0.5;0.5;0.768941
0.0;0.0;0.0;0.0;1.26017
0.519;0.519;0.519;0.519;1.26347
0.494;0.494;0.494;0.494;0.970899
1.0;1.0;1.0;1.0;1.53451
1.0;1.0;1.0;1.0;0.766407
1.0;1.0;1.0;1.0;0.836216
0.0;0.0;0.0;0.0;1.46956
0.0;0.0;0.0;0.0;0.827854
0.622;0.622;0.622;0.622;0.800239
0.822999;0.822999;0.822999;0.822999;1.14613
0.268;0.268;0.268;0.268;0.914304
0.669;0.669;0.669;0.669;1.21711
0.442;0.442;0.442;0.442;1.26656
0.762;0.762;0.762;0.762;1.06869
0.597;0.597;0.597;0.597;1.10281
0.262999;0.262999;0.262999;0.262999;0.962972
0.577999;0.577999;0.577999;0.577999;1.77512
1.0;1.0;1.0;1.0;0.98324
0.689999;0.689999;0.689999;0.689999;0.292521
0.513;0.513;0.513;0.513;1.82516
0.015;0.015;0.015;0.015;1.45684
0.123999;0.123999;0.123999;0.123999;0.907888
0.0;0.0;0.0;0.0;1.86068
1.0;1.0;1.0;1.0;1.15911
1.0;1.0;1.0;1.0;1.72366
1.0;1.0;1.0;1.0;1.4468
0.0;0.0;0.0;0.0;0.686931
0.0;0.0;0.0;0.0;2.16719
0.173;0.173;0.173;0.173;0.959708
0.696999;0.696999;0.696999;0.696999;0.0106772
0.289;0.289;0.289;0.289;1.5013
0.544;0.544;0.544;0.544;0.576498
0.334999;0.334999;0.334999;0.334999;0.777112
0.268;0.268;0.268;0.268;1.15255
0.555;0.555;0.555;0.555;0.298603
0.089999;0.089999;0.089999;0.089999;-0.0385591
0.0;0.0;0.0;0.0;-0.458051
0.029;0.029;0.029;0.029;0.172519
0.312999;0.312999;0.312999;0.312999;0.599666
1.0;1.0;1.0;1.0;-1.26355
0.5;0.5;0.5;0.5;-0.278548
0.215;0.215;0.215;0.215;0.628011
0.891999;0.891999;0.891999;0.891999;0.0662258
0.508;0.508;0.508;0.508;1.49329
1.0;1.0;1.0;1.0;1.4347
0.658999;0.658999;0.658999;0.658999;1.62465
1.0;1.0;1.0;1.0;1.63927
0.257999;0.257999;0.257999;0.257999;1.98104
0.486999;0.486999;0.486999;0.486999;1.54192
0.0;0.0;0.0;0.0;1.23538
0.333;0.333;0.333;0.333;1.69061
1.0;1.0;1.0;1.0;0.679081
0.265;0.265;0.265;0.265;1.41453
0.440999;0.440999;0.440999;0.440999;0.92717
0.63;0.63;0.63;0.63;1.03685
0.498999;0.498999;0.498999;0.498999;1.03789
1.0;1.0;1.0;1.0;2.12163
0.967;0.967;0.967;0.967;1.82564
1.0;1.0;1.0;1.0;1.24876
1.0;1.0;1.0;1.0;1.68149
1.0;1.0;1.0;1.0;1.72781
0.309999;0.309999;0.309999;0.309999;0.918799
0.402;0.402;0.402;0.402;1.98327
0.245999;0.245999;0.245999;0.245999;1.07012
1.0;1.0;1.0;1.0;-0.0458071
0.942;0.942;0.942;0.942;0.828909
0.646;0.646;0.646;0.646;0.830637
0.87;0.87;0.87;0.87;-0.610755
0.739999;0.739999;0.739999;0.739999;0.162508
0.292;0.292;0.292;0.292;0.799634
0.509999;0.509999;0.509999;0.509999;0.133323
0.0;0.0;0.0;0.0;0.86356
0.0;0.0;0.0;0.0;1.15688
0.163999;0.163999;0.163999;0.163999;1.17351
0.056;0.056;0.056;0.056;1.08413
1.0;1.0;1.0;1.0;1.6872
0.369;0.369;0.369;0.369;1.73078
0.332;0.332;0.332;0.332;0.884598
0.0;0.0;0.0;0.0;0.58731
0.5;0.5;0.5;0.5;1.87647
0.5;0.5;0.5;0.5;0.402938
0.5;0.5;0.5;0.5;1.64198
0.5;0.5;0.5;0.5;0.893678
0.5;0.5;0.5;0.5;0.521879
0.5;0.5;0.5;0.5;1.7923
0.5;0.5;0.5;0.5;1.25283
0.5;0.5;0.5;0.5;0.799545
0.5;0.5;0.5;0.5;0.570073
0.5;0.5;0.5;0.5;1.88126
0.5;0.5;0.5;0.5;1.10491
0.5;0.5;0.5;0.5;-0.00122577
0.5;0.5;0.5;0.5;1.11157
0.5;0.5;0.5;0.5;0.971057
0.5;0.5;0.5;0.5;-0.111691
1.0;1.0;1.0;1.0;0.321813
0.3226;0.3018;0.3226;0.2997;0.655605
0.483999;0.483999;0.483999;0.493099;-0.0821242
0.080999;0.080999;0.080999;0.080999;-0.18659
0.6907;0.6907;0.6907;0.6907;-0.00687629
0.4021;0.4021;0.4021;0.4021;1.67068
0.6398;0.6398;0.6398;0.6398;0.572829
0.523099;0.523099;0.523099;0.523099;0.317963
0.459299;0.459299;0.459299;0.459299;2.07939
0.442;0.442;0.442;0.442;1.7575
0.503499;0.503499;0.503499;0.503499;1.4718
0.2972;0.2972;0.2972;0.2972;1.02298
0.4756;0.4756;0.4756;0.4756;0.709196
0.6336;0.6336;0.6336;0.6336;0.177534
0.468599;0.468599;0.468599;0.468599;0.408985
0.5286;0.6026;0.4726;0.5306;0.657307
0.2769;0.2029;0.3329;0.274899;0.960599
0.6033;0.6033;0.6033;0.6033;-0.704584
0.392099;0.392099;0.392099;0.392099;0.605311
0.1263;0.1263;0.1263;0.1263;0.232284
0.275199;0.275199;0.275199;0.275199;-0.399686
0.4282;0.4282;0.4282;0.4282;0.191404
0.4953;0.4953;0.4953;0.4953;-0.46003
0.6645;0.6645;0.6645;0.6645;0.307946
0.3964;0.3964;0.3964;0.3964;-0.742004
0.421099;0.421099;0.421099;0.421099;0.353425
0.6291;0.6291;0.6291;0.6291;-0.0821659
0.472799;0.472799;0.472799;0.472799;-0.270537
0.6168;0.6168;0.6168;0.6168;0.761943
0.492599;0.492599;0.492599;0.492599;0.272103
0.525099;0.525099;0.525099;0.525099;1.54124
0.486;0.486;0.486;0.486;0.0802388
0.6226;0.6226;0.6226;0.6226;1.55801
0.451999;0.451999;0.451999;0.451999;0.578858
0.6442;0.6442;0.6442;0.6442;-0.121758
0.091899;0.091899;0.091899;0.091899;1.08263
0.910399;0.910399;0.910399;0.910399;-0.204069
0.9116;0.9116;0.9116;0.9116;0.444188
1.0;1.0;1.0;1.0;0.326528
0.216;0.216;0.216;0.216;0.782951
0.438599;0.7135;0.4025;0.7014;-0.391416
0.7494;0.793799;0.785499;0.793499;-0.174046
0.782399;1.0;0.782399;1.0;0.483297
1.0;1.0;1.0;0.0;-0.425024
1.0;0.450599;0.4004;1.0;0.380309
0.0;0.0;0.0;0.0;-0.115714
0.0;0.0;0.132;0.0;1.06232
0.068699;0.5499;0.2207;1.0;-0.258694
1.0;1.0;1.0;1.0;-0.831378
1.0;0.0;1.0;0.0;0.646495
1.0;1.0;1.0;0.8767;0.465717
0.2071;0.375;0.277999;0.549299;0.675421
0.5909;0.509;0.655;0.173;0.290315
0.728999;0.509;0.739;1.0;0.458737
0.459;0.459;0.459;0.459;-0.535817
0.402999;0.402999;0.402999;0.402999;0.568609
0.108;0.108;0.108;0.108;0.263633
0.553999;0.553999;0.553999;0.553999;0.00645724
0.0;0.0;0.0;0.0;0.516178
0.441999;0.441999;0.441999;0.441999;0.588395
0.0;0.0;0.0;0.0;0.241457
0.495;0.495;0.495;0.495;-0.634603
0.288999;0.288999;0.288999;0.288999;-0.861327
0.535;0.535;0.535;0.535;0.353797
0.601;0.601;0.601;0.601;0.57409
0.0;0.0;0.0;0.0;0.135874
0.702999;0.702999;0.702999;0.702999;0.440993
0.433;0.433;0.433;0.433;-0.109054
0.111;0.111;0.111;0.111;-0.380138
0.913999;0.913999;0.913999;0.913999;-0.412167
0.594;0.594;0.594;0.594;0.062575
0.565;0.565;0.565;0.565;0.0672838
0.518;0.518;0.518;0.518;-0.356708
0.241;0.241;0.241;0.241;-0.558964
0.781199;0.781199;0.781199;0.781199;0.235265
0.425799;0.425799;0.425799;0.425799;-0.779588
0.424;0.424;0.424;0.424;-1.32746
1.0;1.0;1.0;1.0;-0.856204
0.729499;0.729499;0.729499;0.729499;-0.108946
0.2615;0.2615;0.2615;0.2615;-0.646294
0.0;0.0;0.0;0.0;-1.04633
0.485;0.485;0.485;0.485;-0.70592
0.7134;0.7134;0.7134;0.7134;-2.05726
0.4376;0.4376;0.4376;0.4376;-0.947906
0.326999;0.326999;0.326999;0.326999;-0.393263
0.353899;0.353899;0.353899;0.353899;0.117325
0.1731;0.1731;0.1731;0.1731;0.450798
0.3686;0.3686;0.3686;0.3686;0.096201
0.476399;0.476399;0.476399;0.476399;0.506186
0.6931;0.6931;0.6931;0.6931;-0.191937
0.5959;0.759899;0.5029;0.533899;0.267642
0.3447;0.1807;0.4377;0.4067;1.02962
0.0013;0.0013;0.0013;0.0013;-0.467885
0.6509;0.8441;0.572599;0.7028;-0.341688
0.603199;0.521899;0.4485;0.410999;-0.395391
0.6011;0.4905;0.526699;0.2932;0.606375
0.2149;0.461599;0.5223;0.721999;-0.79122
0.9895;0.8249;0.6617;0.6056;0.255679
0.189599;0.270199;0.4878;0.401399;1.58549
0.603999;0.5501;0.633599;0.663;0.835525
0.5491;0.480499;0.4388;0.401699;1.04919
0.3033;0.376899;0.3587;0.4123;0.889244
0.6096;0.5133;0.364599;0.224;0.751855
0.180899;0.459;0.4573;0.513999;-0.204922
0.3499;0.3591;0.3734;0.487;0.441965
0.7696;0.505199;0.474999;0.416999;0.173776
0.3352;0.412199;0.498;0.718;0.536492
0.607299;0.4944;0.472;0.228;0.257846
0.3823;0.439499;0.612099;0.778399;-0.997631
0.680099;0.8378;0.6519;0.7374;1.15108
0.515899;0.410699;0.5668;0.393;-0.455786
0.4147;0.312799;0.218999;0.1582;0.67788
0.334;0.4993;0.4649;0.518799;1.41474
0.5762;0.407;0.266999;0.3061;0.279655
0.1316;0.4037;0.5304;0.7745;1.56193
0.822099;0.587299;0.4259;0.4316;0.488516
0.4737;0.452099;0.805899;0.44;0.381114
0.481999;0.5699;0.4673;0.5717;-0.0433752
0.347;0.513999;0.387699;0.437199;0.284903
0.579099;0.342;0.3404;0.4091;0.596698
0.3281;0.349;0.157499;0.403099;0.708427
0.452299;0.4862;0.8172;0.5931;-0.0761548
0.5102;0.503299;0.5;0.5058;-0.549922
0.5815;0.5528;0.591;0.4895;0.803112
0.447899;0.441599;0.4845;0.4732;0.607877
0.3099;0.3609;0.079899;0.307299;0.982686
0.8855;1.0;1.0;1.0;1.92253
0.867799;0.5372;0.888999;0.679;1.32415
0.606999;0.606999;0.606999;0.606999;1.2435
0.4588;0.578399;0.4588;0.337;1.29822
0.5468;0.9066;0.5468;0.9831;1.45775
0.814499;0.4428;0.156399;0.0;1.19804
0.4566;0.526399;1.0;1.0;1.70463
0.552099;0.5329;0.638;0.629799;1.85361
0.616799;0.552699;0.563099;0.475;1.24585
0.4511;0.3933;0.4457;0.4239;1.39767
0.4845;0.516999;0.494699;0.622199;1.22164
0.6321;0.914;0.681;0.7239;1.37773
0.878699;0.6017;0.739799;0.533;0.865721
0.41;0.802699;0.5195;0.867;0.26403
0.8227;1.0;0.716999;0.594999;0.689887
0.745799;0.0;0.8809;0.684999;-0.538848
0.5636;0.4397;0.0;0.1059;-0.23811
0.062;0.055599;0.8481;0.3001;-0.05577
0.6205;0.8644;0.6949;0.430999;0.0685623
0.308899;0.069;0.295999;0.5821;-1.24348
0.3736;0.347999;0.1079;0.0249;-0.32608
0.2315;0.209;0.0;0.526199;-0.600604
0.3619;0.7577;0.8944;0.951699;0.498681
0.911299;0.8889;0.599399;0.053;0.682416
0.666;0.3765;0.1171;0.574099;-1.03932
0.0;0.0555;0.882999;0.312;0.520181
0.7195;0.498799;0.5577;0.535;-0.377012
0.358;0.3594;0.0;0.338;0.168978
0.443199;0.533199;1.0;0.863799;0.911947
0.5885;0.528;0.4779;0.4088;1.17151
0.5347;1.0;0.644199;0.877399;0.783067
0.9097;0.650099;0.9108;1.0;0.425016
1.0;0.9506;1.0;0.9654;0.678655
0.9922;0.6113;0.967199;0.145199;0.800781
0.3553;0.1449;0.3303;0.634;1.47334
0.4206;0.4834;0.3504;0.398299;1.28797
0.505199;0.6006;0.581399;0.5179;0.564038
0.520299;0.409299;0.4184;0.2008;-0.386486
0.2636;0.4767;0.105799;0.052999;0.423743
0.173;0.0;0.2515;0.7753;1.36612
0.564499;0.5383;0.4001;0.2501;-0.287832
0.079;0.1615;0.320499;0.113599;0.777512
0.608499;0.7564;0.7058;0.597;0.961547
0.418099;0.306999;0.396999;0.547;0.754475
0.5817;0.632;0.6157;0.379;1.17443
0.3643;0.418899;0.4022;0.584999;0.257503
0.7192;0.5912;0.7192;0.9047;1.38536
0.424499;0.4169;0.287399;0.0;-0.0298509
0.6022;0.561199;0.6606;0.9583;0.255572
0.3953;0.3904;0.390499;0.1707;0.648071
0.238099;0.367599;0.296399;0.495999;0.08957
0.7634;0.7118;0.6778;0.9308;1.08016
0.651399;0.847;0.7622;0.4312;-0.214902
0.805099;0.997;0.805099;0.975999;-0.0478068
0.698499;0.741599;0.548;1.0;1.03821
0.9855;0.5913;0.267199;0.2281;0.492435
0.561399;0.409099;1.0;0.498;0.847482
0.3506;0.4366;0.5837;0.547999;1.62103
0.5468;0.474699;0.4314;0.5558;0.717758
0.279;0.3597;0.0;0.2332;1.26016
0.540599;0.6733;1.0;0.745999;1.20312
0.8453;0.616399;0.6749;0.698399;0.51751
0.4323;0.548;0.0;0.4206;1.08184
0.6754;0.909399;1.0;0.95;1.28935
0.826599;0.4741;0.646599;0.572999;0.117849
0.2424;0.4858;0.0;0.4512;1.22526
0.5117;0.9188;1.0;0.0;0.992923
0.351899;0.0;0.1663;0.641999;1.13752
0.5246;0.369899;0.504199;0.12;0.583475
0.5274;0.485099;0.3868;0.691099;0.53299
0.1035;0.1113;0.3194;0.0569;2.10625
0.2328;0.7475;0.505099;0.727;0.889333
0.6855;0.4204;0.6855;0.8751;1.64026
0.675799;0.566799;0.4194;0.4133;0.699612
0.1704;0.604;0.4268;0.5213;0.73524
0.782399;0.539999;0.782399;0.578699;0.485896
0.5946;0.2893;0.526199;0.2276;1.00486
0.4527;0.515699;0.4318;0.672499;1.86871
0.2006;0.728999;0.279199;0.352999;1.39233
0.641999;0.0767;0.476199;0.1485;0.90137
0.3294;0.298699;0.4282;0.737199;0.904023
0.4773;0.5522;0.5473;0.6019;1.18721
0.5732;0.570399;0.559799;0.1849;1.53806
0.4553;0.4933;0.3835;0.689399;1.5043
0.434799;0.350399;0.4161;0.407299;1.6695
0.478;0.4981;0.5671;0.556799;1.28399
0.472999;0.831199;0.4955;0.812;1.42825
0.8171;0.4835;0.625799;0.0;1.49931
0.2803;0.2165;0.3982;0.575999;1.25443
0.4757;0.783999;0.549099;0.646;0.537019
0.612099;0.3441;0.506499;0.588799;0.879016
0.3712;0.2972;0.186199;0.0;-0.039331
0.314299;0.518699;0.5059;0.922999;-0.0913092
0.470099;0.387;0.0;0.2985;-0.287918
0.3077;0.403499;1.0;0.4472;-0.352473
0.5011;0.5161;0.4864;0.365299;0.324496
0.666399;0.727399;0.724399;0.417;-0.454105
0.4307;0.2373;0.3947;0.692399;-0.897847
0.357299;0.426199;0.460899;0.5581;0.611051
0.6028;1.0;0.6028;1.0;1.36634
1.0;0.7532;1.0;0.4733;-0.265462
0.6505;0.489999;0.6505;0.656099;1.20088
0.571099;0.468;0.240499;0.1081;0.63528
0.294499;0.2222;0.4824;0.588899;0.0391295
0.1181;0.3767;0.2608;0.1226;1.53496
0.747799;0.485299;0.459199;0.596699;0.76526
0.2302;0.2604;0.390799;0.494;0.50514
0.537;0.690899;0.6429;0.6273;1.28314
0.670099;0.6796;0.4376;0.318899;0.2104
0.2815;0.1169;0.4148;0.5059;0.779005
0.4952;0.5688;0.6261;0.530999;-0.691707
0.499399;0.4262;0.4316;0.430199;-0.189719
0.5248;0.647499;0.5212;0.7167;0.369342
0.616;0.5775;0.6408;0.5183;0.389834
0.5257;0.698499;0.5627;0.787099;0.534933
0.804599;0.7004;0.804599;0.504999;-0.00736207
0.5396;0.5941;0.5396;0.6171;-0.277854
0.6558;0.407399;0.5778;0.3576;-0.954849
0.450499;0.476199;0.5285;0.598599;0.527196
0.4828;0.559;0.4828;0.5572;0.127467
0.767099;1.0;0.767099;0.9544;0.330411
0.8624;0.735099;0.783899;0.5363;-0.0410685
0.4221;0.5221;0.4635;0.706399;-0.98728
0.588999;0.2789;0.0;0.399899;1.1271
0.4596;1.0;1.0;1.0;-0.582806
1.0;1.0;1.0;0.811799;0.693508
1.0;0.171299;0.392599;0.8559;0.726469
0.565299;0.238399;1.0;0.348499;-0.230149
0.3273;0.2791;0.095299;0.0731;0.876092
0.1235;0.2272;0.4331;0.4855;0.849204
0.497;0.384;0.575999;0.523;0.296338
0.2478;0.491199;0.2658;0.509399;-0.573013
0.625699;0.497799;0.5517;0.415399;-0.901175
0.6953;0.5919;0.421499;0.3903;-0.0638255
0.1207;0.146599;0.3373;0.2783;0.161954
0.5566;0.582699;0.528599;0.550599;-0.356452
0.3521;0.424499;0.5113;0.4917;-0.265742
0.492899;0.4458;0.172699;0.1494;0.596209
0.1076;0.077899;0.1754;0.165599;-0.313834
0.3492;0.414999;0.529499;0.5187;0.675442
0.263299;0.2573;0.1961;0.362299;0.666042
0.4211;0.6121;0.5604;0.7321;-0.0617364
0.6938;0.913699;0.539299;0.882099;0.307595
1.0;0.668199;0.8583;0.1834;0.00211504
0.2843;0.1522;0.4435;0.495099;1.16744
0.446899;0.7221;0.5916;0.7705;0.256543
0.706299;0.555399;0.7073;0.540099;0.0118217
0.6098;0.5042;0.381;0.389199;0.869437
0.2392;0.399;0.5008;0.614;0.513347
0.7391;0.584599;0.432199;0.2239;-0.14605
0.148299;0.2648;0.404;0.6211;0.240078
0.5654;0.560299;0.5788;0.582099;1.25583
0.6556;0.8119;0.6934;0.5629;-0.331048
0.666499;0.3808;0.6015;0.5518;-0.115053
0.49;0.504;0.507999;0.559999;1.1512
0.632899;1.0;0.6799;1.0;0.333404
0.919699;0.495799;0.764199;0.2998;1.0585
0.369;0.332899;0.062599;0.1555;0.907542
0.0405;0.0849;0.099;0.005299;0.539111
0.0;0.0;0.0;0.2019;0.344585
0.738699;0.6736;0.643599;0.432499;-0.290419
0.595;0.305399;0.4695;0.5448;0.136258
0.553999;0.6352;0.4224;0.305199;0.671952
0.1582;0.172699;0.4595;0.489899;0.266873
0.3306;0.4098;0.381499;0.430099;-0.533024
0.4923;0.3743;0.4055;0.3333;0.272863
0.483699;0.4894;0.465799;0.521899;-0.00913531
0.6448;0.6828;0.6702;0.7885;1.28293
0.6059;0.4737;0.456;0.4116;0.063627
0.360999;0.6267;0.590199;0.527899;1.47737
0.4707;0.292999;0.4193;0.4357;0.888981
0.581199;0.5986;0.56;0.5871;1.33507
0.5102;0.550999;0.523699;0.526;1.54913
0.5062;0.4192;0.5119;0.388999;0.925656
0.529199;0.469999;0.582599;0.594799;0.538518
0.5053;0.5649;0.4514;0.4365;-0.308211
0.114799;0.163999;0.1687;0.2669;0.162079
0.588999;0.7473;0.571999;0.707599;0.475081
0.8481;0.5838;0.7059;0.576899;0.310453
0.575199;0.6036;0.4581;0.3884;-0.475604
0.1372;0.189599;0.3674;0.3413;0.433361
0.2557;0.268999;0.1509;0.2145;0.350328
0.4483;0.8207;0.5992;0.996399;0.344508
0.931999;0.5154;0.8059;0.4638;0.852423
0.3692;0.5912;0.448499;0.544999;1.345
0.656799;0.4051;0.581;0.5115;0.441482
0.6724;0.8203;0.710699;0.369199;1.27286
0.461499;0.371099;0.3516;0.312999;0.529217
0.2877;0.315999;0.4131;0.7775;1.13614
0.4465;0.569;0.5153;0.4626;1.04453
0.663;0.642999;0.559;0.4513;0.563731
0.406399;0.265;0.314999;0.337899;2.06095
0.3558;0.3344;0.4543;0.4182;1.28201
0.392599;0.5443;0.4875;0.6082;0.569375
0.8249;0.9513;0.8269;0.796299;1.44677
0.384799;0.072599;0.2303;0.0;1.19372
0.062799;0.2291;0.116399;0.062;0.558307
0.465299;0.377299;0.4542;0.8004;1.32867
0.3959;0.4725;0.507899;0.523599;1.45974
0.4877;0.338;0.0512;0.0;0.856124
0.0;0.087499;0.235599;0.6433;0.406869
0.555599;0.422;0.3073;0.0;0.874647
0.1745;0.1479;0.3138;0.7637;1.50246
0.493099;0.4742;0.6173;0.556899;0.436663
0.6592;0.6052;0.420299;0.1684;0.245868
0.002199;0.2925;0.0;0.190299;1.54354
0.3064;0.108699;0.9308;0.3947;0.633456
0.459;0.6187;0.654499;0.8178;0.285145
0.7466;0.5966;0.5527;0.417199;1.11799
0.404199;0.4438;0.591;0.7169;0.801381
0.7639;0.8124;0.747599;0.6889;0.625714
0.3426;0.481999;0.213699;0.241799;-0.0581363
0.4514;0.306999;0.5275;0.6454;1.10677
0.9229;0.7432;0.7325;0.532999;0.0744751
0.213299;0.2728;0.245;0.239;0.324284
0.3022;0.2878;0.3627;0.368;1.05765
0.4421;0.488199;0.5261;0.5717;0.444691
0.4176;0.489999;0.0122;0.471699;-0.337596
0.5703;0.6072;0.923999;0.7312;0.495299
0.6644;0.998799;0.8199;0.5656;1.42032
0.593399;0.177199;0.524799;0.604799;-0.27234
0.413899;0.4514;0.379799;0.4457;0.36995
0.744;1.0;0.8455;1.0;0.485753
0.8298;0.4389;0.8;0.4239;-0.0535825
0.5046;0.818999;0.535599;0.559799;1.23414
0.627399;0.491;0.5762;0.476199;-0.453255
0.6841;0.606999;0.610599;0.5865;1.56248
0.3706;0.8038;0.4953;0.916399;1.31963
0.9877;0.438199;0.846;0.5463;0.316479
0.4489;0.7499;0.5906;0.6798;1.65534
0.712299;0.6751;0.712299;0.620999;1.03885
0.6517;0.5622;0.439399;0.3393;0.688021
0.3506;0.409799;0.4656;0.568099;1.77917
0.4726;0.2828;0.5699;0.5547;1.6535
0.586099;0.8942;0.586099;0.6872;1.43749
0.7174;0.573999;0.646699;0.4431;0.812729
0.377599;0.1171;0.2651;0.267199;1.78808
0.3553;0.6404;0.439399;0.808399;1.51166
0.8005;0.7635;0.7567;0.431;0.876879
0.311599;0.099;0.2635;0.123;1.59082
0.267499;0.507999;0.292899;0.218;1.36909
0.3353;0.135999;0.2667;0.413499;0.685449
0.1747;0.341;0.391999;0.3808;-0.290511
0.4513;0.2224;0.320999;0.487299;1.39642
0.5211;0.7876;0.6683;0.6804;0.512265
0.7028;0.645;0.5594;0.4752;-0.141917
0.3806;0.456699;0.5102;0.7303;0.221135
0.7988;0.6825;0.8126;0.604699;-0.779776
0.523;0.320799;0.4177;0.2818;-0.233717
0.3919;0.418;0.432199;0.56;0.180613
0.548099;0.898;0.613099;0.5886;0.956719
0.5017;0.256;0.4619;0.386799;0.121023
0.3908;0.550999;0.3497;0.4139;0.632553
0.5119;0.59;0.5928;0.5805;1.39452
0.590499;0.250399;0.420999;0.377499;1.24207
0.331099;0.4956;0.1648;0.1715;0.694489
0.1989;0.277999;0.3109;0.139199;1.65945
0.181999;0.097599;0.405799;0.7786;1.22965
0.716699;0.5425;0.6029;0.404699;0.523274
0.4186;0.471899;0.271099;0.0207;1.06721
0.0487;0.249;0.2307;0.5563;2.06363
0.5089;0.244199;0.3614;0.480499;1.57147
0.560199;0.7773;0.7667;0.7404;1.18313
0.7021;0.666499;0.6171;0.4175;1.22023
0.248799;0.515699;0.354099;0.7667;1.11484
0.9217;0.6013;0.877099;0.539099;0.213938
0.549999;0.617999;0.4542;0.3851;0.0783851
0.2937;0.15;0.2674;0.287199;0.399246
0.3066;0.445499;0.4695;0.6094;0.464236
0.64;0.630499;0.5581;0.3931;0.922807
0.223099;0.281;0.052299;0.0;0.378739
0.4;0.1766;0.218399;0.402699;0.361641
0.1369;0.273399;0.5129;0.564;0.844764
0.6084;0.664;0.5839;0.5766;-0.0636885
0.4816;0.488;0.336099;0.229699;0.831701
0.285899;0.215999;0.3748;0.4373;1.2249
0.4861;0.652;0.591799;0.7163;-0.910447
0.7146;0.751999;0.6371;0.2414;-0.367049
0.375299;0.267;0.4296;0.682599;-0.214277
0.5792;0.609999;0.6399;0.8241;-1.42984
0.8382;0.625999;0.562;0.5062;-0.301729
0.436699;0.54;0.657899;0.529399;-0.942225
0.5433;0.382899;0.3468;0.2498;0.0772616
0.224799;0.435099;0.354699;0.2539;0.719463
0.3641;0.1655;0.3166;0.464199;-1.07596
0.2653;0.503499;0.3727;0.4704;0.743731
0.5591;0.5192;0.7227;0.520399;0.0916114
0.5626;0.557099;0.460699;0.6935;-0.301913
0.601399;0.591699;0.5395;0.4035;0.830867
0.4257;0.58;0.424199;0.239999;-0.844187
0.355;0.135999;0.305499;0.597799;0.30119
0.552199;0.4553;0.4489;0.3411;0.729512
0.3355;0.617799;0.5459;0.6671;-0.215048
0.762;0.4539;0.7638;0.657;0.931673
0.4968;0.645;0.248899;0.271599;0.449913
0.309099;0.282999;0.0602;0.0;0.561397
0.0;0.0;0.334699;0.669;0.0432035
0.639499;0.6937;0.5324;0.4875;-0.0838795
0.381;0.2375;0.291899;0.2892;0.510549
0.2335;0.4055;0.462;0.2593;0.598161
0.624699;0.637;0.617;0.629999;-0.624357
0.3632;0.547;0.3672;0.475;-0.202838
0.5046;0.37;0.480799;0.428899;0.0462255
0.287399;0.059599;0.329499;0.3474;1.59718
0.525;0.477799;0.4451;0.5228;0.26316
0.431099;0.421199;0.4473;0.2469;-0.62467
0.4681;0.7424;0.543599;0.8504;1.42498
0.7931;1.0;0.7931;0.790599;-0.018529
1.0;0.262;0.916599;0.617;0.504123
0.3486;0.550999;0.507899;0.673;0.716807
0.697099;0.625;0.639099;0.483999;-0.100876
0.4554;0.5062;0.5308;0.513;0.576671
0.407299;0.2828;0.350999;0.702999;0.522535
0.5886;0.389599;0.5668;0.201999;1.38976
0.322199;0.295;0.3904;0.5441;0.212281
0.5573;0.729399;0.515899;0.4069;0.719221
0.451999;0.3416;0.4141;0.4871;0.696485
0.3641;0.445799;0.485299;0.5669;-0.00312716
0.5922;0.445899;0.5473;0.454599;0.469916
0.4266;0.7197;0.4715;0.430399;0.270184
0.653699;0.495999;0.559899;0.489;0.570961
0.2796;0.414999;0.2924;0.315999;-0.814484
0.4118;0.1547;0.278199;0.4189;0.697776
0.2514;0.2483;0.2498;0.2558;-0.602705
0.3431;0.351699;0.515499;0.5669;0.515338
0.608;0.6819;0.2964;0.250699;1.30318
0.190899;0.141299;0.5137;0.3987;0.174861
0.670999;0.6035;0.431799;0.427;0.425785
0.338;0.3561;0.4801;0.445999;0.25044
0.4041;0.402799;0.4753;0.6027;-0.506804
0.4691;0.483899;0.280099;0.162299;0.0852933
0.258199;0.2877;0.4093;0.6081;-0.0491807
0.5402;0.7866;0.636499;0.8301;0.61168
0.754299;0.7729;0.7488;0.3948;0.598749
0.4819;0.4026;0.462599;0.661999;-0.438792
0.7494;0.7793;0.7743;0.800999;0.485401
0.809999;0.7013;0.736799;0.507;-0.637175
0.4916;0.823799;0.5641;0.544;0.784849
0.671599;0.3135;0.4749;0.416999;0.549697
0.3893;0.291699;0.465199;0.464;-0.197522
0.610699;0.7083;0.5348;0.535999;0.635933
0.3893;0.291699;0.465199;0.464;0.404727
0.4377;0.433499;0.4147;0.5731;-0.398944
0.334499;0.4288;0.3831;0.4924;1.00915
0.7748;0.755499;0.796099;0.7287;1.09624
0.480599;0.4204;0.380099;0.245799;-0.0474373
0.319199;0.338799;0.4017;0.358;0.378495
0.2736;0.4723;0.564999;0.679099;0.141632
0.692;0.488099;0.433199;0.4729;0.577526
0.43;0.479;0.402;0.43;0.732969
0.407;0.327999;0.494;0.489999;0.481372
0.398;0.327999;0.399;0.355;0.106051
0.541699;0.809999;0.445599;0.331;-0.530607
0.503299;0.259;0.3974;0.533999;0.859069
0.2633;0.4742;0.465299;0.5089;0.965985
0.6015;0.5998;0.5542;0.6191;0.520693
0.786899;0.725199;0.827099;0.689;0.210588
0.664;0.7337;0.6497;0.6997;-0.321407
0.543099;0.696899;0.564499;0.7593;0.672554
1.0;0.6853;0.8475;0.605;1.78573
0.5225;0.910599;0.6597;0.841;0.303405
0.772499;0.4311;0.6357;0.344;-0.369514
0.1939;0.445899;0.3843;0.8183;0.606503
0.895499;0.7627;0.876199;0.412699;-0.561763
0.4954;0.648599;0.4082;0.5618;0.282847
0.323;0.0655;0.2909;0.2698;-0.3938
0.3471;0.3972;0.425899;0.339399;-0.252629
0.415799;0.488299;0.3936;0.625;0.315379
0.6167;0.622399;0.6812;0.7621;0.439318
0.891999;0.873799;0.864599;0.6989;0.0325074
0.6136;0.5471;0.586399;0.5229;0.790512
0.470499;0.3648;0.2945;0.391099;0.978478
0.58;0.822399;0.716699;0.9459;1.43722
0.7785;0.734;0.8291;0.703299;1.03888
0.7302;0.803599;0.712899;0.8026;0.0104001
0.754899;0.7957;0.833;0.843599;1.33509
0.8874;0.8736;0.6265;0.6616;0.453844
0.6282;0.505299;0.882899;0.6536;-0.79901
0.5713;0.7678;0.5775;0.6704;-0.595428
0.8245;0.666899;0.820499;0.709;-0.055162
0.814799;0.7894;0.724399;0.7007;-0.158946
0.0;0.2067;0.062;0.1313;-0.979678
1.0;0.6998;0.888099;0.811999;0.229137
0.375399;0.341699;0.446;0.4136;-1.25095
0.291499;0.3079;0.264199;0.112399;0.155451
0.3884;0.4773;0.4991;0.6801;0.548353
0.5044;0.6555;0.550899;0.6189;-0.503794
0.794;0.6002;0.6048;0.503999;0.283929
0.3367;0.255099;0.332899;0.369;-0.423876
0.2791;0.3418;0.4372;0.25;0.347274
0.555599;0.575499;0.3163;0.4808;-0.567202
0.4382;0.5322;0.666399;0.8476;-0.677047
0.7197;0.603;0.424299;0.1356;-0.471581
0.1476;0.192499;0.347799;0.541999;0.384926
0.8013;0.726099;0.7805;0.55;0.36461
0.290799;0.3899;0.0967;0.158999;-1.12252
0.1018;0.021599;0.1811;0.352;0.0915309
0.4833;0.664;0.717199;0.48;-1.20614
0.5378;0.339099;0.436499;0.425;-0.0834802
0.3081;0.5752;0.428;0.753999;-0.713975
0.798999;0.718899;0.793099;0.681;-0.0798294
0.9722;0.9526;0.8729;0.8508;0.0442317
0.3597;0.279;0.3819;0.4109;-0.532208
0.5655;0.555;0.672799;0.4463;0.963541
0.4374;0.3378;0.296299;0.4206;0.430348
0.3061;0.427199;0.3925;0.4224;-0.1202
0.480699;0.3567;0.2639;0.173999;0.573122
0.2862;0.614599;0.532999;0.837;0.76053
0.891199;0.6201;0.8969;0.547999;-0.218774
0.542899;0.4932;0.3304;0.263;0.260212
0.2357;0.250299;0.410999;0.6676;0.546818
0.4522;0.427299;0.0804;0.0;0.603076
0.1324;0.4205;0.5604;0.9557;-0.601749
0.513499;0.509899;0.5015;0.5123;-0.169573
0.9793;0.697;0.527299;0.3043;0.598778
0.0945;0.322499;0.5222;0.3167;0.177481
0.4528;0.3548;0.3672;0.5853;0.962316
0.4236;0.523399;0.5455;0.5807;0.245144
0.9494;0.726;0.6815;0.562899;-0.249104
0.365299;0.5443;0.6048;0.610599;1.51704
0.6096;0.558699;0.622799;0.6226;1.0252
0.6325;0.6781;0.637699;0.6689;1.46615
0.545;0.6769;0.555;0.623999;1.53627
0.654;0.433;0.590299;0.323;1.08942
0.236999;0.3828;0.300699;0.629999;1.24473
0.686;0.6532;0.6617;0.384;1.28589
0.384;0.418299;0.4083;0.591999;1.5693
0.591999;0.5946;0.591999;0.478;2.17238
0.6598;0.4101;0.4892;0.463;1.18797
0.318999;0.326499;0.1714;0.049999;1.08865
0.1307;0.2959;0.307599;0.5898;1.27845
0.3794;0.2515;0.3989;0.2536;1.07982
0.1219;0.1471;0.126799;0.025599;1.35616
0.4832;0.535699;0.5491;0.764;0.844072
0.579599;0.6104;0.630599;0.654999;0.420367
0.605399;0.633699;0.4922;0.255;-0.533027
0.3659;0.2042;0.172699;0.232999;-0.181047
0.2795;0.5079;0.5859;0.8045;-0.0116268
0.6294;0.487299;0.6064;0.451499;0.522151
0.6463;0.5799;0.540699;0.443;-0.397561
0.383199;0.386099;0.3065;0.364;-0.715009
0.334499;0.3214;0.4275;0.361;0.646015
0.2462;0.414899;0.358499;0.487099;0.684138
0.4997;0.497399;0.465499;0.660299;0.132578
0.703499;0.7893;0.7377;0.7206;0.464677
0.9202;0.8621;0.8813;0.873899;0.873478
0.765699;0.616199;0.5337;0.2391;0.0853827
0.23;0.275199;0.3982;0.689;0.739109
0.613199;0.5617;0.671299;0.366;1.59816
0.2227;0.2059;0.193;0.163;0.813626
0.4483;0.4403;0.3108;0.42;0.417628
0.464;0.563599;0.505899;0.8263;1.03411
0.610699;0.4481;0.7226;0.447699;1.41629
0.3583;0.428;0.3239;0.384;0.776439
0.479299;0.5469;0.394199;0.4145;1.14699
0.388999;0.317799;0.3297;0.3915;0.902485
0.6945;0.7535;0.785999;0.8902;0.275659
0.746499;0.806799;0.8762;0.6768;0.450458
0.7754;0.613;0.5009;0.4368;-0.471945
0.2101;0.3351;0.4316;0.310199;0.522344
0.337199;0.4568;0.405799;0.626;-0.0488022
0.6379;0.601799;0.6379;0.613999;0.176754
0.741;0.5803;0.417499;0.3986;0.606074
0.185099;0.1432;0.3615;0.227399;0.705459
0.3716;0.503599;0.5017;0.777799;0.285049
0.654699;0.4995;0.545099;0.4238;0.174086
0.5759;0.637799;0.5602;0.4819;0.870111
0.3621;0.6197;0.5044;0.493499;0.516944
0.551099;0.2862;0.5489;0.6018;-0.198568
0.4748;0.430199;0.295099;0.307099;0.0416895
0.312799;0.352;0.4516;0.3301;0.173073
0.5608;0.686799;0.4284;0.485399;-0.760678
0.365199;0.1973;0.372199;0.4157;-0.136734
0.3306;0.3946;0.456499;0.5378;0.79157
0.5326;0.597799;0.5752;0.6002;-0.739322
0.523199;0.715299;0.523199;0.6829;0.683956
0.8035;0.590299;0.6892;0.489799;0.517883
0.4605;0.3406;0.4039;0.339099;0.225752
0.451999;0.459499;0.427599;0.4824;1.11394
0.3229;0.3878;0.2559;0.071699;-0.0202695
0.2317;0.175999;0.2477;0.4461;0.88019
0.2186;0.3458;0.425899;0.406699;-0.135813
0.560199;0.555399;0.532499;0.5106;-0.13187
0.5499;0.4326;0.5836;0.5566;0.529327
0.4559;0.450199;0.3828;0.3566;-0.368113
0.466;0.5273;0.5225;0.637;0.637736
0.469999;0.4146;0.2889;0.0604;0.121458
0.224399;0.3469;0.455099;0.590299;0.442495
0.596;0.617799;0.5364;0.495799;0.235944
0.4009;0.4255;0.4056;0.675;-0.549121
0.739599;0.6674;0.6089;0.3561;-0.080345
0.1912;0.352399;0.376799;0.6613;0.0367811
0.679099;0.4936;0.6445;0.472099;0.471648
0.5684;0.5473;0.344899;0.2445;-0.192917
0.2872;0.3884;0.5088;0.674299;-0.284562
0.736699;0.669699;0.770699;0.646699;0.222876
0.538699;0.6694;0.425699;0.686199;-0.765226
0.7453;0.6691;0.8114;0.4247;0.566216
0.4891;0.3811;0.427799;0.463999;0.606429
0.4743;0.4161;0.4578;0.4878;-0.287644
0.273199;0.3367;0.344799;0.3565;0.395747
0.5809;0.5932;0.5376;0.457699;0.308525
0.4701;0.4475;0.4832;0.6967;-0.474063
0.486699;0.6628;0.572499;0.449299;0.440364
0.503299;0.571999;0.503299;0.710699;0.34353
0.7202;0.5397;0.6538;0.4937;0.53828
0.4268;0.364699;0.0941;0.0823;0.615363
0.0821;0.1568;0.4812;0.3433;-0.505666
0.580099;0.5149;0.5444;0.6524;0.982337
0.5147;0.558699;0.540499;0.570999;0.481941
0.536099;0.4482;0.44;0.4616;-0.249154
0.3876;0.410299;0.3047;0.089999;-0.340934
0.212499;0.5588;0.401399;0.823;-0.231207
0.7389;0.607299;0.7389;0.556999;0.311198
0.683399;0.7302;0.6785;0.8516;-0.43124
0.6883;0.6601;0.6633;0.630199;0.0982424
0.5566;0.3449;0.468;0.2605;-0.547619
0.399999;0.419899;0.4416;0.3277;0.203802
0.3487;0.6167;0.425599;0.7583;0.105142
0.622399;0.351499;0.5152;0.459199;0.70646
0.7146;1.0;0.820599;0.9937;1.42249
0.8959;0.667299;0.8523;0.4681;0.108965
0.5566;0.5181;0.4802;0.5807;1.30506
0.420999;0.2995;0.4296;0.3963;0.934567
0.0;0.631399;0.0;0.7377;0.930362
1.0;0.606;1.0;0.601799;1.88618
0.6209;0.551199;0.6038;0.4132;1.66255
0.477499;0.465199;0.4437;0.4625;0.93049
0.3794;0.4323;0.495699;0.538799;0.663461
0.5871;0.5563;0.5498;0.5344;1.27955
0.649799;0.634;0.678899;0.6048;-0.0220308
0.5352;0.5197;0.517199;0.563099;0.74937
0.5246;0.6358;0.504799;0.6125;0.513922
0.4778;0.337599;0.4819;0.341999;-1.08883
0.471499;0.455;0.338299;0.411999;0.161149
0.399999;0.417299;0.5348;0.5396;-0.308419
0.6138;0.8278;0.6643;0.8278;0.680145
0.8194;0.6927;0.8194;0.6299;0.977134
0.5459;0.622499;0.5459;0.622599;-0.154761
0.590999;0.5862;0.491499;0.646;-0.339956
0.6964;0.8278;0.7959;0.7755;-0.258104
0.7749;0.682199;0.733;0.604799;0.401323
0.5383;0.4369;0.5285;0.5327;0.470673
0.542199;0.4692;0.535299;0.415699;0.0400683
0.4514;0.449299;0.3045;0.3143;-0.738026
0.604599;0.779;0.776899;0.8779;-0.270105
0.4125;0.2918;0.3939;0.409499;0.173925
0.577199;0.502199;0.4331;0.3849;-0.26278
0.3763;0.3482;0.503399;0.416799;0.540515
0.4619;0.459199;0.3393;0.4814;0.909626
0.0;0.6289;0.0;0.512499;0.66243
1.0;0.589299;1.0;0.7224;0.341936
0.8742;0.6158;0.559799;0.2939;0.904711
0.2273;0.2193;0.4557;0.4737;-0.0987807
0.3792;0.3597;0.0;0.0;0.539156
0.0;0.102899;0.5209;0.591899;1.26778
0.5424;0.6016;0.4057;0.6404;-0.449471
0.685399;0.7881;0.8061;0.770199;0.569411
0.8393;0.562899;0.642399;0.3597;0.341274
0.2913;0.7147;0.2494;0.9064;0.278776
0.8763;0.4936;0.867599;0.323799;0.29773
0.357399;0.431999;0.624099;0.6195;-0.373043
0.585699;0.9046;0.585699;0.6462;0.779139
1.0;0.730499;0.7468;0.614799;-0.689564
0.3209;0.3032;0.3444;0.5824;-0.37655
0.624499;0.674299;0.8308;0.780899;-0.41833
0.5418;0.4126;0.4861;0.2805;0.171136
0.305;0.3718;0.0803;0.0465;-0.62768
0.2769;0.319199;0.537299;0.5961;-0.839228
0.587599;0.6304;0.6308;0.784199;-0.146634
0.710699;0.5121;0.619299;0.4895;0.448432
0.4531;0.475999;0.4323;0.3799;-0.354586
0.311899;0.3432;0.303;0.269299;-0.31992
0.3804;0.4886;0.471699;0.6869;0.343766
0.669799;0.587199;0.664899;0.474599;-0.864146
0.6654;0.628399;0.6441;0.6169;0.143456
0.319799;0.323399;0.347999;0.415399;-0.372214
0.6501;0.6304;0.616199;0.553;0.334271
0.4798;0.581599;0.5131;0.4431;0.421151
0.395099;0.4757;0.407699;0.451;0.0321826
0.451;0.3006;0.43;0.439999;0.339212
0.43;0.4057;0.18;0.27;0.0737866
0.279999;0.469999;0.5456;0.7;0.148534
0.76;0.559999;0.6609;0.449999;0.405829
0.39;0.44;0.431;0.52;0.621217
0.509999;0.4514;0.432499;0.37;1.10816
0.38;0.3986;0.48;0.48;0.181406
0.48;0.435599;0.39;0.389999;0.38641
0.349699;0.4045;0.3;0.28;0.103437
0.3203;0.289899;0.419999;0.469999;-0.113011
0.469999;0.563299;0.57;0.62;0.713154
0.62;0.6467;0.5196;0.51;0.791769
0.5;0.430099;0.6004;0.559999;-0.389049
0.420999;0.8399;0.420999;0.84;0.518032
1.0;0.64;0.999;0.51;0.516837
0.469999;0.424599;0.346399;0.389999;0.713684
0.399999;0.695399;0.543599;0.6;0.667455
0.58;0.3425;0.4277;0.52;1.15155
0.5;0.357499;0.299399;0.31;0.708508
0.32;0.4048;0.5619;0.439999;0.668647
0.419999;0.6352;0.530999;0.58;0.70714
0.58;0.364799;0.469;0.419999;1.10542
0.419999;0.6352;0.530999;0.58;0.205993
0.63;0.379999;0.42;0.329999;0.40276
0.329999;0.329999;0.449999;0.55;1.292
0.382999;0.69;0.472999;0.509999;0.540419
0.657;0.3;0.257;0.09;0.816383
0.12;0.239999;0.4556;0.599999;0.914382
0.58;0.57;0.5944;0.52;0.813602
0.509999;0.5627;0.559999;0.595;0.591763
0.5474;0.388;0.4033;0.334999;0.688817
0.3626;0.633299;0.506699;0.609999;1.11743
0.67;0.446;0.4768;0.48;1.2307
0.447999;0.434999;0.5642;0.505;0.136917
0.492;0.5379;0.568999;0.311999;0.562005
0.337;0.5569;0.337;0.579;0.589915
0.753;0.5002;0.6634;0.734;0.465422
0.55;0.649999;0.6296;0.639999;0.723278
0.64;0.6067;0.629999;0.51;0.764697
0.48;0.6733;0.4788;0.719999;-0.200672
0.75;0.4802;0.616499;0.39;0.677144
0.39;0.3598;0.4947;0.43;0.468396
0.469999;0.554199;0.37;0.44;0.314002
0.43;0.5458;0.557599;0.739999;-0.21883
0.699999;0.5648;0.5969;0.4;0.213312
0.449999;0.4554;0.465199;0.599999;-0.0111946
0.57;0.529799;0.6143;0.4614;-0.576193
0.6448;0.65;0.6444;0.718599;-0.580958
0.5252;0.739999;0.340199;0.58;-0.327964
0.579999;0.701599;0.831399;0.84;-0.59659
0.83;0.6796;0.82;0.449999;-0.597296
0.449999;0.343;0.4173;0.51;-0.252921
0.55;0.4158;0.3427;0.43;0.689044
0.419999;0.43;0.489999;0.5;1.15848
0.45;0.52;0.13;0.0;0.556286
0.049999;0.08;0.16;0.18;0.368707
0.248;0.183999;0.513999;0.464;0.0573685
0.422;0.5772;0.526;0.596;1.23427
0.579999;0.740199;0.559999;0.609999;0.571959
0.6;0.5186;0.64;0.8;1.1064
0.789999;0.739999;0.789999;0.719999;1.11615
0.682;0.5;0.673;0.52;0.215297
0.468;0.94;0.477;0.84;1.10711
0.832999;0.585899;0.669999;0.5;0.345301
0.567;0.3519;0.553899;0.28;0.726153
0.3;0.392199;0.3259;0.46;1.53794
0.449999;0.3804;0.5489;0.552;0.526862
0.5804;0.5122;0.4294;0.398;1.06952
0.3796;0.4374;0.541499;0.5;0.528674
0.5;0.48;0.4604;0.48;0.364496
0.52;0.509999;0.5141;0.549999;0.578736
0.5;0.4855;0.335899;0.22;0.594174
0.25;0.4648;0.401299;0.48;1.25378
0.469999;0.3127;0.517299;0.489999;1.34707
0.49;0.567;0.5307;0.6;0.902354
0.625999;0.526;0.579699;0.510999;1.01991
0.474;0.483999;0.460999;0.568999;0.936924
0.58;0.58;0.37;0.21;0.692563
0.189999;0.315999;0.469999;0.53;0.854497
0.54;0.404;0.139;0.149999;0.366973
0.109999;0.131;0.311;0.399999;-0.041742
0.419999;0.489;0.565999;0.62;-0.457389
0.64;0.593;0.599;0.43;-0.0378707
0.44;0.439;0.434999;0.379999;0.461899
0.41;0.488;0.48;0.64;0.423761
0.609999;0.439999;0.629999;0.48;0.0359735
0.469999;0.51;0.48;0.5;0.240456
0.51;0.76;0.51;0.81;0.908287
0.759999;0.579999;0.66;0.41;-0.241993
0.45;0.42;0.449999;0.489999;0.678249
0.479999;0.539999;0.538;0.609999;0.928526
0.6;0.68;0.59;0.609999;0.284936
0.59;0.359999;0.541999;0.39;0.314312
0.43;0.8;0.53;0.66;-0.667886
0.68;0.521999;0.652;0.609999;0.0427177
0.609999;0.408;0.468;0.33;0.408342
0.3;0.43;0.405;0.609999;0.515919
0.62;0.489999;0.574999;0.469999;0.297814
0.484999;0.494;0.509999;0.44;-0.533537
0.414999;0.616;0.438;0.66;0.380268
0.67;0.549999;0.532;0.289999;0.787129
0.289999;0.307;0.469999;0.51;0.908028
0.52;0.692999;0.539999;0.739999;1.15568
0.74;0.47;0.74;0.5;0.647371
0.479999;0.481999;0.299999;0.309999;1.11638
0.31;0.378;0.27;0.31;0.393777
0.329999;0.379999;0.539999;0.579999;0.301187
0.59;0.539999;0.529999;0.59;0.449138
0.63;0.56;0.56;0.449999;0.24431
0.389999;0.379999;0.529999;0.51;0.0511756
0.5;0.5;0.5;0.48;0.0171712
0.51;0.68;0.46;0.64;0.130706
0.629999;0.53;0.56;0.579999;0.39885
0.56;0.690999;0.639999;0.65;0.24214
0.66;0.669;0.64;0.669999;0.993972
0.649999;0.44;0.449999;0.25;1.46318
0.27;0.279999;0.53;0.52;0.449874
0.5;0.48;0.5;0.48;0.86123
0.49;0.66;0.449999;0.609999;1.30798
0.609999;0.488;0.519;0.49;0.693478
0.509999;0.552;0.562999;0.509999;1.45555
0.5;0.705;0.577999;0.72;1.23276
0.72;0.555;0.69;0.5;1.51984
0.5;0.37;0.53;0.488;1.11398
0.48;0.509999;0.48;0.481999;0.721036
0.469999;0.55;0.414999;0.53;1.39461
0.53;0.553;0.555;0.539999;1.01188
0.559999;0.556999;0.506999;0.59;0.924103
0.609999;0.504;0.573;0.419999;1.36785
0.41;0.417999;0.32;0.35;0.904166
0.34;0.318;0.55;0.48;1.16493
0.489999;0.558;0.449999;0.509999;1.05698
0.48;0.481999;0.42;0.49;0.645604
0.5;0.419999;0.436;0.329999;0.458612
0.34;0.44;0.439;0.43;0.129773
0.45;0.495999;0.515;0.62;0.112932
0.599999;0.454;0.599999;0.48;-0.269199
0.48;0.5;0.48;0.51;-0.0497678
0.51;0.8;0.51;0.759999;0.0624141
0.759999;0.494;0.538999;0.46;0.215532
0.47;0.548;0.661;0.57;0.192826
0.559999;0.597999;0.489999;0.419999;0.435241
0.39;0.361;0.49;0.5;1.472
0.529999;0.488999;0.529999;0.58;1.4882
0.56;0.5;0.55;0.46;0.641175
0.48;0.46;0.34;0.349999;0.185697
0.349999;0.539999;0.49;0.69;0.903754
0.69;0.55;0.66;0.489999;0.346624
0.5;0.57;0.509;0.55;0.528642
0.539999;0.43;0.460999;0.469999;0.284236
0.42;0.6;0.53;0.64;0.311901
0.68;0.539999;0.521999;0.32;0.450196
0.329999;0.34;0.455;0.46;0.326078
0.46;0.55;0.492999;0.59;0.355937
0.57;0.69;0.57;0.75;0.634365
0.77;0.549999;0.669999;0.52;0.515222
0.51;0.52;0.55;0.53;0.717919
0.539999;0.47;0.539;0.413999;1.11389
0.5;0.5;0.521;0.526;0.408857
0.419999;0.46;0.399999;0.49;0.823416
0.49;0.489999;0.474;0.46;1.13792
0.489999;0.587;0.545999;0.629999;0.384765
0.62;0.722999;0.64;0.71;0.614097
0.69;0.58;0.652999;0.609999;1.2557
0.599999;0.48;0.637;0.48;0.641732
0.51;0.509999;0.51;0.489999;0.642907
0.489999;0.631;0.489999;0.58;0.327947
0.57;0.489;0.489;0.419999;0.778391
0.43;0.609999;0.501;0.69;0.866487
0.68;0.49;0.57;0.399999;0.264679
0.42;0.799999;0.537999;0.92;0.644665
0.91;0.53;0.825;0.55;0.828477
0.55;0.523;0.456999;0.379999;0.459903
0.389999;0.376999;0.25;0.189999;1.37949
0.18;0.36;0.5;0.66;0.814413
0.65;0.634;0.65;0.65;0.907402
0.64;0.579999;0.55;0.43;1.45464
0.449999;0.335999;0.257999;0.23;1.5477
0.23;0.53;0.442;0.8;1.28767
0.8;0.564;0.8;0.5;0.875088
0.509999;0.745999;0.579999;0.789999;0.228973
0.76;0.522;0.708;0.489999;1.27832
0.509999;0.477999;0.431999;0.449999;0.534095
0.43;0.673;0.559999;0.69;-0.205124
0.72;0.497;0.527;0.379999;0.344505
0.379999;0.39;0.452999;0.52;0.531628
0.44;0.460999;0.56;0.49;-0.261665
0.549999;0.798999;0.549999;0.789999;-0.121052
0.78;0.69;0.76;0.67;0.174966
0.699999;0.64;0.719999;0.549999;1.02934
0.539999;0.469999;0.32;0.41;1.08475
0.39;0.55;0.56;0.74;1.1512
0.73;0.62;0.779999;0.43;0.884171
0.46;0.399999;0.43;0.579999;1.74335
0.579999;0.75;0.46;0.77;1.43695
0.76;0.53;0.8;0.369999;1.04199
0.379999;0.506999;0.388999;0.53;0.815075
0.55;0.513;0.550999;0.64;0.429725
0.6;0.53;0.58;0.34;0.572099
0.359999;0.410999;0.379;0.48;-0.0986436
0.355;0.644;0.456;0.561999;-0.1299
0.574999;0.331;0.574999;0.468;0.369965
0.609999;0.693999;0.609999;0.77;0.190347
0.76;0.681;0.75;0.669999;0.359654
0.669999;0.731999;0.649999;0.741;0.264605
0.629;0.782;0.659;0.743;1.18558
0.698;0.759;0.698;0.465999;1.04355
0.602999;0.456;0.512999;0.8;0.807576
0.76;0.952;0.727;0.57;1.61485
0.609999;0.378;0.713;0.699999;1.2123
0.69;0.799999;0.649;0.609999;0.601261
0.609999;0.45;0.550999;0.51;1.25821
0.52;0.329999;0.32;0.349999;1.30744
0.359999;0.34;0.405999;0.31;0.533046
0.309999;0.359999;0.434;0.469999;0.922393
0.45;0.41;0.408;0.32;1.03552
0.349999;0.91;0.541999;1.0;1.35021
1.0;0.635;0.97;0.559999;0.852033
0.59;0.564999;0.479999;0.4;1.21859
0.379999;0.42;0.45;0.469999;1.62493
0.48;0.419999;0.509999;0.55;1.21832
0.58;0.968;0.67;1.0;0.637188
0.850999;0.717;0.850999;0.535;0.471356
0.673999;0.574999;0.561;0.43;1.14113
0.391999;0.35;0.504999;0.689;0.576713
0.723;0.759999;0.702999;0.449999;0.144099
0.509999;0.289999;0.336;0.449999;0.15208
0.35;0.31;0.0;0.0;0.828104
0.0;0.189999;0.579999;0.69;0.497379
0.689999;0.73;0.73;0.8;0.741293
0.78;0.56;0.21;0.0;-0.0517675
0.0;0.0;0.196999;0.34;0.158619
0.279999;0.497999;0.533;0.56;-0.0972369
0.58;0.38;0.475999;0.32;0.294312
0.34;0.573999;0.423999;0.759999;-0.353057
0.739999;0.696;0.82;0.59;0.0218978
0.62;0.39;0.4;0.32;-0.00428349
0.27;0.25;0.0;0.03;0.0903389
0.059999;0.359999;0.559999;0.77;0.441926
0.78;0.55;0.55;0.3;0.770502
0.27;0.43;0.53;0.599999;0.841754
0.64;0.654;0.619999;0.74;0.819769
0.71;0.625999;0.64;0.669999;0.802093
0.66;0.66;0.56;0.26;0.678249
0.3;0.4;0.449999;0.68;1.12419
0.669999;0.515999;0.609999;0.532;0.414371
0.343;0.504999;0.396;0.315;0.506186
0.334;0.339;0.390999;0.532999;0.0109723
0.683;0.609999;0.632999;0.57;-0.813023
0.57;0.379999;0.23;0.15;-0.138239
0.16;0.272;0.48;0.619999;-0.0350574
0.609999;0.527999;0.576;0.46;0.280183
0.47;0.8;0.564;0.82;-0.0503489
0.849999;0.489999;0.73;0.399999;-0.147075
0.37;0.69;0.489999;0.71;0.449904
0.69;0.42;0.56;0.39;1.0211
0.0;0.479999;0.099999;0.57;0.775405
1.0;0.9;1.0;0.96;1.06781
0.96;0.5;0.78;0.299999;0.748186
0.309999;0.559999;0.439999;0.58;0.205784
0.489999;0.379999;0.25;0.109999;0.179788
0.19;0.12;0.439;0.469999;1.19451
0.48;0.94;0.311;0.36;0.795235
0.34;0.169999;0.438;0.529999;-0.0950643
0.51;0.38;0.611999;0.699999;0.891831
0.699999;0.539999;0.399999;0.14;0.998559
0.0;0.149999;0.0;0.41;0.50702
1.0;0.51;0.94;0.66;0.719117
0.64;0.71;0.645999;0.64;0.647034
0.63;0.739999;0.854;0.82;0.0153264
0.829999;0.51;0.559999;0.32;0.379731
0.309999;0.43;0.39;0.359999;-0.131602
0.37;0.439999;0.529999;0.649999;0.67779
0.66;0.56;0.5;0.32;-0.537596
0.309999;0.358999;0.42;0.5;-0.0512728
0.52;0.551;0.579999;0.65;0.355362
0.279999;0.789999;0.3;0.73;0.641631
1.0;0.489999;0.97;0.379999;0.265636
0.369999;0.4;0.459999;0.609999;-0.563736
0.61;0.629999;0.616;0.53;0.811236
0.539999;0.41;0.264;0.23;0.188833
0.23;0.359999;0.5;0.609999;0.126665
0.609999;0.52;0.466999;0.378;0.988891
0.238;0.69;0.401;0.841999;0.0534078
0.972;0.579999;0.841999;0.37;0.330397
0.379999;0.343;0.46;0.53;1.14504
0.509999;0.537;0.559999;0.5;0.958066
0.53;0.610999;0.149;0.319999;0.277909
0.309999;0.363;0.545;0.48;0.784915
0.48;0.422999;0.0;0.24;0.603156
0.24;0.265;0.973;0.509999;0.746994
0.5;0.600999;0.593999;0.59;0.0534644
0.59;0.589;0.52;0.62;-0.246594
0.629999;0.524999;0.58;0.43;0.801193
0.42;0.402;0.416999;0.57;-0.390244
0.579999;0.599;0.561;0.344;0.180431
0.344;0.667999;0.482;0.885999;0.29531
0.885999;0.582;0.753;0.46;0.0815263
0.449999;0.459;0.532;0.52;1.15684
0.539999;0.706;0.540999;0.759999;-0.133748
0.75;0.805;0.702;0.67;0.69507
0.69;0.408;0.687999;0.579999;0.588076
0.55;0.738;0.53;0.56;0.43418
