<OPEN>;<HIGH>;<LOW>;<CLOSE>;(predicted -> )<LOW>
1.0;1.0;1.0;1.0;0.95509934
1.0;1.0;1.0;1.0;1.0904257
1.0;1.0;1.0;1.0;0.03184426
1.0;1.0;1.0;1.0;0.32583225
0.0;0.0;0.0;0.0;1.0202413
0.0;0.0;0.0;0.0;0.42700815
0.0;0.0;0.0;0.0;1.642928
0.0;0.0;0.0;0.0;0.24876642
0.5;0.5;0.5;0.5;-0.18483949
0.0;0.0;0.0;0.0;0.81005144
0.519;0.519;0.519;0.519;1.0706161
0.494;0.494;0.494;0.494;0.020015717
1.0;1.0;1.0;1.0;-0.21189702
1.0;1.0;1.0;1.0;1.0709261
1.0;1.0;1.0;1.0;-0.046854734
0.0;0.0;0.0;0.0;0.07648516
0.0;0.0;0.0;0.0;0.84332573
0.622;0.622;0.622;0.622;0.84777224
0.822999;0.822999;0.822999;0.822999;-0.24197054
0.268;0.268;0.268;0.268;-0.5204613
0.669;0.669;0.669;0.669;0.6244843
0.442;0.442;0.442;0.442;0.5923753
0.762;0.762;0.762;0.762;1.1758839
0.597;0.597;0.597;0.597;1.3533329
0.262999;0.262999;0.262999;0.262999;0.24474311
0.577999;0.577999;0.577999;0.577999;0.16326058
1.0;1.0;1.0;1.0;0.2637868
0.689999;0.689999;0.689999;0.689999;1.1923109
0.513;0.513;0.513;0.513;0.68257797
0.015;0.015;0.015;0.015;0.7044916
0.123999;0.123999;0.123999;0.123999;0.9100889
0.0;0.0;0.0;0.0;0.34040558
1.0;1.0;1.0;1.0;-0.050422072
1.0;1.0;1.0;1.0;-0.06250095
1.0;1.0;1.0;1.0;0.85499334
0.0;0.0;0.0;0.0;0.8284395
0.0;0.0;0.0;0.0;1.2902592
0.173;0.173;0.173;0.173;0.7657801
0.696999;0.696999;0.696999;0.696999;0.19329834
0.289;0.289;0.289;0.289;0.46459484
0.544;0.544;0.544;0.544;0.6759708
0.334999;0.334999;0.334999;0.334999;0.79619634
0.268;0.268;0.268;0.268;0.17398942
0.555;0.555;0.555;0.555;0.70891726
0.089999;0.089999;0.089999;0.089999;0.5176251
0.0;0.0;0.0;0.0;0.061166763
0.029;0.029;0.029;0.029;0.56773174
0.312999;0.312999;0.312999;0.312999;0.43567765
1.0;1.0;1.0;1.0;0.42915392
0.5;0.5;0.5;0.5;0.29318678
0.215;0.215;0.215;0.215;1.4558886
0.891999;0.891999;0.891999;0.891999;0.72478104
0.508;0.508;0.508;0.508;0.17547059
1.0;1.0;1.0;1.0;1.0225092
0.658999;0.658999;0.658999;0.658999;0.8926039
1.0;1.0;1.0;1.0;0.626791
0.257999;0.257999;0.257999;0.257999;0.96375096
0.486999;0.486999;0.486999;0.486999;1.5739416
0.0;0.0;0.0;0.0;0.51977384
0.333;0.333;0.333;0.333;0.052679062
1.0;1.0;1.0;1.0;1.0621225
0.265;0.265;0.265;0.265;0.3811096
0.440999;0.440999;0.440999;0.440999;-0.47574592
0.63;0.63;0.63;0.63;0.22110093
0.498999;0.498999;0.498999;0.498999;0.72628903
1.0;1.0;1.0;1.0;-3.8266182e-05
0.967;0.967;0.967;0.967;-0.26838434
1.0;1.0;1.0;1.0;0.5798255
1.0;1.0;1.0;1.0;0.23775148
1.0;1.0;1.0;1.0;1.1849408
0.309999;0.309999;0.309999;0.309999;0.7193481
0.402;0.402;0.402;0.402;0.6238674
0.245999;0.245999;0.245999;0.245999;1.2762939
1.0;1.0;1.0;1.0;0.7982855
0.942;0.942;0.942;0.942;0.5603229
0.646;0.646;0.646;0.646;0.10766435
0.87;0.87;0.87;0.87;0.26833463
0.739999;0.739999;0.739999;0.739999;0.49876022
0.292;0.292;0.292;0.292;1.0916059
0.509999;0.509999;0.509999;0.509999;0.015208602
0.0;0.0;0.0;0.0;-0.6751771
0.0;0.0;0.0;0.0;0.729311
0.163999;0.163999;0.163999;0.163999;1.1265879
0.056;0.056;0.056;0.056;0.1725291
1.0;1.0;1.0;1.0;0.11307049
0.369;0.369;0.369;0.369;1.0588412
0.332;0.332;0.332;0.332;0.48381436
0.0;0.0;0.0;0.0;0.3033017
0.5;0.5;0.5;0.5;1.2281065
0.5;0.5;0.5;0.5;0.08022237
0.5;0.5;0.5;0.5;0.078508735
0.5;0.5;0.5;0.5;1.4832114
0.5;0.5;0.5;0.5;0.6266092
0.5;0.5;0.5;0.5;-0.12602758
0.5;0.5;0.5;0.5;0.28393316
0.5;0.5;0.5;0.5;-0.4970188
0.5;0.5;0.5;0.5;0.19304502
0.5;0.5;0.5;0.5;1.5507077
0.5;0.5;0.5;0.5;0.61146665
0.5;0.5;0.5;0.5;-0.17025125
0.5;0.5;0.5;0.5;0.47402728
0.5;0.5;0.5;0.5;0.75363266
0.5;0.5;0.5;0.5;-0.20182085
1.0;1.0;1.0;1.0;0.46544123
0.3226;0.3018;0.3226;0.2997;1.3397251
0.483999;0.483999;0.483999;0.493099;0.13176847
0.080999;0.080999;0.080999;0.080999;-0.060301542
0.6907;0.6907;0.6907;0.6907;0.75818646
0.4021;0.4021;0.4021;0.4021;-0.09300363
0.6398;0.6398;0.6398;0.6398;-0.29369247
0.523099;0.523099;0.523099;0.523099;0.9752368
0.459299;0.459299;0.459299;0.459299;0.2693777
0.442;0.442;0.442;0.442;-0.5644555
0.503499;0.503499;0.503499;0.503499;0.5655234
0.2972;0.2972;0.2972;0.2972;0.93506026
0.4756;0.4756;0.4756;0.4756;0.30709255
0.6336;0.6336;0.6336;0.6336;0.36177385
0.468599;0.468599;0.468599;0.468599;1.3527309
0.5286;0.6026;0.4726;0.5306;0.9022181
0.2769;0.2029;0.3329;0.274899;-0.47717345
0.6033;0.6033;0.6033;0.6033;0.66495585
0.392099;0.392099;0.392099;0.392099;1.0009502
0.1263;0.1263;0.1263;0.1263;-0.051626086
0.275199;0.275199;0.275199;0.275199;0.4680221
0.4282;0.4282;0.4282;0.4282;0.8482193
0.4953;0.4953;0.4953;0.4953;-0.011831045
0.6645;0.6645;0.6645;0.6645;0.257573
0.3964;0.3964;0.3964;0.3964;0.81751394
0.421099;0.421099;0.421099;0.421099;0.10497916
0.6291;0.6291;0.6291;0.6291;0.21417487
0.472799;0.472799;0.472799;0.472799;0.7153367
0.6168;0.6168;0.6168;0.6168;0.37173378
0.492599;0.492599;0.492599;0.492599;-0.19760084
0.525099;0.525099;0.525099;0.525099;0.19577193
0.486;0.486;0.486;0.486;-0.15301657
0.6226;0.6226;0.6226;0.6226;0.09767461
0.451999;0.451999;0.451999;0.451999;1.3478403
0.6442;0.6442;0.6442;0.6442;1.1611168
0.091899;0.091899;0.091899;0.091899;0.58490384
0.910399;0.910399;0.910399;0.910399;0.6723379
0.9116;0.9116;0.9116;0.9116;0.33230233
1.0;1.0;1.0;1.0;-0.03565204
0.216;0.216;0.216;0.216;0.79396117
0.438599;0.7135;0.4025;0.7014;1.0060941
0.7494;0.793799;0.785499;0.793499;0.21646965
0.782399;1.0;0.782399;1.0;0.34804988
1.0;1.0;1.0;0.0;0.2784108
1.0;0.450599;0.4004;1.0;-0.056898117
0.0;0.0;0.0;0.0;-0.2580608
0.0;0.0;0.132;0.0;0.5640154
0.068699;0.5499;0.2207;1.0;1.071987
1.0;1.0;1.0;1.0;-0.28243613
1.0;0.0;1.0;0.0;-0.10417354
1.0;1.0;1.0;0.8767;0.58876026
0.2071;0.375;0.277999;0.549299;0.29437888
0.5909;0.509;0.655;0.173;0.56454587
0.728999;0.509;0.739;1.0;0.8489256
0.459;0.459;0.459;0.459;0.77154684
0.402999;0.402999;0.402999;0.402999;0.3254478
0.108;0.108;0.108;0.108;0.91538775
0.553999;0.553999;0.553999;0.553999;0.4505937
0.0;0.0;0.0;0.0;-0.34698498
0.441999;0.441999;0.441999;0.441999;0.1604681
0.0;0.0;0.0;0.0;0.5534177
0.495;0.495;0.495;0.495;0.08901405
0.288999;0.288999;0.288999;0.288999;0.12436557
0.535;0.535;0.535;0.535;0.1689409
0.601;0.601;0.601;0.601;-0.6078626
0.0;0.0;0.0;0.0;-0.06518316
0.702999;0.702999;0.702999;0.702999;1.2544011
0.433;0.433;0.433;0.433;-0.03895116
0.111;0.111;0.111;0.111;-0.6488855
0.913999;0.913999;0.913999;0.913999;0.8667414
0.594;0.594;0.594;0.594;0.76743114
0.565;0.565;0.565;0.565;0.22268641
0.518;0.518;0.518;0.518;0.4297887
0.241;0.241;0.241;0.241;-0.09492588
0.781199;0.781199;0.781199;0.781199;-0.35543096
0.425799;0.425799;0.425799;0.425799;0.96203434
0.424;0.424;0.424;0.424;0.59432137
1.0;1.0;1.0;1.0;-0.16068172
0.729499;0.729499;0.729499;0.729499;0.4313116
0.2615;0.2615;0.2615;0.2615;0.21976578
0.0;0.0;0.0;0.0;-0.090616465
0.485;0.485;0.485;0.485;0.122526765
0.7134;0.7134;0.7134;0.7134;0.6617104
0.4376;0.4376;0.4376;0.4376;-0.35691214
0.326999;0.326999;0.326999;0.326999;-0.30103278
0.353899;0.353899;0.353899;0.353899;1.0111635
0.1731;0.1731;0.1731;0.1731;0.41826713
0.3686;0.3686;0.3686;0.3686;-0.892591
0.476399;0.476399;0.476399;0.476399;0.7266377
0.6931;0.6931;0.6931;0.6931;0.2909099
0.5959;0.759899;0.5029;0.533899;-0.8374716
0.3447;0.1807;0.4377;0.4067;0.902841
0.0013;0.0013;0.0013;0.0013;-0.15553784
0.6509;0.8441;0.572599;0.7028;-0.9042258
0.603199;0.521899;0.4485;0.410999;0.5970632
0.6011;0.4905;0.526699;0.2932;0.6815349
0.2149;0.461599;0.5223;0.721999;0.39738464
0.9895;0.8249;0.6617;0.6056;-0.48008513
0.189599;0.270199;0.4878;0.401399;-0.13432455
0.603999;0.5501;0.633599;0.663;1.6169642
0.5491;0.480499;0.4388;0.401699;0.34681308
0.3033;0.376899;0.3587;0.4123;-0.65719736
0.6096;0.5133;0.364599;0.224;0.8140032
0.180899;0.459;0.4573;0.513999;0.5244349
0.3499;0.3591;0.3734;0.487;-0.07759285
0.7696;0.505199;0.474999;0.416999;0.30950654
0.3352;0.412199;0.498;0.718;1.6119872
0.607299;0.4944;0.472;0.228;1.3510947
0.3823;0.439499;0.612099;0.778399;-0.48896623
0.680099;0.8378;0.6519;0.7374;0.41494417
0.515899;0.410699;0.5668;0.393;1.0205125
0.4147;0.312799;0.218999;0.1582;-0.71856034
0.334;0.4993;0.4649;0.518799;0.40243018
0.5762;0.407;0.266999;0.3061;1.0516231
0.1316;0.4037;0.5304;0.7745;-1.9776995
0.822099;0.587299;0.4259;0.4316;-0.9447063
0.4737;0.452099;0.805899;0.44;1.3954406
0.481999;0.5699;0.4673;0.5717;0.12363839
0.347;0.513999;0.387699;0.437199;-0.5293782
0.579099;0.342;0.3404;0.4091;0.5394672
0.3281;0.349;0.157499;0.403099;0.17596531
0.452299;0.4862;0.8172;0.5931;-0.124248385
0.5102;0.503299;0.5;0.5058;0.6807958
0.5815;0.5528;0.591;0.4895;0.28156984
0.447899;0.441599;0.4845;0.4732;0.50234246
0.3099;0.3609;0.079899;0.307299;0.39679754
0.8855;1.0;1.0;1.0;1.0578548
0.867799;0.5372;0.888999;0.679;-0.8125181
0.606999;0.606999;0.606999;0.606999;0.6000285
0.4588;0.578399;0.4588;0.337;1.0937934
0.5468;0.9066;0.5468;0.9831;-0.9167994
0.814499;0.4428;0.156399;0.0;1.2800221
0.4566;0.526399;1.0;1.0;0.93316483
0.552099;0.5329;0.638;0.629799;-1.32001
0.616799;0.552699;0.563099;0.475;-0.6242926
0.4511;0.3933;0.4457;0.4239;1.8726801
0.4845;0.516999;0.494699;0.622199;-0.08820844
0.6321;0.914;0.681;0.7239;0.25517988
0.878699;0.6017;0.739799;0.533;1.8958126
0.41;0.802699;0.5195;0.867;-0.5974467
0.8227;1.0;0.716999;0.594999;-0.655597
0.745799;0.0;0.8809;0.684999;1.8149649
0.5636;0.4397;0.0;0.1059;-0.19166124
0.062;0.055599;0.8481;0.3001;-1.8185225
0.6205;0.8644;0.6949;0.430999;0.6197159
0.308899;0.069;0.295999;0.5821;1.1223559
0.3736;0.347999;0.1079;0.0249;-1.8239999
0.2315;0.209;0.0;0.526199;-0.32778335
0.3619;0.7577;0.8944;0.951699;1.492015
0.911299;0.8889;0.599399;0.053;-1.2285109
0.666;0.3765;0.1171;0.574099;0.15664446
0.0;0.0555;0.882999;0.312;1.8097614
0.7195;0.498799;0.5577;0.535;-1.26256
0.358;0.3594;0.0;0.338;-0.007774949
0.443199;0.533199;1.0;0.863799;2.1638546
0.5885;0.528;0.4779;0.4088;0.57237196
0.5347;1.0;0.644199;0.877399;-0.19760382
0.9097;0.650099;0.9108;1.0;0.9294336
1.0;0.9506;1.0;0.9654;0.71115243
0.9922;0.6113;0.967199;0.145199;-1.1327858
0.3553;0.1449;0.3303;0.634;1.6359364
0.4206;0.4834;0.3504;0.398299;0.44133115
0.505199;0.6006;0.581399;0.5179;-1.2377377
0.520299;0.409299;0.4184;0.2008;0.9083067
0.2636;0.4767;0.105799;0.052999;1.9049858
0.173;0.0;0.2515;0.7753;-0.5519564
0.564499;0.5383;0.4001;0.2501;-1.1358316
0.079;0.1615;0.320499;0.113599;2.4630523
0.608499;0.7564;0.7058;0.597;0.35617995
0.418099;0.306999;0.396999;0.547;-0.9051318
0.5817;0.632;0.6157;0.379;0.4903351
0.3643;0.418899;0.4022;0.584999;0.7784401
0.7192;0.5912;0.7192;0.9047;-0.98068964
0.424499;0.4169;0.287399;0.0;-1.0987903
0.6022;0.561199;0.6606;0.9583;1.5237306
0.3953;0.3904;0.390499;0.1707;-0.0407691
0.238099;0.367599;0.296399;0.495999;-0.3419186
0.7634;0.7118;0.6778;0.9308;0.95337677
0.651399;0.847;0.7622;0.4312;2.078167
0.805099;0.997;0.805099;0.975999;0.10447252
0.698499;0.741599;0.548;1.0;-1.2117351
0.9855;0.5913;0.267199;0.2281;0.5733286
0.561399;0.409099;1.0;0.498;1.6931688
0.3506;0.4366;0.5837;0.547999;0.89155483
0.5468;0.474699;0.4314;0.5558;1.4639889
0.279;0.3597;0.0;0.2332;1.4850115
0.540599;0.6733;1.0;0.745999;-0.038107753
0.8453;0.616399;0.6749;0.698399;0.27410734
0.4323;0.548;0.0;0.4206;1.2595748
0.6754;0.909399;1.0;0.95;0.32957244
0.826599;0.4741;0.646599;0.572999;-0.9684975
0.2424;0.4858;0.0;0.4512;0.95582354
0.5117;0.9188;1.0;0.0;0.5601411
0.351899;0.0;0.1663;0.641999;-0.2396698
0.5246;0.369899;0.504199;0.12;-0.45892847
0.5274;0.485099;0.3868;0.691099;0.23572493
0.1035;0.1113;0.3194;0.0569;0.6104176
0.2328;0.7475;0.505099;0.727;-0.7520373
0.6855;0.4204;0.6855;0.8751;2.7955685
0.675799;0.566799;0.4194;0.4133;0.60124743
0.1704;0.604;0.4268;0.5213;-0.13927472
0.782399;0.539999;0.782399;0.578699;1.0445838
0.5946;0.2893;0.526199;0.2276;0.38141954
0.4527;0.515699;0.4318;0.672499;0.51384616
0.2006;0.728999;0.279199;0.352999;0.011793256
0.641999;0.0767;0.476199;0.1485;2.9664254
0.3294;0.298699;0.4282;0.737199;0.4846995
0.4773;0.5522;0.5473;0.6019;0.8513485
0.5732;0.570399;0.559799;0.1849;1.3130044
0.4553;0.4933;0.3835;0.689399;-0.28322887
0.434799;0.350399;0.4161;0.407299;-0.116165996
0.478;0.4981;0.5671;0.556799;0.25245893
0.472999;0.831199;0.4955;0.812;2.5711632
0.8171;0.4835;0.625799;0.0;-0.5359943
0.2803;0.2165;0.3982;0.575999;0.15736866
0.4757;0.783999;0.549099;0.646;1.5395259
0.612099;0.3441;0.506499;0.588799;-0.64958584
0.3712;0.2972;0.186199;0.0;-0.37387264
0.314299;0.518699;0.5059;0.922999;0.98105717
0.470099;0.387;0.0;0.2985;3.110889
0.3077;0.403499;1.0;0.4472;0.013831735
0.5011;0.5161;0.4864;0.365299;0.027263641
0.666399;0.727399;0.724399;0.417;0.355417
0.4307;0.2373;0.3947;0.692399;0.159127
0.357299;0.426199;0.460899;0.5581;0.82004416
0.6028;1.0;0.6028;1.0;1.170284
1.0;0.7532;1.0;0.4733;2.0102477
0.6505;0.489999;0.6505;0.656099;0.2726947
0.571099;0.468;0.240499;0.1081;1.2046372
0.294499;0.2222;0.4824;0.588899;0.41036952
0.1181;0.3767;0.2608;0.1226;-0.93601894
0.747799;0.485299;0.459199;0.596699;0.12044656
0.2302;0.2604;0.390799;0.494;2.393857
0.537;0.690899;0.6429;0.6273;2.1165404
0.670099;0.6796;0.4376;0.318899;0.5726789
0.2815;0.1169;0.4148;0.5059;0.12514341
0.4952;0.5688;0.6261;0.530999;0.063878775
0.499399;0.4262;0.4316;0.430199;0.7986342
0.5248;0.647499;0.5212;0.7167;0.49618828
0.616;0.5775;0.6408;0.5183;1.1665736
0.5257;0.698499;0.5627;0.787099;1.9716536
0.804599;0.7004;0.804599;0.504999;1.4080201
0.5396;0.5941;0.5396;0.6171;0.13623285
0.6558;0.407399;0.5778;0.3576;1.0305141
0.450499;0.476199;0.5285;0.598599;1.1338745
0.4828;0.559;0.4828;0.5572;0.0067954063
0.767099;1.0;0.767099;0.9544;1.2692069
0.8624;0.735099;0.783899;0.5363;3.197894
0.4221;0.5221;0.4635;0.706399;0.7942413
0.588999;0.2789;0.0;0.399899;-0.8423711
0.4596;1.0;1.0;1.0;-0.21590543
1.0;1.0;1.0;0.811799;0.85123825
1.0;0.171299;0.392599;0.8559;-0.0064606667
0.565299;0.238399;1.0;0.348499;1.2627189
0.3273;0.2791;0.095299;0.0731;2.5909877
0.1235;0.2272;0.4331;0.4855;-0.0073934793
0.497;0.384;0.575999;0.523;0.33262718
0.2478;0.491199;0.2658;0.509399;1.2808208
0.625699;0.497799;0.5517;0.415399;0.9476875
0.6953;0.5919;0.421499;0.3903;0.358585
0.1207;0.146599;0.3373;0.2783;1.8786584
0.5566;0.582699;0.528599;0.550599;1.8074309
0.3521;0.424499;0.5113;0.4917;-0.8950795
0.492899;0.4458;0.172699;0.1494;0.51654327
0.1076;0.077899;0.1754;0.165599;1.753441
0.3492;0.414999;0.529499;0.5187;0.26289272
0.263299;0.2573;0.1961;0.362299;0.251693
0.4211;0.6121;0.5604;0.7321;2.35996
0.6938;0.913699;0.539299;0.882099;2.049551
1.0;0.668199;0.8583;0.1834;-0.876155
0.2843;0.1522;0.4435;0.495099;0.13187575
0.446899;0.7221;0.5916;0.7705;0.43939698
0.706299;0.555399;0.7073;0.540099;0.8685981
0.6098;0.5042;0.381;0.389199;0.9033387
0.2392;0.399;0.5008;0.614;1.071093
0.7391;0.584599;0.432199;0.2239;2.0683799
0.148299;0.2648;0.404;0.6211;-0.7877971
0.5654;0.560299;0.5788;0.582099;0.19807863
0.6556;0.8119;0.6934;0.5629;0.22270131
0.666499;0.3808;0.6015;0.5518;0.42236197
0.49;0.504;0.507999;0.559999;1.2422805
0.632899;1.0;0.6799;1.0;0.3584658
0.919699;0.495799;0.764199;0.2998;1.0131453
0.369;0.332899;0.062599;0.1555;-0.17059398
0.0405;0.0849;0.099;0.005299;0.36015856
0.0;0.0;0.0;0.2019;-0.13608885
0.738699;0.6736;0.643599;0.432499;1.0104423
0.595;0.305399;0.4695;0.5448;1.4301007
0.553999;0.6352;0.4224;0.305199;0.81580925
0.1582;0.172699;0.4595;0.489899;1.1907701
0.3306;0.4098;0.381499;0.430099;-1.4527912
0.4923;0.3743;0.4055;0.3333;-0.4912014
0.483699;0.4894;0.465799;0.521899;0.4069184
0.6448;0.6828;0.6702;0.7885;1.2417887
0.6059;0.4737;0.456;0.4116;0.49589026
0.360999;0.6267;0.590199;0.527899;-0.45395148
0.4707;0.292999;0.4193;0.4357;0.6584649
0.581199;0.5986;0.56;0.5871;-0.82905245
0.5102;0.550999;0.523699;0.526;-0.89630437
0.5062;0.4192;0.5119;0.388999;0.66373694
0.529199;0.469999;0.582599;0.594799;1.1064862
0.5053;0.5649;0.4514;0.4365;0.675032
0.114799;0.163999;0.1687;0.2669;1.118735
0.588999;0.7473;0.571999;0.707599;1.5176152
0.8481;0.5838;0.7059;0.576899;-0.08647394
0.575199;0.6036;0.4581;0.3884;0.59396374
0.1372;0.189599;0.3674;0.3413;1.5307223
0.2557;0.268999;0.1509;0.2145;0.18117177
0.4483;0.8207;0.5992;0.996399;0.30348647
0.931999;0.5154;0.8059;0.4638;1.0312204
0.3692;0.5912;0.448499;0.544999;0.87862957
0.656799;0.4051;0.581;0.5115;-0.25769424
0.6724;0.8203;0.710699;0.369199;0.44163215
0.461499;0.371099;0.3516;0.312999;-0.21476698
0.2877;0.315999;0.4131;0.7775;-0.3103639
0.4465;0.569;0.5153;0.4626;0.5641018
0.663;0.642999;0.559;0.4513;0.47310042
0.406399;0.265;0.314999;0.337899;1.4902269
0.3558;0.3344;0.4543;0.4182;-0.8489872
0.392599;0.5443;0.4875;0.6082;-1.1379386
0.8249;0.9513;0.8269;0.796299;-0.5745138
0.384799;0.072599;0.2303;0.0;1.4173334
0.062799;0.2291;0.116399;0.062;1.258335
0.465299;0.377299;0.4542;0.8004;-0.06614578
0.3959;0.4725;0.507899;0.523599;1.3573532
0.4877;0.338;0.0512;0.0;0.3723358
0.0;0.087499;0.235599;0.6433;-0.16987276
0.555599;0.422;0.3073;0.0;0.3584628
0.1745;0.1479;0.3138;0.7637;2.958599
0.493099;0.4742;0.6173;0.556899;0.5519812
0.6592;0.6052;0.420299;0.1684;0.612623
0.002199;0.2925;0.0;0.190299;1.0705893
0.3064;0.108699;0.9308;0.3947;-1.0760779
0.459;0.6187;0.654499;0.8178;0.5274688
0.7466;0.5966;0.5527;0.417199;1.5430902
0.404199;0.4438;0.591;0.7169;0.60766983
0.7639;0.8124;0.747599;0.6889;-0.5859817
0.3426;0.481999;0.213699;0.241799;1.5157555
0.4514;0.306999;0.5275;0.6454;2.0407176
0.9229;0.7432;0.7325;0.532999;-1.1463637
0.213299;0.2728;0.245;0.239;-0.1701529
0.3022;0.2878;0.3627;0.368;0.5688493
0.4421;0.488199;0.5261;0.5717;0.12335825
0.4176;0.489999;0.0122;0.471699;1.1254047
0.5703;0.6072;0.923999;0.7312;0.71623075
0.6644;0.998799;0.8199;0.5656;0.5624895
0.593399;0.177199;0.524799;0.604799;0.0732218
0.413899;0.4514;0.379799;0.4457;-0.07524741
0.744;1.0;0.8455;1.0;-0.7878269
0.8298;0.4389;0.8;0.4239;0.973845
0.5046;0.818999;0.535599;0.559799;0.85058856
0.627399;0.491;0.5762;0.476199;-0.17686439
0.6841;0.606999;0.610599;0.5865;1.0140573
0.3706;0.8038;0.4953;0.916399;-0.025215268
0.9877;0.438199;0.846;0.5463;0.04096973
0.4489;0.7499;0.5906;0.6798;-0.114097714
0.712299;0.6751;0.712299;0.620999;0.34550476
0.6517;0.5622;0.439399;0.3393;0.379241
0.3506;0.409799;0.4656;0.568099;0.8355801
0.4726;0.2828;0.5699;0.5547;1.405484
0.586099;0.8942;0.586099;0.6872;-0.25737238
0.7174;0.573999;0.646699;0.4431;-0.38569522
0.377599;0.1171;0.2651;0.267199;1.0693913
0.3553;0.6404;0.439399;0.808399;-0.97479177
0.8005;0.7635;0.7567;0.431;0.37499118
0.311599;0.099;0.2635;0.123;1.9059633
0.267499;0.507999;0.292899;0.218;1.0449563
0.3353;0.135999;0.2667;0.413499;-1.3084764
0.1747;0.341;0.391999;0.3808;-0.76494765
0.4513;0.2224;0.320999;0.487299;0.06779778
0.5211;0.7876;0.6683;0.6804;0.06378341
0.7028;0.645;0.5594;0.4752;1.5002583
0.3806;0.456699;0.5102;0.7303;0.43412197
0.7988;0.6825;0.8126;0.604699;0.45497763
0.523;0.320799;0.4177;0.2818;-0.9308065
0.3919;0.418;0.432199;0.56;-0.71935606
0.548099;0.898;0.613099;0.5886;0.38225102
0.5017;0.256;0.4619;0.386799;0.3028934
0.3908;0.550999;0.3497;0.4139;0.56688535
0.5119;0.59;0.5928;0.5805;0.17852235
0.590499;0.250399;0.420999;0.377499;0.91085184
0.331099;0.4956;0.1648;0.1715;0.6426667
0.1989;0.277999;0.3109;0.139199;0.64691055
0.181999;0.097599;0.405799;0.7786;0.2563094
0.716699;0.5425;0.6029;0.404699;0.2630626
0.4186;0.471899;0.271099;0.0207;0.9651457
0.0487;0.249;0.2307;0.5563;0.5222951
0.5089;0.244199;0.3614;0.480499;0.8667861
0.560199;0.7773;0.7667;0.7404;0.23679483
0.7021;0.666499;0.6171;0.4175;-0.6651486
0.248799;0.515699;0.354099;0.7667;0.20625043
0.9217;0.6013;0.877099;0.539099;0.3084098
0.549999;0.617999;0.4542;0.3851;-1.4092351
0.2937;0.15;0.2674;0.287199;1.0757928
0.3066;0.445499;0.4695;0.6094;1.4362936
0.64;0.630499;0.5581;0.3931;-1.0724123
0.223099;0.281;0.052299;0.0;-0.9479667
0.4;0.1766;0.218399;0.402699;0.11145222
0.1369;0.273399;0.5129;0.564;1.4207457
0.6084;0.664;0.5839;0.5766;0.3661846
0.4816;0.488;0.336099;0.229699;2.039764
0.285899;0.215999;0.3748;0.4373;1.732174
0.4861;0.652;0.591799;0.7163;0.14047968
0.7146;0.751999;0.6371;0.2414;0.83038855
0.375299;0.267;0.4296;0.682599;0.55815625
0.5792;0.609999;0.6399;0.8241;-0.28633428
0.8382;0.625999;0.562;0.5062;1.0198181
0.436699;0.54;0.657899;0.529399;2.610526
0.5433;0.382899;0.3468;0.2498;0.9595846
0.224799;0.435099;0.354699;0.2539;-0.16334307
0.3641;0.1655;0.3166;0.464199;0.32179105
0.2653;0.503499;0.3727;0.4704;-1.0608609
0.5591;0.5192;0.7227;0.520399;1.2490069
0.5626;0.557099;0.460699;0.6935;0.9114628
0.601399;0.591699;0.5395;0.4035;0.3999536
0.4257;0.58;0.424199;0.239999;1.7729198
0.355;0.135999;0.305499;0.597799;-1.0153617
0.552199;0.4553;0.4489;0.3411;0.38705218
0.3355;0.617799;0.5459;0.6671;0.78211474
0.762;0.4539;0.7638;0.657;0.5184566
0.4968;0.645;0.248899;0.271599;0.45093346
0.309099;0.282999;0.0602;0.0;1.057366
0.0;0.0;0.334699;0.669;2.0800266
0.639499;0.6937;0.5324;0.4875;0.69159615
0.381;0.2375;0.291899;0.2892;1.2106304
0.2335;0.4055;0.462;0.2593;0.29200363
0.624699;0.637;0.617;0.629999;0.021434307
0.3632;0.547;0.3672;0.475;-0.13444376
0.5046;0.37;0.480799;0.428899;2.038816
0.287399;0.059599;0.329499;0.3474;2.2215638
0.525;0.477799;0.4451;0.5228;-0.83670866
0.431099;0.421199;0.4473;0.2469;0.51879036
0.4681;0.7424;0.543599;0.8504;0.89453506
0.7931;1.0;0.7931;0.790599;0.86072433
1.0;0.262;0.916599;0.617;0.22815216
0.3486;0.550999;0.507899;0.673;-0.6118889
0.697099;0.625;0.639099;0.483999;1.1330341
0.4554;0.5062;0.5308;0.513;0.58419156
0.407299;0.2828;0.350999;0.702999;0.53335774
0.5886;0.389599;0.5668;0.201999;1.4149522
0.322199;0.295;0.3904;0.5441;1.2532686
0.5573;0.729399;0.515899;0.4069;-0.41272295
0.451999;0.3416;0.4141;0.4871;0.6023233
0.3641;0.445799;0.485299;0.5669;2.8372145
0.5922;0.445899;0.5473;0.454599;-0.4273231
0.4266;0.7197;0.4715;0.430399;-0.17017674
0.653699;0.495999;0.559899;0.489;1.2559597
0.2796;0.414999;0.2924;0.315999;0.14576066
0.4118;0.1547;0.278199;0.4189;-0.389498
0.2514;0.2483;0.2498;0.2558;1.2616013
0.3431;0.351699;0.515499;0.5669;2.2994256
0.608;0.6819;0.2964;0.250699;0.273404
0.190899;0.141299;0.5137;0.3987;0.16264963
0.670999;0.6035;0.431799;0.427;0.9360765
0.338;0.3561;0.4801;0.445999;-0.1344378
0.4041;0.402799;0.4753;0.6027;0.6490593
0.4691;0.483899;0.280099;0.162299;1.0443007
0.258199;0.2877;0.4093;0.6081;0.8594041
0.5402;0.7866;0.636499;0.8301;0.16982603
0.754299;0.7729;0.7488;0.3948;0.32062578
0.4819;0.4026;0.462599;0.661999;-0.700369
0.7494;0.7793;0.7743;0.800999;0.4120772
0.809999;0.7013;0.736799;0.507;0.89400756
0.4916;0.823799;0.5641;0.544;-0.44958544
0.671599;0.3135;0.4749;0.416999;0.7274364
0.3893;0.291699;0.465199;0.464;1.0781293
0.610699;0.7083;0.5348;0.535999;1.6265486
0.3893;0.291699;0.465199;0.464;-0.11480105
0.4377;0.433499;0.4147;0.5731;0.45762408
0.334499;0.4288;0.3831;0.4924;0.03137338
0.7748;0.755499;0.796099;0.7287;1.1669134
0.480599;0.4204;0.380099;0.245799;0.79385686
0.319199;0.338799;0.4017;0.358;1.4122401
0.2736;0.4723;0.564999;0.679099;0.8964782
0.692;0.488099;0.433199;0.4729;-1.1848177
0.43;0.479;0.402;0.43;0.24492192
0.407;0.327999;0.494;0.489999;0.339741
0.398;0.327999;0.399;0.355;0.4489993
0.541699;0.809999;0.445599;0.331;-0.23645115
0.503299;0.259;0.3974;0.533999;0.22249568
0.2633;0.4742;0.465299;0.5089;0.58589625
0.6015;0.5998;0.5542;0.6191;-0.33504915
0.786899;0.725199;0.827099;0.689;-0.87858987
0.664;0.7337;0.6497;0.6997;1.2189631
0.543099;0.696899;0.564499;0.7593;0.6468718
1.0;0.6853;0.8475;0.605;0.47251332
0.5225;0.910599;0.6597;0.841;1.0255967
0.772499;0.4311;0.6357;0.344;1.0919427
0.1939;0.445899;0.3843;0.8183;-0.42037916
0.895499;0.7627;0.876199;0.412699;-0.5959685
0.4954;0.648599;0.4082;0.5618;1.1388664
0.323;0.0655;0.2909;0.2698;0.9610449
0.3471;0.3972;0.425899;0.339399;-0.015297055
0.415799;0.488299;0.3936;0.625;0.20722198
0.6167;0.622399;0.6812;0.7621;1.6283547
0.891999;0.873799;0.864599;0.6989;-0.75029385
0.6136;0.5471;0.586399;0.5229;-0.5800719
0.470499;0.3648;0.2945;0.391099;1.9848441
0.58;0.822399;0.716699;0.9459;-0.08473945
0.7785;0.734;0.8291;0.703299;-0.9800012
0.7302;0.803599;0.712899;0.8026;1.0907923
0.754899;0.7957;0.833;0.843599;1.5747522
0.8874;0.8736;0.6265;0.6616;-0.28030825
0.6282;0.505299;0.882899;0.6536;-0.8453603
0.5713;0.7678;0.5775;0.6704;1.6734635
0.8245;0.666899;0.820499;0.709;0.11014092
0.814799;0.7894;0.724399;0.7007;-0.87689114
0.0;0.2067;0.062;0.1313;1.1660193
1.0;0.6998;0.888099;0.811999;1.4715587
0.375399;0.341699;0.446;0.4136;-0.76695335
0.291499;0.3079;0.264199;0.112399;0.43786216
0.3884;0.4773;0.4991;0.6801;1.670674
0.5044;0.6555;0.550899;0.6189;-1.2418891
0.794;0.6002;0.6048;0.503999;0.792328
0.3367;0.255099;0.332899;0.369;1.6872739
0.2791;0.3418;0.4372;0.25;0.01633513
0.555599;0.575499;0.3163;0.4808;-0.43870163
0.4382;0.5322;0.666399;0.8476;-0.3474499
0.7197;0.603;0.424299;0.1356;1.8752013
0.1476;0.192499;0.347799;0.541999;-0.35690618
0.8013;0.726099;0.7805;0.55;-0.27977777
0.290799;0.3899;0.0967;0.158999;0.977159
0.1018;0.021599;0.1811;0.352;0.5031531
0.4833;0.664;0.717199;0.48;-0.10533285
0.5378;0.339099;0.436499;0.425;-0.9795959
0.3081;0.5752;0.428;0.753999;0.9867315
0.798999;0.718899;0.793099;0.681;0.6102418
0.9722;0.9526;0.8729;0.8508;0.09073663
0.3597;0.279;0.3819;0.4109;0.63457835
0.5655;0.555;0.672799;0.4463;0.6601368
0.4374;0.3378;0.296299;0.4206;-0.24838102
0.3061;0.427199;0.3925;0.4224;-0.101920485
0.480699;0.3567;0.2639;0.173999;2.6716924
0.2862;0.614599;0.532999;0.837;0.30902672
0.891199;0.6201;0.8969;0.547999;-0.78750205
0.542899;0.4932;0.3304;0.263;2.217904
0.2357;0.250299;0.410999;0.6676;0.23582327
0.4522;0.427299;0.0804;0.0;-0.32332492
0.1324;0.4205;0.5604;0.9557;1.5906488
0.513499;0.509899;0.5015;0.5123;1.2997096
0.9793;0.697;0.527299;0.3043;-0.6547804
0.0945;0.322499;0.5222;0.3167;-1.5180583
0.4528;0.3548;0.3672;0.5853;1.3793056
0.4236;0.523399;0.5455;0.5807;-0.58547807
0.9494;0.726;0.6815;0.562899;-0.55651915
0.365299;0.5443;0.6048;0.610599;0.8029853
0.6096;0.558699;0.622799;0.6226;-0.19032013
0.6325;0.6781;0.637699;0.6689;-1.0496999
0.545;0.6769;0.555;0.623999;0.6694679
0.654;0.433;0.590299;0.323;1.361147
0.236999;0.3828;0.300699;0.629999;-1.5253749
0.686;0.6532;0.6617;0.384;-0.3601874
0.384;0.418299;0.4083;0.591999;1.2315189
0.591999;0.5946;0.591999;0.478;0.3772055
0.6598;0.4101;0.4892;0.463;0.3437345
0.318999;0.326499;0.1714;0.049999;2.5959287
0.1307;0.2959;0.307599;0.5898;2.129868
0.3794;0.2515;0.3989;0.2536;-0.28926384
0.1219;0.1471;0.126799;0.025599;-0.098841906
0.4832;0.535699;0.5491;0.764;0.6381248
0.579599;0.6104;0.630599;0.654999;-0.06924522
0.605399;0.633699;0.4922;0.255;0.35163808
0.3659;0.2042;0.172699;0.232999;0.49584854
0.2795;0.5079;0.5859;0.8045;0.7226263
0.6294;0.487299;0.6064;0.451499;1.3256406
0.6463;0.5799;0.540699;0.443;-0.5906398
0.383199;0.386099;0.3065;0.364;-0.3958429
0.334499;0.3214;0.4275;0.361;1.0407244
0.2462;0.414899;0.358499;0.487099;0.7535254
0.4997;0.497399;0.465499;0.660299;0.98930347
0.703499;0.7893;0.7377;0.7206;1.2024318
0.9202;0.8621;0.8813;0.873899;-0.11159134
0.765699;0.616199;0.5337;0.2391;-0.4112358
0.23;0.275199;0.3982;0.689;0.18263209
0.613199;0.5617;0.671299;0.366;1.7626737
0.2227;0.2059;0.193;0.163;0.15946078
0.4483;0.4403;0.3108;0.42;-0.054567575
0.464;0.563599;0.505899;0.8263;2.636323
0.610699;0.4481;0.7226;0.447699;0.22520769
0.3583;0.428;0.3239;0.384;-0.7951642
0.479299;0.5469;0.394199;0.4145;0.94335425
0.388999;0.317799;0.3297;0.3915;0.393561
0.6945;0.7535;0.785999;0.8902;0.3125255
0.746499;0.806799;0.8762;0.6768;0.7605617
0.7754;0.613;0.5009;0.4368;0.5077337
0.2101;0.3351;0.4316;0.310199;0.872535
0.337199;0.4568;0.405799;0.626;1.5826498
0.6379;0.601799;0.6379;0.613999;1.0243659
0.741;0.5803;0.417499;0.3986;0.6308173
0.185099;0.1432;0.3615;0.227399;1.2551998
0.3716;0.503599;0.5017;0.777799;1.13259
0.654699;0.4995;0.545099;0.4238;0.6061648
0.5759;0.637799;0.5602;0.4819;0.2420609
0.3621;0.6197;0.5044;0.493499;0.79782057
0.551099;0.2862;0.5489;0.6018;0.5107795
0.4748;0.430199;0.295099;0.307099;0.5487715
0.312799;0.352;0.4516;0.3301;0.3666972
0.5608;0.686799;0.4284;0.485399;0.5513971
0.365199;0.1973;0.372199;0.4157;2.651093
0.3306;0.3946;0.456499;0.5378;0.21587956
0.5326;0.597799;0.5752;0.6002;-1.3579364
0.523199;0.715299;0.523199;0.6829;0.88276017
0.8035;0.590299;0.6892;0.489799;2.3374176
0.4605;0.3406;0.4039;0.339099;-0.73046935
0.451999;0.459499;0.427599;0.4824;-0.6736393
0.3229;0.3878;0.2559;0.071699;1.7511045
0.2317;0.175999;0.2477;0.4461;0.29645014
0.2186;0.3458;0.425899;0.406699;1.2189035
0.560199;0.555399;0.532499;0.5106;1.6512548
0.5499;0.4326;0.5836;0.5566;0.11884916
0.4559;0.450199;0.3828;0.3566;-0.63334954
0.466;0.5273;0.5225;0.637;1.882032
0.469999;0.4146;0.2889;0.0604;1.6693686
0.224399;0.3469;0.455099;0.590299;-1.18553
0.596;0.617799;0.5364;0.495799;2.1230197
0.4009;0.4255;0.4056;0.675;0.042570114
0.739599;0.6674;0.6089;0.3561;-0.57200146
0.1912;0.352399;0.376799;0.6613;1.0874157
0.679099;0.4936;0.6445;0.472099;0.81322837
0.5684;0.5473;0.344899;0.2445;1.4643465
0.2872;0.3884;0.5088;0.674299;0.60795593
0.736699;0.669699;0.770699;0.646699;1.262862
0.538699;0.6694;0.425699;0.686199;-1.1569197
0.7453;0.6691;0.8114;0.4247;-0.09295893
0.4891;0.3811;0.427799;0.463999;1.3117974
0.4743;0.4161;0.4578;0.4878;0.45842576
0.273199;0.3367;0.344799;0.3565;1.0275726
0.5809;0.5932;0.5376;0.457699;2.0236826
0.4701;0.4475;0.4832;0.6967;0.09216416
0.486699;0.6628;0.572499;0.449299;-0.28691244
0.503299;0.571999;0.503299;0.710699;0.9708916
0.7202;0.5397;0.6538;0.4937;0.1992588
0.4268;0.364699;0.0941;0.0823;0.9923314
0.0821;0.1568;0.4812;0.3433;1.3556813
0.580099;0.5149;0.5444;0.6524;-0.41674328
0.5147;0.558699;0.540499;0.570999;-0.1281972
0.536099;0.4482;0.44;0.4616;2.08256
0.3876;0.410299;0.3047;0.089999;0.11519539
0.212499;0.5588;0.401399;0.823;0.19171584
0.7389;0.607299;0.7389;0.556999;1.3153319
0.683399;0.7302;0.6785;0.8516;0.9512876
0.6883;0.6601;0.6633;0.630199;-0.31644356
0.5566;0.3449;0.468;0.2605;1.0374968
0.399999;0.419899;0.4416;0.3277;1.7463421
0.3487;0.6167;0.425599;0.7583;-0.53814006
0.622399;0.351499;0.5152;0.459199;0.6305789
0.7146;1.0;0.820599;0.9937;0.6024842
0.8959;0.667299;0.8523;0.4681;0.031540275
0.5566;0.5181;0.4802;0.5807;1.5529369
0.420999;0.2995;0.4296;0.3963;1.3760273
0.0;0.631399;0.0;0.7377;-0.82137537
1.0;0.606;1.0;0.601799;-0.0058288574
0.6209;0.551199;0.6038;0.4132;0.969324
0.477499;0.465199;0.4437;0.4625;1.3356869
0.3794;0.4323;0.495699;0.538799;2.5290523
0.5871;0.5563;0.5498;0.5344;0.013477087
0.649799;0.634;0.678899;0.6048;-0.82406354
0.5352;0.5197;0.517199;0.563099;0.8284812
0.5246;0.6358;0.504799;0.6125;2.0016704
0.4778;0.337599;0.4819;0.341999;0.13509738
0.471499;0.455;0.338299;0.411999;-0.8385922
0.399999;0.417299;0.5348;0.5396;0.9119605
0.6138;0.8278;0.6643;0.8278;0.701872
0.8194;0.6927;0.8194;0.6299;-0.05580139
0.5459;0.622499;0.5459;0.622599;0.30617464
0.590999;0.5862;0.491499;0.646;0.46557236
0.6964;0.8278;0.7959;0.7755;0.1767968
0.7749;0.682199;0.733;0.604799;2.4255786
0.5383;0.4369;0.5285;0.5327;1.0978435
0.542199;0.4692;0.535299;0.415699;-0.4891808
0.4514;0.449299;0.3045;0.3143;1.135916
0.604599;0.779;0.776899;0.8779;2.268324
0.4125;0.2918;0.3939;0.409499;0.31294572
0.577199;0.502199;0.4331;0.3849;-0.35025728
0.3763;0.3482;0.503399;0.416799;2.880714
0.4619;0.459199;0.3393;0.4814;1.130939
0.0;0.6289;0.0;0.512499;-0.16160262
1.0;0.589299;1.0;0.7224;-0.19954395
0.8742;0.6158;0.559799;0.2939;0.84935474
0.2273;0.2193;0.4557;0.4737;0.5712961
0.3792;0.3597;0.0;0.0;0.6935184
0.0;0.102899;0.5209;0.591899;1.3478701
0.5424;0.6016;0.4057;0.6404;-0.6815518
0.685399;0.7881;0.8061;0.770199;0.80549765
0.8393;0.562899;0.642399;0.3597;1.1179929
0.2913;0.7147;0.2494;0.9064;0.53364086
0.8763;0.4936;0.867599;0.323799;0.6713306
0.357399;0.431999;0.624099;0.6195;1.5144919
0.585699;0.9046;0.585699;0.6462;2.8270397
1.0;0.730499;0.7468;0.614799;0.7481222
0.3209;0.3032;0.3444;0.5824;0.6938075
0.624499;0.674299;0.8308;0.780899;-0.8095677
0.5418;0.4126;0.4861;0.2805;1.3648515
0.305;0.3718;0.0803;0.0465;1.6208922
0.2769;0.319199;0.537299;0.5961;-0.9767587
0.587599;0.6304;0.6308;0.784199;1.4532541
0.710699;0.5121;0.619299;0.4895;1.0301803
0.4531;0.475999;0.4323;0.3799;0.7856225
0.311899;0.3432;0.303;0.269299;0.2965306
0.3804;0.4886;0.471699;0.6869;1.5294944
0.669799;0.587199;0.664899;0.474599;-0.16146553
0.6654;0.628399;0.6441;0.6169;0.022045255
0.319799;0.323399;0.347999;0.415399;2.6065383
0.6501;0.6304;0.616199;0.553;1.1477565
0.4798;0.581599;0.5131;0.4431;-0.1266892
0.395099;0.4757;0.407699;0.451;1.168773
0.451;0.3006;0.43;0.439999;1.7809604
0.43;0.4057;0.18;0.27;-0.8566047
0.279999;0.469999;0.5456;0.7;0.69491315
0.76;0.559999;0.6609;0.449999;1.8996452
0.39;0.44;0.431;0.52;0.23205626
0.509999;0.4514;0.432499;0.37;-0.2522434
0.38;0.3986;0.48;0.48;-0.32492232
0.48;0.435599;0.39;0.389999;-0.07190955
0.349699;0.4045;0.3;0.28;0.50770986
0.3203;0.289899;0.419999;0.469999;1.3562237
0.469999;0.563299;0.57;0.62;0.11222708
0.62;0.6467;0.5196;0.51;-1.0166223
0.5;0.430099;0.6004;0.559999;0.24102676
0.420999;0.8399;0.420999;0.84;0.9993528
1.0;0.64;0.999;0.51;0.52578497
0.469999;0.424599;0.346399;0.389999;0.60293424
0.399999;0.695399;0.543599;0.6;1.2287353
0.58;0.3425;0.4277;0.52;0.3343855
0.5;0.357499;0.299399;0.31;0.44654953
0.32;0.4048;0.5619;0.439999;1.0998462
0.419999;0.6352;0.530999;0.58;1.2767469
0.58;0.364799;0.469;0.419999;1.1409913
0.419999;0.6352;0.530999;0.58;0.25678325
0.63;0.379999;0.42;0.329999;-0.33049536
0.329999;0.329999;0.449999;0.55;0.65869737
0.382999;0.69;0.472999;0.509999;0.36454248
0.657;0.3;0.257;0.09;-0.055577874
0.12;0.239999;0.4556;0.599999;0.6052648
0.58;0.57;0.5944;0.52;-0.30997348
0.509999;0.5627;0.559999;0.595;-0.5028988
0.5474;0.388;0.4033;0.334999;0.1993959
0.3626;0.633299;0.506699;0.609999;1.4307504
0.67;0.446;0.4768;0.48;-0.995865
0.447999;0.434999;0.5642;0.505;-1.5814538
0.492;0.5379;0.568999;0.311999;1.2527262
0.337;0.5569;0.337;0.579;1.1225288
0.753;0.5002;0.6634;0.734;-0.39090466
0.55;0.649999;0.6296;0.639999;0.8033459
0.64;0.6067;0.629999;0.51;1.2751435
0.48;0.6733;0.4788;0.719999;-0.7087017
0.75;0.4802;0.616499;0.39;0.8006995
0.39;0.3598;0.4947;0.43;2.4147902
0.469999;0.554199;0.37;0.44;1.034305
0.43;0.5458;0.557599;0.739999;0.44762242
0.699999;0.5648;0.5969;0.4;0.71775067
0.449999;0.4554;0.465199;0.599999;0.7197236
0.57;0.529799;0.6143;0.4614;-0.29969466
0.6448;0.65;0.6444;0.718599;0.45763004
0.5252;0.739999;0.340199;0.58;0.4117583
0.579999;0.701599;0.831399;0.84;0.7914518
0.83;0.6796;0.82;0.449999;0.8670484
0.449999;0.343;0.4173;0.51;-0.13662827
0.55;0.4158;0.3427;0.43;0.76917756
0.419999;0.43;0.489999;0.5;0.4451518
0.45;0.52;0.13;0.0;-0.1618172
0.049999;0.08;0.16;0.18;0.6310736
0.248;0.183999;0.513999;0.464;2.0271096
0.422;0.5772;0.526;0.596;-0.45322132
0.579999;0.740199;0.559999;0.609999;-0.168028
0.6;0.5186;0.64;0.8;1.9299184
0.789999;0.739999;0.789999;0.719999;-0.20322752
0.682;0.5;0.673;0.52;0.27029264
0.468;0.94;0.477;0.84;1.1000578
0.832999;0.585899;0.669999;0.5;0.86595166
0.567;0.3519;0.553899;0.28;-0.21248412
0.3;0.392199;0.3259;0.46;0.8252953
0.449999;0.3804;0.5489;0.552;1.8786525
0.5804;0.5122;0.4294;0.398;-0.5080546
0.3796;0.4374;0.541499;0.5;0.68294156
0.5;0.48;0.4604;0.48;0.9823476
0.52;0.509999;0.5141;0.549999;-0.16417754
0.5;0.4855;0.335899;0.22;0.8135711
0.25;0.4648;0.401299;0.48;1.2955939
0.469999;0.3127;0.517299;0.489999;1.5494381
0.49;0.567;0.5307;0.6;0.6782149
0.625999;0.526;0.579699;0.510999;1.5699302
0.474;0.483999;0.460999;0.568999;0.06804216
0.58;0.58;0.37;0.21;0.016248703
0.189999;0.315999;0.469999;0.53;1.0443573
0.54;0.404;0.139;0.149999;-0.21279109
0.109999;0.131;0.311;0.399999;1.7377113
0.419999;0.489;0.565999;0.62;1.4369254
0.64;0.593;0.599;0.43;-0.42297792
0.44;0.439;0.434999;0.379999;0.013152242
0.41;0.488;0.48;0.64;1.0904287
0.609999;0.439999;0.629999;0.48;1.0015105
0.469999;0.51;0.48;0.5;0.5244558
0.51;0.76;0.51;0.81;1.266781
0.759999;0.579999;0.66;0.41;0.38194108
0.45;0.42;0.449999;0.489999;-0.08170259
0.479999;0.539999;0.538;0.609999;0.72940934
0.6;0.68;0.59;0.609999;0.74924576
0.59;0.359999;0.541999;0.39;0.42719293
0.43;0.8;0.53;0.66;0.8520906
0.68;0.521999;0.652;0.609999;1.9751405
0.609999;0.408;0.468;0.33;0.641117
0.3;0.43;0.405;0.609999;0.38626838
0.62;0.489999;0.574999;0.469999;1.2318169
0.484999;0.494;0.509999;0.44;1.0307466
0.414999;0.616;0.438;0.66;0.53118217
0.67;0.549999;0.532;0.289999;0.15921342
0.289999;0.307;0.469999;0.51;1.281545
0.52;0.692999;0.539999;0.739999;1.2944226
0.74;0.47;0.74;0.5;0.7360612
0.479999;0.481999;0.299999;0.309999;-1.2945439
0.31;0.378;0.27;0.31;0.4964863
0.329999;0.379999;0.539999;0.579999;1.2531881
0.59;0.539999;0.529999;0.59;-0.4189725
0.63;0.56;0.56;0.449999;1.0885005
0.389999;0.379999;0.529999;0.51;-0.07164729
0.5;0.5;0.5;0.48;-0.4738326
0.51;0.68;0.46;0.64;-0.20549548
0.629999;0.53;0.56;0.579999;1.5607213
0.56;0.690999;0.639999;0.65;0.91665435
0.66;0.669;0.64;0.669999;0.6280874
0.649999;0.44;0.449999;0.25;2.235601
0.27;0.279999;0.53;0.52;-0.11314404
0.5;0.48;0.5;0.48;0.9113674
0.49;0.66;0.449999;0.609999;1.5888904
0.609999;0.488;0.519;0.49;0.9110873
0.509999;0.552;0.562999;0.509999;0.1819377
0.5;0.705;0.577999;0.72;0.0010524988
0.72;0.555;0.69;0.5;1.0502254
0.5;0.37;0.53;0.488;-0.20389807
0.48;0.509999;0.48;0.481999;1.3744448
0.469999;0.55;0.414999;0.53;1.4095281
0.53;0.553;0.555;0.539999;-0.56304586
0.559999;0.556999;0.506999;0.59;-0.54899704
0.609999;0.504;0.573;0.419999;-0.025340438
0.41;0.417999;0.32;0.35;1.1676406
0.34;0.318;0.55;0.48;0.95461655
0.489999;0.558;0.449999;0.509999;1.2492542
0.48;0.481999;0.42;0.49;-0.26330602
0.5;0.419999;0.436;0.329999;-0.7188196
0.34;0.44;0.439;0.43;0.9183769
0.45;0.495999;0.515;0.62;1.2575959
0.599999;0.454;0.599999;0.48;0.66966164
0.48;0.5;0.48;0.51;0.026005983
0.51;0.8;0.51;0.759999;1.9363915
0.759999;0.494;0.538999;0.46;0.642625
0.47;0.548;0.661;0.57;-0.51377964
0.559999;0.597999;0.489999;0.419999;0.5216991
0.39;0.361;0.49;0.5;0.62402236
0.529999;0.488999;0.529999;0.58;0.7750695
0.56;0.5;0.55;0.46;1.1371945
0.48;0.46;0.34;0.349999;1.7111992
0.349999;0.539999;0.49;0.69;0.07062006
0.69;0.55;0.66;0.489999;0.84611523
0.5;0.57;0.509;0.55;2.2863245
0.539999;0.43;0.460999;0.469999;-0.16018403
0.42;0.6;0.53;0.64;0.37966716
0.68;0.539999;0.521999;0.32;1.3575976
0.329999;0.34;0.455;0.46;1.2077247
0.46;0.55;0.492999;0.59;-0.13333511
0.57;0.69;0.57;0.75;0.33506203
0.77;0.549999;0.669999;0.52;1.2867068
0.51;0.52;0.55;0.53;0.30128407
0.539999;0.47;0.539;0.413999;0.3375237
0.5;0.5;0.521;0.526;0.6241684
0.419999;0.46;0.399999;0.49;2.3489094
0.49;0.489999;0.474;0.46;0.08824813
0.489999;0.587;0.545999;0.629999;-0.25845718
0.62;0.722999;0.64;0.71;0.48949468
0.69;0.58;0.652999;0.609999;0.8943771
0.599999;0.48;0.637;0.48;0.4294907
0.51;0.509999;0.51;0.489999;0.85032034
0.489999;0.631;0.489999;0.58;1.7930185
0.57;0.489;0.489;0.419999;0.51433194
0.43;0.609999;0.501;0.69;0.66955435
0.68;0.49;0.57;0.399999;-0.21091056
0.42;0.799999;0.537999;0.92;0.5770986
0.91;0.53;0.825;0.55;1.1895721
0.55;0.523;0.456999;0.379999;0.99729645
0.389999;0.376999;0.25;0.189999;1.3520901
0.18;0.36;0.5;0.66;1.1217271
0.65;0.634;0.65;0.65;0.26367056
0.64;0.579999;0.55;0.43;-0.23285699
0.449999;0.335999;0.257999;0.23;1.1888956
0.23;0.53;0.442;0.8;0.76123226
0.8;0.564;0.8;0.5;0.6400441
0.509999;0.745999;0.579999;0.789999;1.1940305
0.76;0.522;0.708;0.489999;0.01377213
0.509999;0.477999;0.431999;0.449999;-0.55498433
0.43;0.673;0.559999;0.69;0.9478812
0.72;0.497;0.527;0.379999;1.3898914
0.379999;0.39;0.452999;0.52;-0.42982948
0.44;0.460999;0.56;0.49;0.36252785
0.549999;0.798999;0.549999;0.789999;1.6202008
0.78;0.69;0.76;0.67;0.041303515
0.699999;0.64;0.719999;0.549999;-0.49356174
0.539999;0.469999;0.32;0.41;1.3114785
0.39;0.55;0.56;0.74;-0.013660908
0.73;0.62;0.779999;0.43;0.19241917
0.46;0.399999;0.43;0.579999;1.365835
0.579999;0.75;0.46;0.77;0.98623383
0.76;0.53;0.8;0.369999;-0.27183545
0.379999;0.506999;0.388999;0.53;-0.17556202
0.55;0.513;0.550999;0.64;0.9512787
0.6;0.53;0.58;0.34;0.5118792
0.359999;0.410999;0.379;0.48;0.03789115
0.355;0.644;0.456;0.561999;1.0056351
0.574999;0.331;0.574999;0.468;0.97973096
0.609999;0.693999;0.609999;0.77;-0.60624135
0.76;0.681;0.75;0.669999;0.13193238
0.669999;0.731999;0.649999;0.741;1.3310765
0.629;0.782;0.659;0.743;0.6646519
0.698;0.759;0.698;0.465999;0.39025295
0.602999;0.456;0.512999;0.8;0.6494527
0.76;0.952;0.727;0.57;0.5832528
0.609999;0.378;0.713;0.699999;0.34629452
0.69;0.799999;0.649;0.609999;1.0518526
0.609999;0.45;0.550999;0.51;1.0865067
0.52;0.329999;0.32;0.349999;-0.23640943
0.359999;0.34;0.405999;0.31;1.1422818
0.309999;0.359999;0.434;0.469999;1.6352688
0.45;0.41;0.408;0.32;0.069517374
0.349999;0.91;0.541999;1.0;-0.7379974
1.0;0.635;0.97;0.559999;0.57493496
0.59;0.564999;0.479999;0.4;0.16744184
0.379999;0.42;0.45;0.469999;0.040880322
0.48;0.419999;0.509999;0.55;1.1906718
0.58;0.968;0.67;1.0;0.9863322
0.850999;0.717;0.850999;0.535;0.5471443
0.673999;0.574999;0.561;0.43;-0.121169806
0.391999;0.35;0.504999;0.689;-1.2241329
0.723;0.759999;0.702999;0.449999;0.54686713
0.509999;0.289999;0.336;0.449999;1.9347225
0.35;0.31;0.0;0.0;1.0753517
0.0;0.189999;0.579999;0.69;1.0037874
0.689999;0.73;0.73;0.8;0.117508054
0.78;0.56;0.21;0.0;0.6776844
0.0;0.0;0.196999;0.34;0.22388446
0.279999;0.497999;0.533;0.56;0.72892356
0.58;0.38;0.475999;0.32;1.3027792
0.34;0.573999;0.423999;0.759999;0.92161345
0.739999;0.696;0.82;0.59;0.97192276
0.62;0.39;0.4;0.32;-0.27270567
0.27;0.25;0.0;0.03;-0.6302203
0.059999;0.359999;0.559999;0.77;-0.21785748
0.78;0.55;0.55;0.3;0.4882102
0.27;0.43;0.53;0.599999;0.52478063
0.64;0.654;0.619999;0.74;0.97294796
0.71;0.625999;0.64;0.669999;1.2609636
0.66;0.66;0.56;0.26;-0.068687916
0.3;0.4;0.449999;0.68;0.2860402
0.669999;0.515999;0.609999;0.532;0.6055032
0.343;0.504999;0.396;0.315;0.6568556
0.334;0.339;0.390999;0.532999;0.8399104
0.683;0.609999;0.632999;0.57;-0.047006726
0.57;0.379999;0.23;0.15;0.29863167
0.16;0.272;0.48;0.619999;0.7564937
0.609999;0.527999;0.576;0.46;0.39856482
0.47;0.8;0.564;0.82;0.9957527
0.849999;0.489999;0.73;0.399999;0.6252264
0.37;0.69;0.489999;0.71;-1.0503198
0.69;0.42;0.56;0.39;0.28055656
0.0;0.479999;0.099999;0.57;1.2010728
1.0;0.9;1.0;0.96;0.58867085
0.96;0.5;0.78;0.299999;0.20563352
0.309999;0.559999;0.439999;0.58;0.70294785
0.489999;0.379999;0.25;0.109999;1.1224155
0.19;0.12;0.439;0.469999;-0.5780513
0.48;0.94;0.311;0.36;0.63450384
0.34;0.169999;0.438;0.529999;1.4446055
0.51;0.38;0.611999;0.699999;1.045609
0.699999;0.539999;0.399999;0.14;0.6674473
0.0;0.149999;0.0;0.41;-0.393268
1.0;0.51;0.94;0.66;-0.36165965
0.64;0.71;0.645999;0.64;0.26608455
0.63;0.739999;0.854;0.82;1.6155933
0.829999;0.51;0.559999;0.32;1.0085409
0.309999;0.43;0.39;0.359999;0.12165356
0.37;0.439999;0.529999;0.649999;0.7120316
0.66;0.56;0.5;0.32;0.67360747
0.309999;0.358999;0.42;0.5;0.87858784
0.52;0.551;0.579999;0.65;0.44583428
0.279999;0.789999;0.3;0.73;0.39546835
1.0;0.489999;0.97;0.379999;1.074258
0.369999;0.4;0.459999;0.609999;0.74127364
0.61;0.629999;0.616;0.53;-0.13206851
0.539999;0.41;0.264;0.23;0.07742691
0.23;0.359999;0.5;0.609999;1.007617
0.609999;0.52;0.466999;0.378;-0.028022647
0.238;0.69;0.401;0.841999;0.17671931
0.972;0.579999;0.841999;0.37;0.68277764
0.379999;0.343;0.46;0.53;-0.60924244
0.509999;0.537;0.559999;0.5;-0.6648029
0.53;0.610999;0.149;0.319999;0.2992307
0.309999;0.363;0.545;0.48;1.3982539
0.48;0.422999;0.0;0.24;0.37583756
0.24;0.265;0.973;0.509999;0.48742044
0.5;0.600999;0.593999;0.59;1.1991893
0.59;0.589;0.52;0.62;-0.094997406
0.629999;0.524999;0.58;0.43;-0.27643096
0.42;0.402;0.416999;0.57;0.6869768
0.579999;0.599;0.561;0.344;0.8034264
0.344;0.667999;0.482;0.885999;0.3225063
0.885999;0.582;0.753;0.46;0.89536357
0.449999;0.459;0.532;0.52;1.0478084
0.539999;0.706;0.540999;0.759999;0.44130135
0.75;0.805;0.702;0.67;0.4705583
0.69;0.408;0.687999;0.579999;0.1754229
0.55;0.738;0.53;0.56;0.2517377
0.539999;0.387;0.506;0.609999;0.46580482
0.71;0.777;0.548999;0.69;0.41203547
0.289999;0.222999;0.451;0.309999;0.11156249
0.71;0.777;0.548999;0.69;-0.36959004
0.59;0.668999;0.866;0.619999;-0.26752007
0.68;0.609;0.599;0.45;0.15995848
0.409999;0.356;0.401999;0.549999;0.20305264
0.56;0.460999;0.439;0.359999;0.61607707
0.38;0.277;0.0;0.38;0.85699606
0.349999;0.529999;0.461;0.659999;1.0276382
0.66;0.57;0.481999;0.49;-0.5539532
0.509999;0.58;0.452999;0.34;-0.65526915
0.31;0.182999;0.565;0.477;0.9866719
0.372;0.608999;1.0;0.367;1.6055261
0.609999;0.485;0.437;0.44;0.8378868
0.26;0.283999;0.292999;0.415999;0.13848293
0.436;0.436;0.511;0.436;1.0740285
0.364;0.506;0.410999;0.43;0.9097074
0.568999;0.56;0.551;0.662;0.030825019
0.515999;0.483999;0.582999;0.459;-0.26019168
0.58;0.452999;0.302;0.623;0.6734495
0.623;0.676;0.834;0.469999;0.16148138
0.469999;0.614;0.564;0.64;0.42430508
0.64;0.473999;0.464;0.5;0.6410961
0.489999;0.815;0.545999;0.8;-0.23458552
0.81;0.483999;0.768;0.519999;-0.007095456
0.519999;0.579;0.515999;0.41;0.7454698
0.43;0.356;0.468;0.53;0.86361516
0.51;0.82;0.559;0.829999;0.3183906
0.799999;0.710999;0.79;0.659999;0.6587987
0.68;0.448999;0.559999;0.45;1.4153336
0.45;0.769;0.551;0.689999;0.13402748
0.689999;0.329999;0.576999;0.46;-0.6107117
0.479999;0.650999;0.414999;0.5;1.1216496
0.48;0.352;0.5;0.5;0.85170615
0.509999;0.585999;0.481999;0.39;-0.4939313
0.399999;0.393999;0.732;0.64;0.13766038
0.63;0.516;0.596999;0.57;0.22854853
0.56;0.634;0.613;0.67;0.10463345
0.68;0.786999;0.057999;0.71;0.0862931
0.71;0.750999;1.0;0.769999;-0.066506386
0.789999;0.532;0.872999;0.53;0.62444854
0.5;0.5;0.539;0.49;1.1730258
0.509999;0.479999;0.091999;0.079999;0.7226293
0.049999;0.271;0.509;0.64;0.66049445
0.67;0.628999;0.680999;0.63;0.01441884
0.609999;0.399999;0.44;0.339999;-0.05412352
0.359999;0.72;0.396;0.77;1.5512799
0.77;0.524999;0.773999;0.479999;1.59016
0.469999;0.614999;0.59;0.71;-0.067665696
0.74;0.5;0.6;0.39;-0.09389472
0.369999;0.524;0.53;0.539999;0.7707273
0.539999;0.475999;0.379999;0.509999;0.025547028
0.53;0.59;0.649999;0.66;-1.1780913
0.63;0.68;0.64;0.71;-0.22006285
0.71;0.549999;0.63;0.489999;0.9947841
0.519999;0.62;0.49;0.69;0.29871213
0.649999;0.53;0.659999;0.5;-0.36382627
0.49;0.599999;0.53;0.519999;0.35815287
0.82;0.74;0.63;0.78;0.6894742
0.479999;0.66;0.659999;0.579999;0.9185736
0.59;0.32;0.21;0.39;1.0176485
0.39;0.649999;0.869999;0.56;-0.09019923
0.519999;0.369999;0.13;0.449999;0.8790438
0.5;0.471;0.63;0.36;1.302514
0.35;0.398999;0.425999;0.57;0.6582205
0.539999;0.83;0.704;0.799999;0.052217126
0.83;0.591;0.38;0.149999;-0.17759454
0.149999;0.228999;0.64;0.67;0.8760457
0.649999;0.419999;0.379999;0.49;-0.15158606
0.49;0.47;0.47;0.149999;-0.73033524
0.17;0.209999;0.259999;0.479999;0.3574674
0.479999;0.48;0.5;0.26;0.7722651
0.28;0.7;0.46;0.899999;-0.4581715
0.89;0.479999;0.719999;0.369999;-0.28926682
0.359999;0.289999;0.167999;0.21;0.90607154
0.18;0.503999;0.472;0.359999;-0.03125918
0.43;0.346;0.46;0.729999;0.03352511
0.699999;0.68;0.739999;0.66;0.96589375
0.68;0.579999;0.53;0.38;0.5727296
0.369999;0.34;0.359999;0.579999;-0.116154075
0.579999;0.649999;0.69;0.479999;0.62969077
0.49;0.466999;0.439999;0.51;1.1934643
0.509999;0.533;0.49;0.369999;0.15216517
0.359999;0.406999;0.479999;0.689999;0.25648522
0.71;0.813;0.63;0.829999;0.6652539
0.799999;0.6;0.829999;0.46;0.76785433
0.5;0.719999;0.549999;0.71;-0.21065426
0.7;0.509999;0.64;0.55;0.0018303394
0.52;0.64;0.58;0.589999;0.4508232
0.559999;0.5;0.559999;0.649999;1.0546093
0.68;0.49;0.469999;0.333;-0.075464964
0.5;0.311;0.35;0.276999;0.14505434
0.109999;0.289;0.0;0.0;1.5899395
0.0;0.0;0.238999;0.39;0.92862
0.4;0.57;0.171;0.099999;-0.05540204
0.109999;0.0;0.439;0.58;-0.14669847
0.579999;0.49;0.440999;0.25;0.26525903
0.24;0.523;0.48;0.649999;0.48678863
0.649999;0.346999;0.469999;0.246;0.6604289
0.536;0.66;0.707999;0.823999;-0.28790784
0.543999;0.68;0.552;0.549999;-0.1641984
0.549999;0.42;0.494999;0.64;0.43198216
0.65;0.64;0.665;0.5;0.8300518
0.469999;0.669999;0.489999;0.78;0.15961874
0.769999;0.9;0.789999;0.93;0.25279868
0.92;0.479999;0.72;0.359999;0.56206036
0.399999;0.49;0.139999;0.07;0.6436174
0.06;0.006999;0.285;0.469999;0.61579394
0.479999;0.433;0.525999;0.399999;1.2860094
0.38;0.38;0.081;0.35;1.4007663
0.359999;0.46;0.758;0.59;0.5758946
0.6;0.68;0.609999;0.689999;0.70671487
0.67;0.649999;0.75;0.549999;0.27397025
0.549999;0.39;0.286;0.36;1.0318701
0.41;0.479999;0.532999;0.519999;0.73376644
0.489999;0.52;0.514;0.57;0.67530024
0.55;0.799999;0.656999;0.829999;0.30933368
0.859999;0.64;0.76;0.42;-0.067263365
0.399999;0.31;0.469999;0.469999;-0.26026917
0.49;0.509999;0.289999;0.37;0.4572158
0.329999;0.71;0.57;0.849999;1.5291666
0.859999;0.436;0.74;0.45;0.15828657
0.43;0.694;0.549999;0.719999;-0.42468858
0.759999;0.509999;0.56;0.53;0.47485876
0.52;0.57;0.549999;0.339999;0.84864247
0.32;0.53;0.369;0.78;-0.12828064
0.789999;0.839999;0.901;0.83;1.2301629
0.859999;0.777;0.789999;0.68;1.6217207
0.66;0.482999;0.63;0.469999;0.095975876
0.449999;0.58;0.529999;0.68;0.34802306
0.719999;0.979999;0.72;0.979999;1.9432162
0.95;0.46;0.659999;0.23;0.90097535
0.219999;0.7;0.435;0.879999;-0.4679824
0.899999;0.589999;0.918999;0.51;0.6920253
0.64;0.773;0.625999;0.619999;1.0795062
0.49;0.186999;0.32;0.399999;0.090444565
0.399999;0.399999;0.51;0.32;0.42065132
0.31;0.35;0.189999;0.189999;0.67641485
0.219999;0.729999;0.433999;1.0;0.52191365
1.0;0.920999;1.0;0.66;0.46630847
0.5;0.459;0.449999;0.699999;0.45930195
0.699999;0.57;0.539999;0.27;1.6832207
0.28;0.335;0.392;0.56;-0.32806647
0.55;0.765;0.538;0.859999;-0.68840337
0.829999;0.609999;0.924999;0.57;0.78398037
0.589999;0.67;0.515;0.359999;1.1989956
0.35;0.239999;0.1;0.21;-0.20009828
0.23;0.72;0.529999;1.0;-0.11182082
1.0;0.5;0.64;0.1;1.2105857
0.0;0.0;0.22;0.35;0.21408248
0.472999;0.613;0.686;0.56;1.0381674
0.557;0.504999;0.283999;0.18;1.218683
0.149999;0.695;0.439999;1.0;0.7022147
1.0;0.407;0.543999;0.0;-0.07660937
0.009999;0.192999;0.384;0.549999;1.5143667
0.52;0.37;0.611;0.42;1.6811882
0.439999;0.586999;0.481;0.63;-0.8465643
0.649999;0.57;0.529999;0.539999;0.6571864
0.509999;0.719999;0.59;0.829999;1.0598962
0.82;0.57;0.64;0.229999;0.5360161
0.24;0.27;0.31;0.34;0.66777515
0.34;0.28;0.189999;0.21;-0.045418262
