<OPEN>;<HIGH>;<LOW>;<CLOSE>;<VOL>;(predicted -> )<CLOSE>
1.0;1.0;1.0;1.0;0.5;1.00517
1.0;1.0;1.0;1.0;0.5;0.677758
1.0;1.0;1.0;1.0;0.5;0.0350173
1.0;1.0;1.0;1.0;0.5;1.30035
0.0;0.0;0.0;0.0;0.5;0.618261
0.0;0.0;0.0;0.0;0.5;1.44251
0.0;0.0;0.0;0.0;0.5;0.34334
0.0;0.0;0.0;0.0;0.5;0.0874158
0.5;0.5;0.5;0.5;0.5;0.393384
0.0;0.0;0.0;0.0;0.5;0.162953
0.519;0.519;0.519;0.519;0.5;-0.691325
0.494;0.494;0.494;0.494;0.5;1.0829
1.0;1.0;1.0;1.0;0.5;1.12584
1.0;1.0;1.0;1.0;0.5;0.390744
1.0;1.0;1.0;1.0;0.5;0.0979479
0.0;0.0;0.0;0.0;0.5;0.394767
0.0;0.0;0.0;0.0;0.5;0.328117
0.622;0.622;0.622;0.622;0.5;1.77086
0.822999;0.822999;0.822999;0.822999;0.5;-0.533009
0.268;0.268;0.268;0.268;0.5;1.1607
0.669;0.669;0.669;0.669;0.5;0.992238
0.442;0.442;0.442;0.442;0.5;0.439626
0.762;0.762;0.762;0.762;0.5;0.172412
0.597;0.597;0.597;0.597;0.5;-0.911099
0.262999;0.262999;0.262999;0.262999;0.5;1.36019
0.577999;0.577999;0.577999;0.577999;0.5;1.20467
1.0;1.0;1.0;1.0;0.5;-1.06238
0.689999;0.689999;0.689999;0.689999;0.5;1.06679
0.513;0.513;0.513;0.513;0.5;-0.315464
0.015;0.015;0.015;0.015;0.5;1.36503
0.123999;0.123999;0.123999;0.123999;0.5;-0.13119
0.0;0.0;0.0;0.0;0.5;0.870907
1.0;1.0;1.0;1.0;0.5;-0.0492458
1.0;1.0;1.0;1.0;0.5;-0.524038
1.0;1.0;1.0;1.0;0.5;0.680637
0.0;0.0;0.0;0.0;0.5;1.11557
0.0;0.0;0.0;0.0;0.5;0.42476
0.173;0.173;0.173;0.173;0.5;0.434678
0.696999;0.696999;0.696999;0.696999;0.5;0.602114
0.289;0.289;0.289;0.289;0.5;1.31997
0.544;0.544;0.544;0.544;0.5;1.38862
0.334999;0.334999;0.334999;0.334999;0.5;-0.507027
0.268;0.268;0.268;0.268;0.5;-0.469965
0.555;0.555;0.555;0.555;0.5;0.253409
0.089999;0.089999;0.089999;0.089999;0.5;1.36427
0.0;0.0;0.0;0.0;0.5;0.900244
0.029;0.029;0.029;0.029;0.5;-0.75906
0.312999;0.312999;0.312999;0.312999;0.5;0.541508
1.0;1.0;1.0;1.0;0.5;1.38069
0.5;0.5;0.5;0.5;0.5;0.755202
0.215;0.215;0.215;0.215;0.5;-0.217814
0.891999;0.891999;0.891999;0.891999;0.5;0.646221
0.508;0.508;0.508;0.508;0.5;1.07807
1.0;1.0;1.0;1.0;0.5;-0.567484
0.658999;0.658999;0.658999;0.658999;0.5;-0.639767
1.0;1.0;1.0;1.0;0.5;0.629055
0.257999;0.257999;0.257999;0.257999;0.5;0.800085
0.486999;0.486999;0.486999;0.486999;0.5;1.91579
0.0;0.0;0.0;0.0;0.5;-0.206441
0.333;0.333;0.333;0.333;0.5;-0.362343
1.0;1.0;1.0;1.0;0.5;1.37429
0.265;0.265;0.265;0.265;0.5;1.202
0.440999;0.440999;0.440999;0.440999;0.5;0.0351723
0.63;0.63;0.63;0.63;0.5;0.676995
0.498999;0.498999;0.498999;0.498999;0.5;0.57863
1.0;1.0;1.0;1.0;0.5;0.636488
0.967;0.967;0.967;0.967;0.5;-0.259734
1.0;1.0;1.0;1.0;0.5;0.0455554
1.0;1.0;1.0;1.0;0.5;-0.219131
1.0;1.0;1.0;1.0;0.5;0.941491
0.309999;0.309999;0.309999;0.309999;0.5;0.86056
0.402;0.402;0.402;0.402;0.5;0.912004
0.245999;0.245999;0.245999;0.245999;0.5;-0.542355
1.0;1.0;1.0;1.0;0.5;0.5584
0.942;0.942;0.942;0.942;0.5;0.622296
0.646;0.646;0.646;0.646;0.5;0.701332
0.87;0.87;0.87;0.87;0.5;0.0381048
0.739999;0.739999;0.739999;0.739999;0.5;-1.01088
0.292;0.292;0.292;0.292;0.5;-0.385869
0.509999;0.509999;0.509999;0.509999;0.5;1.01913
0.0;0.0;0.0;0.0;0.5;0.998342
0.0;0.0;0.0;0.0;0.5;0.680232
0.163999;0.163999;0.163999;0.163999;0.5;-0.66554
0.056;0.056;0.056;0.056;0.5;0.911742
1.0;1.0;1.0;1.0;0.5;1.09481
0.369;0.369;0.369;0.369;0.5;0.32317
0.332;0.332;0.332;0.332;0.5;-1.09103
0.0;0.0;0.0;0.0;0.5;0.0784274
0.5;0.5;0.5;0.5;0.5;0.92712
0.5;0.5;0.5;0.5;0.5;1.08971
0.5;0.5;0.5;0.5;0.5;-0.467241
0.5;0.5;0.5;0.5;0.5;1.11362
0.5;0.5;0.5;0.5;0.5;0.350296
0.5;0.5;0.5;0.5;0.5;1.1856
0.5;0.5;0.5;0.5;0.5;-0.487405
0.5;0.5;0.5;0.5;0.5;-0.159741
0.5;0.5;0.5;0.5;0.5;1.37232
0.5;0.5;0.5;0.5;0.5;0.7564
0.5;0.5;0.5;0.5;0.5;1.17001
0.5;0.5;0.5;0.5;0.5;-1.93795
0.5;0.5;0.5;0.5;0.5;1.0784
0.5;0.5;0.5;0.5;0.5;1.60196
0.5;0.5;0.5;0.5;0.5;0.513368
1.0;1.0;1.0;1.0;0.5;1.08515
0.3226;0.3018;0.3226;0.2997;0.5;0.0169094
0.483999;0.483999;0.483999;0.493099;0.5;1.19439
0.080999;0.080999;0.080999;0.080999;0.5;1.25886
0.6907;0.6907;0.6907;0.6907;0.5;0.669378
0.4021;0.4021;0.4021;0.4021;0.5;-1.8286
0.6398;0.6398;0.6398;0.6398;0.5;0.773972
0.523099;0.523099;0.523099;0.523099;0.5;0.863492
0.459299;0.459299;0.459299;0.459299;0.5;0.418597
0.442;0.442;0.442;0.442;0.5;0.457996
0.503499;0.503499;0.503499;0.503499;0.5;0.483483
0.2972;0.2972;0.2972;0.2972;0.5;0.00475603
0.4756;0.4756;0.4756;0.4756;0.5;0.833267
0.6336;0.6336;0.6336;0.6336;0.5;1.10589
0.468599;0.468599;0.468599;0.468599;0.5;1.10303
0.5286;0.6026;0.4726;0.5306;0.5;0.748193
0.2769;0.2029;0.3329;0.274899;0.5;1.35753
0.6033;0.6033;0.6033;0.6033;0.5;0.640112
0.392099;0.392099;0.392099;0.392099;0.5;-0.12874
0.1263;0.1263;0.1263;0.1263;0.5;0.709676
0.275199;0.275199;0.275199;0.275199;0.5;0.691831
0.4282;0.4282;0.4282;0.4282;0.5;0.966954
0.4953;0.4953;0.4953;0.4953;0.5;0.939411
0.6645;0.6645;0.6645;0.6645;0.5;-1.06796
0.3964;0.3964;0.3964;0.3964;0.5;1.52303
0.421099;0.421099;0.421099;0.421099;0.5;0.0544663
0.6291;0.6291;0.6291;0.6291;0.5;1.59802
0.472799;0.472799;0.472799;0.472799;0.5;-0.265325
0.6168;0.6168;0.6168;0.6168;0.5;0.597703
0.492599;0.492599;0.492599;0.492599;0.5;0.886005
0.525099;0.525099;0.525099;0.525099;0.5;0.110012
0.486;0.486;0.486;0.486;0.5;1.1565
0.6226;0.6226;0.6226;0.6226;0.5;0.165611
0.451999;0.451999;0.451999;0.451999;0.5;0.171917
0.6442;0.6442;0.6442;0.6442;0.5;0.836002
0.091899;0.091899;0.091899;0.091899;0.5;0.563132
0.910399;0.910399;0.910399;0.910399;0.5;-0.057358
0.9116;0.9116;0.9116;0.9116;0.5;0.902116
1.0;1.0;1.0;1.0;0.5;1.41166
0.216;0.216;0.216;0.216;0.5;0.259763
0.438599;0.7135;0.4025;0.7014;0.5;0.982523
0.7494;0.793799;0.785499;0.793499;0.5;0.435143
0.782399;1.0;0.782399;1.0;0.5;-0.256408
1.0;1.0;1.0;0.0;0.5;0.994563
1.0;0.450599;0.4004;1.0;0.5;0.910157
0.0;0.0;0.0;0.0;0.5;0.257086
0.0;0.0;0.132;0.0;0.5;0.61981
0.068699;0.5499;0.2207;1.0;0.5;1.42204
1.0;1.0;1.0;1.0;0.5;0.434303
1.0;0.0;1.0;0.0;0.5;0.959038
1.0;1.0;1.0;0.8767;0.5;1.61604
0.2071;0.375;0.277999;0.549299;0.5;-0.0183765
0.5909;0.509;0.655;0.173;0.5;-0.016946
0.728999;0.509;0.739;1.0;0.5;1.22567
0.459;0.459;0.459;0.459;0.5;0.555849
0.402999;0.402999;0.402999;0.402999;0.5;0.628948
0.108;0.108;0.108;0.108;0.5;0.80164
0.553999;0.553999;0.553999;0.553999;0.5;-1.02632
0.0;0.0;0.0;0.0;0.5;0.581002
0.441999;0.441999;0.441999;0.441999;0.5;0.389272
0.0;0.0;0.0;0.0;0.5;1.12513
0.495;0.495;0.495;0.495;0.5;0.308781
0.288999;0.288999;0.288999;0.288999;0.5;1.70771
0.535;0.535;0.535;0.535;0.5;-0.938857
0.601;0.601;0.601;0.601;0.5;-0.581521
0.0;0.0;0.0;0.0;0.5;1.11322
0.702999;0.702999;0.702999;0.702999;0.5;1.18813
0.433;0.433;0.433;0.433;0.5;-0.0173871
0.111;0.111;0.111;0.111;0.5;0.098681
0.913999;0.913999;0.913999;0.913999;0.5;0.981283
0.594;0.594;0.594;0.594;0.5;1.14855
0.565;0.565;0.565;0.565;0.5;1.03258
0.518;0.518;0.518;0.518;0.5;-0.311506
0.241;0.241;0.241;0.241;0.5;1.1124
0.781199;0.781199;0.781199;0.781199;0.5;0.674277
0.425799;0.425799;0.425799;0.425799;0.5;0.294113
0.424;0.424;0.424;0.424;0.5;-0.762445
1.0;1.0;1.0;1.0;0.5;0.299424
0.729499;0.729499;0.729499;0.729499;0.5;1.46922
0.2615;0.2615;0.2615;0.2615;0.5;-1.23111
0.0;0.0;0.0;0.0;0.5;0.822103
0.485;0.485;0.485;0.485;0.5;0.0287827
0.7134;0.7134;0.7134;0.7134;0.5;0.45008
0.4376;0.4376;0.4376;0.4376;0.5;0.773048
0.326999;0.326999;0.326999;0.326999;0.5;0.227612
0.353899;0.353899;0.353899;0.353899;0.5;0.355541
0.1731;0.1731;0.1731;0.1731;0.5;-0.271517
0.3686;0.3686;0.3686;0.3686;0.5;0.403934
0.476399;0.476399;0.476399;0.476399;0.5;0.0732597
0.6931;0.6931;0.6931;0.6931;0.5;-0.474769
0.5959;0.759899;0.5029;0.533899;0.5;0.784903
0.3447;0.1807;0.4377;0.4067;0.5;0.50252
0.0013;0.0013;0.0013;0.0013;0.5;0.240939
0.6509;0.8441;0.572599;0.7028;0.5;1.78043
0.603199;0.521899;0.4485;0.410999;0.5;0.214606
0.6011;0.4905;0.526699;0.2932;0.5;0.352841
0.2149;0.461599;0.5223;0.721999;0.5;0.759416
0.9895;0.8249;0.6617;0.6056;0.5;0.537258
0.189599;0.270199;0.4878;0.401399;0.5;0.799888
0.603999;0.5501;0.633599;0.663;0.5;0.165498
0.5491;0.480499;0.4388;0.401699;0.5;0.808107
0.3033;0.376899;0.3587;0.4123;0.5;0.207501
0.6096;0.5133;0.364599;0.224;0.5;1.5617
0.180899;0.459;0.4573;0.513999;0.5;-0.0501339
0.3499;0.3591;0.3734;0.487;0.5;-0.175149
0.7696;0.505199;0.474999;0.416999;0.5;-0.13522
0.3352;0.412199;0.498;0.718;0.5;1.02211
0.607299;0.4944;0.472;0.228;0.5;0.371396
0.3823;0.439499;0.612099;0.778399;0.5;-0.535357
0.680099;0.8378;0.6519;0.7374;0.5;-0.138534
0.515899;0.410699;0.5668;0.393;0.5;0.904303
0.4147;0.312799;0.218999;0.1582;0.5;0.953823
0.334;0.4993;0.4649;0.518799;0.5;0.634956
0.5762;0.407;0.266999;0.3061;0.5;-0.17736
0.1316;0.4037;0.5304;0.7745;0.5;0.933629
0.822099;0.587299;0.4259;0.4316;0.5;0.741672
0.4737;0.452099;0.805899;0.44;0.5;0.559246
0.481999;0.5699;0.4673;0.5717;0.5;-0.97121
0.347;0.513999;0.387699;0.437199;0.5;1.05076
0.579099;0.342;0.3404;0.4091;0.5;1.73938
0.3281;0.349;0.157499;0.403099;0.5;0.0960227
0.452299;0.4862;0.8172;0.5931;0.5;0.288742
0.5102;0.503299;0.5;0.5058;0.5;0.146144
0.5815;0.5528;0.591;0.4895;0.5;1.05603
0.447899;0.441599;0.4845;0.4732;0.5;0.357222
0.3099;0.3609;0.079899;0.307299;0.5;0.667172
0.8855;1.0;1.0;1.0;0.5;0.950032
0.867799;0.5372;0.888999;0.679;0.5;0.389528
0.606999;0.606999;0.606999;0.606999;0.5;0.0347431
0.4588;0.578399;0.4588;0.337;0.5;0.503289
0.5468;0.9066;0.5468;0.9831;0.5;-0.0476186
0.814499;0.4428;0.156399;0.0;0.5;0.575083
0.4566;0.526399;1.0;1.0;0.5;0.383639
0.552099;0.5329;0.638;0.629799;0.5;0.405883
0.616799;0.552699;0.563099;0.475;0.5;0.926268
0.4511;0.3933;0.4457;0.4239;0.5;-0.908131
0.4845;0.516999;0.494699;0.622199;0.5;0.789618
0.6321;0.914;0.681;0.7239;0.5;0.130105
0.878699;0.6017;0.739799;0.533;0.5;0.701838
0.41;0.802699;0.5195;0.867;0.5;-1.21543
0.8227;1.0;0.716999;0.594999;0.5;-0.00721854
0.745799;0.0;0.8809;0.684999;0.5;-0.798035
0.5636;0.4397;0.0;0.1059;0.5;1.47963
0.062;0.055599;0.8481;0.3001;0.5;-0.0875894
0.6205;0.8644;0.6949;0.430999;0.5;0.576323
0.308899;0.069;0.295999;0.5821;0.5;0.319111
0.3736;0.347999;0.1079;0.0249;0.5;0.903308
0.2315;0.209;0.0;0.526199;0.5;1.08805
0.3619;0.7577;0.8944;0.951699;0.5;0.210112
0.911299;0.8889;0.599399;0.053;0.5;0.231474
0.666;0.3765;0.1171;0.574099;0.5;0.611943
0.0;0.0555;0.882999;0.312;0.5;0.252896
0.7195;0.498799;0.5577;0.535;0.5;0.252813
0.358;0.3594;0.0;0.338;0.5;0.667667
0.443199;0.533199;1.0;0.863799;0.5;0.556773
0.5885;0.528;0.4779;0.4088;0.5;1.01724
0.5347;1.0;0.644199;0.877399;0.5;-0.384963
0.9097;0.650099;0.9108;1.0;0.5;-0.683427
1.0;0.9506;1.0;0.9654;0.5;-0.0803415
0.9922;0.6113;0.967199;0.145199;0.5;0.74805
0.3553;0.1449;0.3303;0.634;0.5;0.914877
0.4206;0.4834;0.3504;0.398299;0.5;-0.848514
0.505199;0.6006;0.581399;0.5179;0.5;-0.49727
0.520299;0.409299;0.4184;0.2008;0.5;0.344175
0.2636;0.4767;0.105799;0.052999;0.5;0.44229
0.173;0.0;0.2515;0.7753;0.5;0.414258
0.564499;0.5383;0.4001;0.2501;0.5;-0.95777
0.079;0.1615;0.320499;0.113599;0.5;0.238674
0.608499;0.7564;0.7058;0.597;0.5;1.40186
0.418099;0.306999;0.396999;0.547;0.5;0.701403
0.5817;0.632;0.6157;0.379;0.5;-0.137675
0.3643;0.418899;0.4022;0.584999;0.5;0.552159
0.7192;0.5912;0.7192;0.9047;0.5;0.763088
0.424499;0.4169;0.287399;0.0;0.5;0.207436
0.6022;0.561199;0.6606;0.9583;0.5;-0.570989
0.3953;0.3904;0.390499;0.1707;0.5;-0.221897
0.238099;0.367599;0.296399;0.495999;0.5;0.77272
0.7634;0.7118;0.6778;0.9308;0.5;0.419014
0.651399;0.847;0.7622;0.4312;0.5;1.42432
0.805099;0.997;0.805099;0.975999;0.5;0.0235971
0.698499;0.741599;0.548;1.0;0.5;0.193947
0.9855;0.5913;0.267199;0.2281;0.5;0.504255
0.561399;0.409099;1.0;0.498;0.5;1.13991
0.3506;0.4366;0.5837;0.547999;0.5;0.0490125
0.5468;0.474699;0.4314;0.5558;0.5;0.358176
0.279;0.3597;0.0;0.2332;0.5;-0.721544
0.540599;0.6733;1.0;0.745999;0.5;0.729179
0.8453;0.616399;0.6749;0.698399;0.5;0.651049
0.4323;0.548;0.0;0.4206;0.5;-0.181294
0.6754;0.909399;1.0;0.95;0.5;-0.00448865
0.826599;0.4741;0.646599;0.572999;0.5;0.6531
0.2424;0.4858;0.0;0.4512;0.5;0.399267
0.5117;0.9188;1.0;0.0;0.5;-0.702685
0.351899;0.0;0.1663;0.641999;0.5;0.698405
0.5246;0.369899;0.504199;0.12;0.5;1.08471
0.5274;0.485099;0.3868;0.691099;0.5;-0.0491742
0.1035;0.1113;0.3194;0.0569;0.5;0.034159
0.2328;0.7475;0.505099;0.727;0.5;-0.307
0.6855;0.4204;0.6855;0.8751;0.5;1.07229
0.675799;0.566799;0.4194;0.4133;0.5;0.755798
0.1704;0.604;0.4268;0.5213;0.5;0.0226076
0.782399;0.539999;0.782399;0.578699;0.5;-0.195778
0.5946;0.2893;0.526199;0.2276;0.5;0.0774916
0.4527;0.515699;0.4318;0.672499;0.5;0.761419
0.2006;0.728999;0.279199;0.352999;0.5;0.277388
0.641999;0.0767;0.476199;0.1485;0.5;0.421542
0.3294;0.298699;0.4282;0.737199;0.5;0.946605
0.4773;0.5522;0.5473;0.6019;0.5;0.166654
0.5732;0.570399;0.559799;0.1849;0.5;0.330507
0.4553;0.4933;0.3835;0.689399;0.5;0.326639
0.434799;0.350399;0.4161;0.407299;0.5;0.09281
0.478;0.4981;0.5671;0.556799;0.5;0.357341
0.472999;0.831199;0.4955;0.812;0.5;0.321304
0.8171;0.4835;0.625799;0.0;0.5;-0.321943
0.2803;0.2165;0.3982;0.575999;0.5;0.875818
0.4757;0.783999;0.549099;0.646;0.5;0.568842
0.612099;0.3441;0.506499;0.588799;0.5;-0.274939
0.3712;0.2972;0.186199;0.0;0.5;0.21193
0.314299;0.518699;0.5059;0.922999;0.5;0.556105
0.470099;0.387;0.0;0.2985;0.5;-0.210303
0.3077;0.403499;1.0;0.4472;0.5;0.360244
0.5011;0.5161;0.4864;0.365299;0.5;-0.444079
0.666399;0.727399;0.724399;0.417;0.5;1.04032
0.4307;0.2373;0.3947;0.692399;0.5;0.0765617
0.357299;0.426199;0.460899;0.5581;0.5;0.707346
0.6028;1.0;0.6028;1.0;0.5;0.0545915
1.0;0.7532;1.0;0.4733;0.5;0.404703
0.6505;0.489999;0.6505;0.656099;0.5;0.929153
0.571099;0.468;0.240499;0.1081;0.5;0.383579
0.294499;0.2222;0.4824;0.588899;0.5;0.615108
0.1181;0.3767;0.2608;0.1226;0.5;1.00256
0.747799;0.485299;0.459199;0.596699;0.5;0.793552
0.2302;0.2604;0.390799;0.494;0.5;0.143289
0.537;0.690899;0.6429;0.6273;0.5;-0.229341
0.670099;0.6796;0.4376;0.318899;0.5;-0.53857
0.2815;0.1169;0.4148;0.5059;0.5;0.981414
0.4952;0.5688;0.6261;0.530999;0.5;-0.139046
0.499399;0.4262;0.4316;0.430199;0.5;0.222498
0.5248;0.647499;0.5212;0.7167;0.5;0.619733
0.616;0.5775;0.6408;0.5183;0.5;1.07572
0.5257;0.698499;0.5627;0.787099;0.5;1.20211
0.804599;0.7004;0.804599;0.504999;0.5;0.518506
0.5396;0.5941;0.5396;0.6171;0.5;-0.232768
0.6558;0.407399;0.5778;0.3576;0.5;0.454795
0.450499;0.476199;0.5285;0.598599;0.5;-0.168938
0.4828;0.559;0.4828;0.5572;0.5;0.950223
0.767099;1.0;0.767099;0.9544;0.5;0.72506
0.8624;0.735099;0.783899;0.5363;0.5;0.386071
0.4221;0.5221;0.4635;0.706399;0.5;-0.100857
0.588999;0.2789;0.0;0.399899;0.5;0.329083
0.4596;1.0;1.0;1.0;0.5;0.528919
1.0;1.0;1.0;0.811799;0.5;0.602436
1.0;0.171299;0.392599;0.8559;0.5;-0.346816
0.565299;0.238399;1.0;0.348499;0.5;1.6499
0.3273;0.2791;0.095299;0.0731;0.5;0.135868
0.1235;0.2272;0.4331;0.4855;0.5;0.242751
0.497;0.384;0.575999;0.523;0.5;0.447535
0.2478;0.491199;0.2658;0.509399;0.5;0.0420209
0.625699;0.497799;0.5517;0.415399;0.5;0.763827
0.6953;0.5919;0.421499;0.3903;0.5;0.110852
0.1207;0.146599;0.3373;0.2783;0.5;1.04425
0.5566;0.582699;0.528599;0.550599;0.5;0.219965
0.3521;0.424499;0.5113;0.4917;0.5;0.492519
0.492899;0.4458;0.172699;0.1494;0.5;0.156939
0.1076;0.077899;0.1754;0.165599;0.5;0.472933
0.3492;0.414999;0.529499;0.5187;0.5;0.175511
0.263299;0.2573;0.1961;0.362299;0.5;1.27189
0.4211;0.6121;0.5604;0.7321;0.5;-0.250274
0.6938;0.913699;0.539299;0.882099;0.5;0.25624
1.0;0.668199;0.8583;0.1834;0.5;0.473678
0.2843;0.1522;0.4435;0.495099;0.5;0.260913
0.446899;0.7221;0.5916;0.7705;0.5;1.0573
0.706299;0.555399;0.7073;0.540099;0.5;-0.0800912
0.6098;0.5042;0.381;0.389199;0.5;0.826603
0.2392;0.399;0.5008;0.614;0.5;0.5602
0.7391;0.584599;0.432199;0.2239;0.5;1.16487
0.148299;0.2648;0.404;0.6211;0.5;-0.0631635
0.5654;0.560299;0.5788;0.582099;0.5;1.15552
0.6556;0.8119;0.6934;0.5629;0.5;0.81371
0.666499;0.3808;0.6015;0.5518;0.5;0.444573
0.49;0.504;0.507999;0.559999;0.5;0.621503
0.632899;1.0;0.6799;1.0;0.5;0.416535
0.919699;0.495799;0.764199;0.2998;0.5;0.988137
0.369;0.332899;0.062599;0.1555;0.5;0.105774
0.0405;0.0849;0.099;0.005299;0.5;0.839322
0.0;0.0;0.0;0.2019;0.5;0.64792
0.738699;0.6736;0.643599;0.432499;0.5;0.0423129
0.595;0.305399;0.4695;0.5448;0.5;1.15156
0.553999;0.6352;0.4224;0.305199;0.5;-0.108201
0.1582;0.172699;0.4595;0.489899;0.5;0.38892
0.3306;0.4098;0.381499;0.430099;0.5;-0.508118
0.4923;0.3743;0.4055;0.3333;0.5;1.32099
0.483699;0.4894;0.465799;0.521899;0.5;1.23322
0.6448;0.6828;0.6702;0.7885;0.5;0.779044
0.6059;0.4737;0.456;0.4116;0.5;-0.188923
0.360999;0.6267;0.590199;0.527899;0.5;1.25335
0.4707;0.292999;0.4193;0.4357;0.5;0.823378
0.581199;0.5986;0.56;0.5871;0.5;0.47062
0.5102;0.550999;0.523699;0.526;0.5;1.16503
0.5062;0.4192;0.5119;0.388999;0.5;0.910258
0.529199;0.469999;0.582599;0.594799;0.5;0.731885
0.5053;0.5649;0.4514;0.4365;0.5;-0.82013
0.114799;0.163999;0.1687;0.2669;0.5;0.213664
0.588999;0.7473;0.571999;0.707599;0.5;0.101876
0.8481;0.5838;0.7059;0.576899;0.5;1.33769
0.575199;0.6036;0.4581;0.3884;0.5;0.603443
0.1372;0.189599;0.3674;0.3413;0.5;0.49048
0.2557;0.268999;0.1509;0.2145;0.5;0.48654
0.4483;0.8207;0.5992;0.996399;0.5;0.32469
0.931999;0.5154;0.8059;0.4638;0.5;1.38973
0.3692;0.5912;0.448499;0.544999;0.5;-0.0645522
0.656799;0.4051;0.581;0.5115;0.5;1.05894
0.6724;0.8203;0.710699;0.369199;0.5;0.698661
0.461499;0.371099;0.3516;0.312999;0.5;0.0550802
0.2877;0.315999;0.4131;0.7775;0.5;0.186812
0.4465;0.569;0.5153;0.4626;0.5;0.324291
0.663;0.642999;0.559;0.4513;0.5;1.52219
0.406399;0.265;0.314999;0.337899;0.5;0.114727
0.3558;0.3344;0.4543;0.4182;0.5;0.492447
0.392599;0.5443;0.4875;0.6082;0.5;-0.419718
0.8249;0.9513;0.8269;0.796299;0.5;1.3877
0.384799;0.072599;0.2303;0.0;0.5;0.703162
0.062799;0.2291;0.116399;0.062;0.5;0.505793
0.465299;0.377299;0.4542;0.8004;0.5;0.993156
0.3959;0.4725;0.507899;0.523599;0.5;0.877332
0.4877;0.338;0.0512;0.0;0.5;0.840354
0.0;0.087499;0.235599;0.6433;0.5;0.450497
0.555599;0.422;0.3073;0.0;0.5;1.05355
0.1745;0.1479;0.3138;0.7637;0.5;0.698626
0.493099;0.4742;0.6173;0.556899;0.5;0.979226
0.6592;0.6052;0.420299;0.1684;0.5;1.32183
0.002199;0.2925;0.0;0.190299;0.5;0.928068
0.3064;0.108699;0.9308;0.3947;0.5;0.068831
0.459;0.6187;0.654499;0.8178;0.5;0.200808
0.7466;0.5966;0.5527;0.417199;0.5;0.756317
0.404199;0.4438;0.591;0.7169;0.5;-0.194842
0.7639;0.8124;0.747599;0.6889;0.5;1.13236
0.3426;0.481999;0.213699;0.241799;0.5;-0.0774865
0.4514;0.306999;0.5275;0.6454;0.5;1.39507
0.9229;0.7432;0.7325;0.532999;0.5;0.90512
0.213299;0.2728;0.245;0.239;0.5;1.39695
0.3022;0.2878;0.3627;0.368;0.5;0.564289
0.4421;0.488199;0.5261;0.5717;0.5;0.522762
0.4176;0.489999;0.0122;0.471699;0.5;0.737828
0.5703;0.6072;0.923999;0.7312;0.5;1.13047
0.6644;0.998799;0.8199;0.5656;0.5;0.703448
0.593399;0.177199;0.524799;0.604799;0.5;0.878965
0.413899;0.4514;0.379799;0.4457;0.5;0.862485
0.744;1.0;0.8455;1.0;0.5;1.13376
0.8298;0.4389;0.8;0.4239;0.5;0.955939
0.5046;0.818999;0.535599;0.559799;0.5;0.439798
0.627399;0.491;0.5762;0.476199;0.5;0.88312
0.6841;0.606999;0.610599;0.5865;0.5;1.46788
0.3706;0.8038;0.4953;0.916399;0.5;-0.206221
0.9877;0.438199;0.846;0.5463;0.5;0.650608
0.4489;0.7499;0.5906;0.6798;0.5;0.365525
0.712299;0.6751;0.712299;0.620999;0.5;1.36787
0.6517;0.5622;0.439399;0.3393;0.5;0.300681
0.3506;0.409799;0.4656;0.568099;0.5;1.02438
0.4726;0.2828;0.5699;0.5547;0.5;0.189834
0.586099;0.8942;0.586099;0.6872;0.5;1.54744
0.7174;0.573999;0.646699;0.4431;0.5;-0.0239376
0.377599;0.1171;0.2651;0.267199;0.5;1.11632
0.3553;0.6404;0.439399;0.808399;0.5;1.2556
0.8005;0.7635;0.7567;0.431;0.5;1.04456
0.311599;0.099;0.2635;0.123;0.5;1.22514
0.267499;0.507999;0.292899;0.218;0.5;0.369691
0.3353;0.135999;0.2667;0.413499;0.5;0.380808
0.1747;0.341;0.391999;0.3808;0.5;1.15487
0.4513;0.2224;0.320999;0.487299;0.5;0.197118
0.5211;0.7876;0.6683;0.6804;0.5;1.7133
0.7028;0.645;0.5594;0.4752;0.5;-0.147206
0.3806;0.456699;0.5102;0.7303;0.5;1.91126
0.7988;0.6825;0.8126;0.604699;0.5;0.466042
0.523;0.320799;0.4177;0.2818;0.5;0.803566
0.3919;0.418;0.432199;0.56;0.5;0.856995
0.548099;0.898;0.613099;0.5886;0.5;1.09767
0.5017;0.256;0.4619;0.386799;0.5;-0.135267
0.3908;0.550999;0.3497;0.4139;0.5;1.08036
0.5119;0.59;0.5928;0.5805;0.5;0.396335
0.590499;0.250399;0.420999;0.377499;0.5;0.975984
0.331099;0.4956;0.1648;0.1715;0.5;1.06615
0.1989;0.277999;0.3109;0.139199;0.5;1.30283
0.181999;0.097599;0.405799;0.7786;0.5;1.35521
0.716699;0.5425;0.6029;0.404699;0.5;0.831878
0.4186;0.471899;0.271099;0.0207;0.5;0.642395
0.0487;0.249;0.2307;0.5563;0.5;0.445681
0.5089;0.244199;0.3614;0.480499;0.5;0.411349
0.560199;0.7773;0.7667;0.7404;0.5;0.158536
0.7021;0.666499;0.6171;0.4175;0.5;0.29878
0.248799;0.515699;0.354099;0.7667;0.5;0.889718
0.9217;0.6013;0.877099;0.539099;0.5;1.15069
0.549999;0.617999;0.4542;0.3851;0.5;0.873536
0.2937;0.15;0.2674;0.287199;0.5;0.56163
0.3066;0.445499;0.4695;0.6094;0.5;1.49494
0.64;0.630499;0.5581;0.3931;0.5;0.735438
0.223099;0.281;0.052299;0.0;0.5;0.721699
0.4;0.1766;0.218399;0.402699;0.5;1.53317
0.1369;0.273399;0.5129;0.564;0.5;0.431102
0.6084;0.664;0.5839;0.5766;0.5;1.13119
0.4816;0.488;0.336099;0.229699;0.5;-0.275654
0.285899;0.215999;0.3748;0.4373;0.5;1.32041
0.4861;0.652;0.591799;0.7163;0.5;0.247514
0.7146;0.751999;0.6371;0.2414;0.5;0.054669
0.375299;0.267;0.4296;0.682599;0.5;-0.0949983
0.5792;0.609999;0.6399;0.8241;0.5;0.936508
0.8382;0.625999;0.562;0.5062;0.5;1.16791
0.436699;0.54;0.657899;0.529399;0.5;-0.828278
0.5433;0.382899;0.3468;0.2498;0.5;0.174856
0.224799;0.435099;0.354699;0.2539;0.5;1.53679
0.3641;0.1655;0.3166;0.464199;0.5;0.79934
0.2653;0.503499;0.3727;0.4704;0.5;0.335919
0.5591;0.5192;0.7227;0.520399;0.5;0.189989
0.5626;0.557099;0.460699;0.6935;0.5;0.444012
0.601399;0.591699;0.5395;0.4035;0.5;0.954258
0.4257;0.58;0.424199;0.239999;0.5;0.969523
0.355;0.135999;0.305499;0.597799;0.5;0.913673
0.552199;0.4553;0.4489;0.3411;0.5;0.946945
0.3355;0.617799;0.5459;0.6671;0.5;0.611573
0.762;0.4539;0.7638;0.657;0.5;0.363147
0.4968;0.645;0.248899;0.271599;0.5;0.346541
0.309099;0.282999;0.0602;0.0;0.5;0.925302
0.0;0.0;0.334699;0.669;0.5;0.0291403
0.639499;0.6937;0.5324;0.4875;0.5;0.305044
0.381;0.2375;0.291899;0.2892;0.5;0.982844
0.2335;0.4055;0.462;0.2593;0.5;0.273215
0.624699;0.637;0.617;0.629999;0.5;0.160557
0.3632;0.547;0.3672;0.475;0.5;0.449532
0.5046;0.37;0.480799;0.428899;0.5;0.595861
0.287399;0.059599;0.329499;0.3474;0.5;0.82038
0.525;0.477799;0.4451;0.5228;0.5;0.666833
0.431099;0.421199;0.4473;0.2469;0.5;1.34078
0.4681;0.7424;0.543599;0.8504;0.5;0.232017
0.7931;1.0;0.7931;0.790599;0.5;0.905323
1.0;0.262;0.916599;0.617;0.5;-0.351906
0.3486;0.550999;0.507899;0.673;0.5;1.28296
0.697099;0.625;0.639099;0.483999;0.5;-0.723905
0.4554;0.5062;0.5308;0.513;0.5;1.07567
0.407299;0.2828;0.350999;0.702999;0.5;0.576418
0.5886;0.389599;0.5668;0.201999;0.5;0.808298
0.322199;0.295;0.3904;0.5441;0.5;0.160068
0.5573;0.729399;0.515899;0.4069;0.5;0.474459
0.451999;0.3416;0.4141;0.4871;0.5;0.914269
0.3641;0.445799;0.485299;0.5669;0.5;1.12675
