<0>;<1>;<2>;<3>;<4>;<5>;<6>;<7>;<8>;<9>;<10>;<11>;<12>;<13>;<14>;<15>;<16>;<17>;<18>;<19>;<20>;<21>;<22>;<23>;<24>;<25>;<26>;<27>;<28>;<29>;<30>;<31>;<32>;<33>;<34>;<35>;<36>;<37>;<38>;<39>;<40>;<41>;<42>;<43>;<44>;<45>;<46>;<47>;<48>;<49>;<50>;<51>;<52>;<53>;<54>;<55>;<56>;<57>;<58>;<59>;<60>;<61>;<62>;<63>;<64>;<65>;<66>;<67>;<68>;<69>;<70>;<71>;<72>;<73>;<74>;<75>;<76>;<77>;<78>;<79>;<80>;<81>;<82>;<83>;<84>;(predicted -> )<50>
0.52;0.52;0.52;0.52;0.52;0.52;0.52;0.52;0.52;0.52;0.52;0.52;0.52;0.52;0.52;0.52;0.52;0.52;0.52;0.52;0.52;0.52;0.52;0.52;0.52;0.52;0.52;0.52;0.52;0.52;0.52;0.52;0.52;0.52;0.52;0.52;0.52;0.52;0.52;0.52;0.52;0.52;0.52;0.52;0.52;0.52;0.52;0.52;0.52;0.52;0.52;0.52;0.52;0.52;0.52;0.52;0.52;0.52;0.52;0.52;0.52;0.52;0.52;0.52;0.52;0.52;0.52;0.52;0.52;0.52;0.52;0.52;0.52;0.52;0.52;0.52;0.52;0.52;0.52;0.52;0.52;0.52;0.52;0.52;0.52;0.0;0.7064915
0.52;0.52;0.52;0.52;0.52;0.52;0.52;0.52;0.52;0.52;0.52;0.52;0.52;0.52;0.52;0.52;0.52;0.52;0.52;0.52;0.52;0.52;0.52;0.52;0.52;0.52;0.52;0.52;0.52;0.52;0.52;0.52;0.52;0.52;0.52;0.52;0.52;0.52;0.52;0.52;0.52;0.52;0.52;0.52;0.52;0.52;0.52;0.52;0.52;0.52;0.52;0.52;0.52;0.52;0.52;0.52;0.52;0.52;0.52;0.52;0.52;0.52;0.52;0.52;0.52;0.52;0.52;0.52;0.52;0.52;0.52;0.52;0.52;0.52;0.52;0.52;0.52;0.52;0.52;0.52;0.52;0.52;0.52;0.52;0.52;0.0;0.6946182
0.52;0.52;0.52;0.52;0.52;0.52;0.52;0.52;0.52;0.52;0.52;0.52;0.52;0.52;0.52;0.52;0.52;0.52;0.52;0.52;0.52;0.52;0.52;0.52;0.52;0.52;0.52;0.52;0.52;0.52;0.52;0.52;0.52;0.52;0.52;0.52;0.52;0.52;0.52;0.52;0.52;0.52;0.52;0.52;0.52;0.52;0.52;0.52;0.52;0.52;0.52;0.52;0.52;0.52;0.52;0.52;0.52;0.52;0.52;0.52;0.52;0.52;0.52;0.52;0.52;0.52;0.52;0.52;0.52;0.52;0.52;0.52;0.52;0.52;0.52;0.52;0.52;0.52;0.52;0.52;0.52;0.52;0.52;0.52;0.52;0.0;0.68884254
0.51;0.51;0.51;0.51;0.51;0.51;0.51;0.51;0.51;0.51;0.51;0.51;0.51;0.51;0.51;0.51;0.51;0.51;0.51;0.51;0.51;0.51;0.51;0.51;0.51;0.51;0.51;0.51;0.51;0.51;0.51;0.51;0.51;0.51;0.51;0.51;0.51;0.51;0.51;0.51;0.51;0.51;0.51;0.51;0.51;0.51;0.51;0.51;0.51;0.51;0.51;0.51;0.51;0.51;0.51;0.51;0.51;0.51;0.51;0.51;0.51;0.51;0.51;0.51;0.51;0.51;0.51;0.51;0.51;0.51;0.51;0.51;0.51;0.51;0.51;0.51;0.51;0.51;0.51;0.51;0.51;0.51;0.51;0.51;0.51;0.0;0.66042304
0.52;0.52;0.52;0.52;0.52;0.52;0.52;0.52;0.52;0.52;0.52;0.52;0.52;0.52;0.52;0.52;0.52;0.52;0.52;0.52;0.52;0.52;0.52;0.52;0.52;0.52;0.52;0.52;0.52;0.52;0.52;0.52;0.52;0.52;0.52;0.52;0.52;0.52;0.52;0.52;0.52;0.52;0.52;0.52;0.52;0.52;0.52;0.52;0.52;0.52;0.52;0.52;0.52;0.52;0.52;0.52;0.52;0.52;0.52;0.52;0.52;0.52;0.52;0.52;0.52;0.52;0.52;0.52;0.52;0.52;0.52;0.52;0.52;0.52;0.52;0.52;0.52;0.52;0.52;0.52;0.52;0.52;0.52;0.52;0.52;0.0;0.6755328
0.51;0.5;0.51;0.51;0.51;0.51;0.5;0.51;0.51;0.51;0.51;0.5;0.51;0.51;0.51;0.51;0.5;0.51;0.51;0.51;0.51;0.5;0.51;0.51;0.51;0.51;0.5;0.51;0.51;0.51;0.51;0.5;0.51;0.51;0.51;0.51;0.5;0.51;0.51;0.51;0.51;0.5;0.51;0.51;0.51;0.51;0.5;0.51;0.51;0.51;0.51;0.5;0.51;0.51;0.51;0.51;0.5;0.51;0.51;0.51;0.51;0.5;0.51;0.51;0.51;0.51;0.5;0.51;0.51;0.51;0.51;0.5;0.51;0.51;0.51;0.51;0.5;0.51;0.51;0.51;0.51;0.5;0.51;0.51;0.51;0.0;0.6428635
0.52;0.54;0.52;0.52;0.52;0.52;0.54;0.52;0.52;0.52;0.52;0.54;0.52;0.52;0.52;0.52;0.54;0.52;0.52;0.52;0.52;0.54;0.52;0.52;0.52;0.52;0.54;0.52;0.52;0.52;0.52;0.54;0.52;0.52;0.52;0.52;0.54;0.52;0.52;0.52;0.52;0.54;0.52;0.52;0.52;0.52;0.54;0.52;0.52;0.52;0.52;0.54;0.52;0.52;0.52;0.52;0.54;0.52;0.52;0.52;0.52;0.54;0.52;0.52;0.52;0.52;0.54;0.52;0.52;0.52;0.52;0.54;0.52;0.52;0.52;0.52;0.54;0.52;0.52;0.52;0.52;0.54;0.52;0.52;0.52;0.0;0.681839
0.51;0.51;0.51;0.51;0.51;0.51;0.51;0.51;0.51;0.51;0.51;0.51;0.51;0.51;0.51;0.51;0.51;0.51;0.51;0.51;0.51;0.51;0.51;0.51;0.51;0.51;0.51;0.51;0.51;0.51;0.51;0.51;0.51;0.51;0.51;0.51;0.51;0.51;0.51;0.51;0.51;0.51;0.51;0.51;0.51;0.51;0.51;0.51;0.51;0.51;0.51;0.51;0.51;0.51;0.51;0.51;0.51;0.51;0.51;0.51;0.51;0.51;0.51;0.51;0.51;0.51;0.51;0.51;0.51;0.51;0.51;0.51;0.51;0.51;0.51;0.51;0.51;0.51;0.51;0.51;0.51;0.51;0.51;0.51;0.51;0.0;0.6520605
0.52;0.52;0.52;0.52;0.52;0.52;0.52;0.52;0.52;0.52;0.52;0.52;0.52;0.52;0.52;0.52;0.52;0.52;0.52;0.52;0.52;0.52;0.52;0.52;0.52;0.52;0.52;0.52;0.52;0.52;0.52;0.52;0.52;0.52;0.52;0.52;0.52;0.52;0.52;0.52;0.52;0.52;0.52;0.52;0.52;0.52;0.52;0.52;0.52;0.52;0.52;0.52;0.52;0.52;0.52;0.52;0.52;0.52;0.52;0.52;0.52;0.52;0.52;0.52;0.52;0.52;0.52;0.52;0.52;0.52;0.52;0.52;0.52;0.52;0.52;0.52;0.52;0.52;0.52;0.52;0.52;0.52;0.52;0.52;0.52;0.0;0.6744063
0.51;0.51;0.51;0.51;0.51;0.51;0.51;0.51;0.51;0.51;0.51;0.51;0.51;0.51;0.51;0.51;0.51;0.51;0.51;0.51;0.51;0.51;0.51;0.51;0.51;0.51;0.51;0.51;0.51;0.51;0.51;0.51;0.51;0.51;0.51;0.51;0.51;0.51;0.51;0.51;0.51;0.51;0.51;0.51;0.51;0.51;0.51;0.51;0.51;0.51;0.51;0.51;0.51;0.51;0.51;0.51;0.51;0.51;0.51;0.51;0.51;0.51;0.51;0.51;0.51;0.51;0.51;0.51;0.51;0.51;0.51;0.51;0.51;0.51;0.51;0.51;0.51;0.51;0.51;0.51;0.51;0.51;0.51;0.51;0.51;0.0;0.6504512
0.5;0.5;0.5;0.5;0.5;0.5;0.5;0.5;0.5;0.5;0.5;0.5;0.5;0.5;0.5;0.5;0.5;0.5;0.5;0.5;0.5;0.5;0.5;0.5;0.5;0.5;0.5;0.5;0.5;0.5;0.5;0.5;0.5;0.5;0.5;0.5;0.5;0.5;0.5;0.5;0.5;0.5;0.5;0.5;0.5;0.5;0.5;0.5;0.5;0.5;0.5;0.5;0.5;0.5;0.5;0.5;0.5;0.5;0.5;0.5;0.5;0.5;0.5;0.5;0.5;0.5;0.5;0.5;0.5;0.5;0.5;0.5;0.5;0.5;0.5;0.5;0.5;0.5;0.5;0.5;0.5;0.5;0.5;0.5;0.5;0.0;0.6205654
0.47;0.47;0.48;0.47;0.47;0.48;0.47;0.47;0.48;0.47;0.47;0.48;0.47;0.47;0.48;0.47;0.47;0.48;0.47;0.47;0.48;0.47;0.47;0.48;0.47;0.47;0.48;0.47;0.47;0.48;0.47;0.47;0.48;0.47;0.47;0.48;0.47;0.47;0.48;0.47;0.47;0.48;0.47;0.47;0.48;0.47;0.47;0.48;0.47;0.47;0.48;0.47;0.47;0.48;0.47;0.47;0.48;0.47;0.47;0.48;0.47;0.47;0.48;0.47;0.47;0.48;0.47;0.47;0.48;0.47;0.47;0.48;0.47;0.47;0.48;0.47;0.47;0.48;0.47;0.47;0.48;0.47;0.47;0.48;0.47;0.0;0.4776514
0.48;0.48;0.48;0.48;0.48;0.48;0.48;0.48;0.48;0.48;0.48;0.48;0.48;0.48;0.48;0.48;0.48;0.48;0.48;0.48;0.48;0.48;0.48;0.48;0.48;0.48;0.48;0.48;0.48;0.48;0.48;0.48;0.48;0.48;0.48;0.48;0.48;0.48;0.48;0.48;0.48;0.48;0.48;0.48;0.48;0.48;0.48;0.48;0.48;0.48;0.48;0.48;0.48;0.48;0.48;0.48;0.48;0.48;0.48;0.48;0.48;0.48;0.48;0.48;0.48;0.48;0.48;0.48;0.48;0.48;0.48;0.48;0.48;0.48;0.48;0.48;0.48;0.48;0.48;0.48;0.48;0.48;0.48;0.48;0.48;0.0;0.45808318
0.48;0.48;0.48;0.48;0.48;0.48;0.48;0.48;0.48;0.48;0.48;0.48;0.48;0.48;0.48;0.48;0.48;0.48;0.48;0.48;0.48;0.48;0.48;0.48;0.48;0.48;0.48;0.48;0.48;0.48;0.48;0.48;0.48;0.48;0.48;0.48;0.48;0.48;0.48;0.48;0.48;0.48;0.48;0.48;0.48;0.48;0.48;0.48;0.48;0.48;0.48;0.48;0.48;0.48;0.48;0.48;0.48;0.48;0.48;0.48;0.48;0.48;0.48;0.48;0.48;0.48;0.48;0.48;0.48;0.48;0.48;0.48;0.48;0.48;0.48;0.48;0.48;0.48;0.48;0.48;0.48;0.48;0.48;0.48;0.48;0.0;0.43433073
0.48;0.48;0.48;0.48;0.48;0.48;0.48;0.48;0.48;0.48;0.48;0.48;0.48;0.48;0.48;0.48;0.48;0.48;0.48;0.48;0.48;0.48;0.48;0.48;0.48;0.48;0.48;0.48;0.48;0.48;0.48;0.48;0.48;0.48;0.48;0.48;0.48;0.48;0.48;0.48;0.48;0.48;0.48;0.48;0.48;0.48;0.48;0.48;0.48;0.48;0.48;0.48;0.48;0.48;0.48;0.48;0.48;0.48;0.48;0.48;0.48;0.48;0.48;0.48;0.48;0.48;0.48;0.48;0.48;0.48;0.48;0.48;0.48;0.48;0.48;0.48;0.48;0.48;0.48;0.48;0.48;0.48;0.48;0.48;0.48;0.0;0.41880968
0.48;0.48;0.48;0.48;0.48;0.48;0.48;0.48;0.48;0.48;0.48;0.48;0.48;0.48;0.48;0.48;0.48;0.48;0.48;0.48;0.48;0.48;0.48;0.48;0.48;0.48;0.48;0.48;0.48;0.48;0.48;0.48;0.48;0.48;0.48;0.48;0.48;0.48;0.48;0.48;0.48;0.48;0.48;0.48;0.48;0.48;0.48;0.48;0.48;0.48;0.48;0.48;0.48;0.48;0.48;0.48;0.48;0.48;0.48;0.48;0.48;0.48;0.48;0.48;0.48;0.48;0.48;0.48;0.48;0.48;0.48;0.48;0.48;0.48;0.48;0.48;0.48;0.48;0.48;0.48;0.48;0.48;0.48;0.48;0.48;0.0;0.40827158
0.48;0.48;0.48;0.48;0.48;0.48;0.48;0.48;0.48;0.48;0.48;0.48;0.48;0.48;0.48;0.48;0.48;0.48;0.48;0.48;0.48;0.48;0.48;0.48;0.48;0.48;0.48;0.48;0.48;0.48;0.48;0.48;0.48;0.48;0.48;0.48;0.48;0.48;0.48;0.48;0.48;0.48;0.48;0.48;0.48;0.48;0.48;0.48;0.48;0.48;0.48;0.48;0.48;0.48;0.48;0.48;0.48;0.48;0.48;0.48;0.48;0.48;0.48;0.48;0.48;0.48;0.48;0.48;0.48;0.48;0.48;0.48;0.48;0.48;0.48;0.48;0.48;0.48;0.48;0.48;0.48;0.48;0.48;0.48;0.48;0.0;0.42686823
0.47;0.47;0.47;0.47;0.47;0.47;0.47;0.47;0.47;0.47;0.47;0.47;0.47;0.47;0.47;0.47;0.47;0.47;0.47;0.47;0.47;0.47;0.47;0.47;0.47;0.47;0.47;0.47;0.47;0.47;0.47;0.47;0.47;0.47;0.47;0.47;0.47;0.47;0.47;0.47;0.47;0.47;0.47;0.47;0.47;0.47;0.47;0.47;0.47;0.47;0.47;0.47;0.47;0.47;0.47;0.47;0.47;0.47;0.47;0.47;0.47;0.47;0.47;0.47;0.47;0.47;0.47;0.47;0.47;0.47;0.47;0.47;0.47;0.47;0.47;0.47;0.47;0.47;0.47;0.47;0.47;0.47;0.47;0.47;0.47;0.0;0.39609435
0.47;0.47;0.47;0.47;0.47;0.47;0.47;0.47;0.47;0.47;0.47;0.47;0.47;0.47;0.47;0.47;0.47;0.47;0.47;0.47;0.47;0.47;0.47;0.47;0.47;0.47;0.47;0.47;0.47;0.47;0.47;0.47;0.47;0.47;0.47;0.47;0.47;0.47;0.47;0.47;0.47;0.47;0.47;0.47;0.47;0.47;0.47;0.47;0.47;0.47;0.47;0.47;0.47;0.47;0.47;0.47;0.47;0.47;0.47;0.47;0.47;0.47;0.47;0.47;0.47;0.47;0.47;0.47;0.47;0.47;0.47;0.47;0.47;0.47;0.47;0.47;0.47;0.47;0.47;0.47;0.47;0.47;0.47;0.47;0.47;0.0;0.38089517
0.47;0.47;0.47;0.47;0.47;0.47;0.47;0.47;0.47;0.47;0.47;0.47;0.47;0.47;0.47;0.47;0.47;0.47;0.47;0.47;0.47;0.47;0.47;0.47;0.47;0.47;0.47;0.47;0.47;0.47;0.47;0.47;0.47;0.47;0.47;0.47;0.47;0.47;0.47;0.47;0.47;0.47;0.47;0.47;0.47;0.47;0.47;0.47;0.47;0.47;0.47;0.47;0.47;0.47;0.47;0.47;0.47;0.47;0.47;0.47;0.47;0.47;0.47;0.47;0.47;0.47;0.47;0.47;0.47;0.47;0.47;0.47;0.47;0.47;0.47;0.47;0.47;0.47;0.47;0.47;0.47;0.47;0.47;0.47;0.47;0.0;0.37094715
0.47;0.47;0.47;0.47;0.47;0.47;0.47;0.47;0.47;0.47;0.47;0.47;0.47;0.47;0.47;0.47;0.47;0.47;0.47;0.47;0.47;0.47;0.47;0.47;0.47;0.47;0.47;0.47;0.47;0.47;0.47;0.47;0.47;0.47;0.47;0.47;0.47;0.47;0.47;0.47;0.47;0.47;0.47;0.47;0.47;0.47;0.47;0.47;0.47;0.47;0.47;0.47;0.47;0.47;0.47;0.47;0.47;0.47;0.47;0.47;0.47;0.47;0.47;0.47;0.47;0.47;0.47;0.47;0.47;0.47;0.47;0.47;0.47;0.47;0.47;0.47;0.47;0.47;0.47;0.47;0.47;0.47;0.47;0.47;0.47;0.0;0.3634489
0.47;0.47;0.47;0.47;0.47;0.47;0.47;0.47;0.47;0.47;0.47;0.47;0.47;0.47;0.47;0.47;0.47;0.47;0.47;0.47;0.47;0.47;0.47;0.47;0.47;0.47;0.47;0.47;0.47;0.47;0.47;0.47;0.47;0.47;0.47;0.47;0.47;0.47;0.47;0.47;0.47;0.47;0.47;0.47;0.47;0.47;0.47;0.47;0.47;0.47;0.47;0.47;0.47;0.47;0.47;0.47;0.47;0.47;0.47;0.47;0.47;0.47;0.47;0.47;0.47;0.47;0.47;0.47;0.47;0.47;0.47;0.47;0.47;0.47;0.47;0.47;0.47;0.47;0.47;0.47;0.47;0.47;0.47;0.47;0.47;0.0;0.35638574
0.47;0.47;0.47;0.47;0.47;0.47;0.47;0.47;0.47;0.47;0.47;0.47;0.47;0.47;0.47;0.47;0.47;0.47;0.47;0.47;0.47;0.47;0.47;0.47;0.47;0.47;0.47;0.47;0.47;0.47;0.47;0.47;0.47;0.47;0.47;0.47;0.47;0.47;0.47;0.47;0.47;0.47;0.47;0.47;0.47;0.47;0.47;0.47;0.47;0.47;0.47;0.47;0.47;0.47;0.47;0.47;0.47;0.47;0.47;0.47;0.47;0.47;0.47;0.47;0.47;0.47;0.47;0.47;0.47;0.47;0.47;0.47;0.47;0.47;0.47;0.47;0.47;0.47;0.47;0.47;0.47;0.47;0.47;0.47;0.47;0.0;0.35638574
0.46;0.47;0.46;0.47;0.46;0.47;0.46;0.47;0.46;0.47;0.46;0.47;0.46;0.47;0.46;0.47;0.46;0.47;0.46;0.47;0.46;0.47;0.46;0.47;0.46;0.47;0.46;0.47;0.46;0.47;0.46;0.47;0.46;0.47;0.46;0.47;0.46;0.47;0.46;0.47;0.46;0.47;0.46;0.47;0.46;0.47;0.46;0.47;0.46;0.47;0.46;0.47;0.46;0.47;0.46;0.47;0.46;0.47;0.46;0.47;0.46;0.47;0.46;0.47;0.46;0.47;0.46;0.47;0.46;0.47;0.46;0.47;0.46;0.47;0.46;0.47;0.46;0.47;0.46;0.47;0.46;0.47;0.46;0.47;0.46;0.0;0.3144062
0.47;0.46;0.47;0.46;0.47;0.46;0.47;0.46;0.47;0.46;0.47;0.46;0.47;0.46;0.47;0.46;0.47;0.46;0.47;0.46;0.47;0.46;0.47;0.46;0.47;0.46;0.47;0.46;0.47;0.46;0.47;0.46;0.47;0.46;0.47;0.46;0.47;0.46;0.47;0.46;0.47;0.46;0.47;0.46;0.47;0.46;0.47;0.46;0.47;0.46;0.47;0.46;0.47;0.46;0.47;0.46;0.47;0.46;0.47;0.46;0.47;0.46;0.47;0.46;0.47;0.46;0.47;0.46;0.47;0.46;0.47;0.46;0.47;0.46;0.47;0.46;0.47;0.46;0.47;0.46;0.47;0.46;0.47;0.46;0.47;0.0;0.3392792
0.46;0.46;0.46;0.46;0.46;0.46;0.46;0.46;0.46;0.46;0.46;0.46;0.46;0.46;0.46;0.46;0.46;0.46;0.46;0.46;0.46;0.46;0.46;0.46;0.46;0.46;0.46;0.46;0.46;0.46;0.46;0.46;0.46;0.46;0.46;0.46;0.46;0.46;0.46;0.46;0.46;0.46;0.46;0.46;0.46;0.46;0.46;0.46;0.46;0.46;0.46;0.46;0.46;0.46;0.46;0.46;0.46;0.46;0.46;0.46;0.46;0.46;0.46;0.46;0.46;0.46;0.46;0.46;0.46;0.46;0.46;0.46;0.46;0.46;0.46;0.46;0.46;0.46;0.46;0.46;0.46;0.46;0.46;0.46;0.46;0.0;0.31688574
0.46;0.46;0.46;0.46;0.46;0.46;0.46;0.46;0.46;0.46;0.46;0.46;0.46;0.46;0.46;0.46;0.46;0.46;0.46;0.46;0.46;0.46;0.46;0.46;0.46;0.46;0.46;0.46;0.46;0.46;0.46;0.46;0.46;0.46;0.46;0.46;0.46;0.46;0.46;0.46;0.46;0.46;0.46;0.46;0.46;0.46;0.46;0.46;0.46;0.46;0.46;0.46;0.46;0.46;0.46;0.46;0.46;0.46;0.46;0.46;0.46;0.46;0.46;0.46;0.46;0.46;0.46;0.46;0.46;0.46;0.46;0.46;0.46;0.46;0.46;0.46;0.46;0.46;0.46;0.46;0.46;0.46;0.46;0.46;0.46;0.0;0.30315876
0.46;0.46;0.46;0.46;0.46;0.46;0.46;0.46;0.46;0.46;0.46;0.46;0.46;0.46;0.46;0.46;0.46;0.46;0.46;0.46;0.46;0.46;0.46;0.46;0.46;0.46;0.46;0.46;0.46;0.46;0.46;0.46;0.46;0.46;0.46;0.46;0.46;0.46;0.46;0.46;0.46;0.46;0.46;0.46;0.46;0.46;0.46;0.46;0.46;0.46;0.46;0.46;0.46;0.46;0.46;0.46;0.46;0.46;0.46;0.46;0.46;0.46;0.46;0.46;0.46;0.46;0.46;0.46;0.46;0.46;0.46;0.46;0.46;0.46;0.46;0.46;0.46;0.46;0.46;0.46;0.46;0.46;0.46;0.46;0.46;0.0;0.2929902
0.46;0.45;0.46;0.45;0.46;0.45;0.46;0.45;0.46;0.45;0.46;0.45;0.46;0.45;0.46;0.45;0.46;0.45;0.46;0.45;0.46;0.45;0.46;0.45;0.46;0.45;0.46;0.45;0.46;0.45;0.46;0.45;0.46;0.45;0.46;0.45;0.46;0.45;0.46;0.45;0.46;0.45;0.46;0.45;0.46;0.45;0.46;0.45;0.46;0.45;0.46;0.45;0.46;0.45;0.46;0.45;0.46;0.45;0.46;0.45;0.46;0.45;0.46;0.45;0.46;0.45;0.46;0.45;0.46;0.45;0.46;0.45;0.46;0.45;0.46;0.45;0.46;0.45;0.46;0.45;0.46;0.45;0.46;0.45;0.46;0.0;0.30788544
0.45;0.45;0.45;0.45;0.45;0.45;0.45;0.45;0.45;0.45;0.45;0.45;0.45;0.45;0.45;0.45;0.45;0.45;0.45;0.45;0.45;0.45;0.45;0.45;0.45;0.45;0.45;0.45;0.45;0.45;0.45;0.45;0.45;0.45;0.45;0.45;0.45;0.45;0.45;0.45;0.45;0.45;0.45;0.45;0.45;0.45;0.45;0.45;0.45;0.45;0.45;0.45;0.45;0.45;0.45;0.45;0.45;0.45;0.45;0.45;0.45;0.45;0.45;0.45;0.45;0.45;0.45;0.45;0.45;0.45;0.45;0.45;0.45;0.45;0.45;0.45;0.45;0.45;0.45;0.45;0.45;0.45;0.45;0.45;0.45;0.0;0.26360512
0.45;0.45;0.45;0.45;0.45;0.45;0.45;0.45;0.45;0.45;0.45;0.45;0.45;0.45;0.45;0.45;0.45;0.45;0.45;0.45;0.45;0.45;0.45;0.45;0.45;0.45;0.45;0.45;0.45;0.45;0.45;0.45;0.45;0.45;0.45;0.45;0.45;0.45;0.45;0.45;0.45;0.45;0.45;0.45;0.45;0.45;0.45;0.45;0.45;0.45;0.45;0.45;0.45;0.45;0.45;0.45;0.45;0.45;0.45;0.45;0.45;0.45;0.45;0.45;0.45;0.45;0.45;0.45;0.45;0.45;0.45;0.45;0.45;0.45;0.45;0.45;0.45;0.45;0.45;0.45;0.45;0.45;0.45;0.45;0.45;0.0;0.24509194
0.44;0.44;0.44;0.44;0.44;0.44;0.44;0.44;0.44;0.44;0.44;0.44;0.44;0.44;0.44;0.44;0.44;0.44;0.44;0.44;0.44;0.44;0.44;0.44;0.44;0.44;0.44;0.44;0.44;0.44;0.44;0.44;0.44;0.44;0.44;0.44;0.44;0.44;0.44;0.44;0.44;0.44;0.44;0.44;0.44;0.44;0.44;0.44;0.44;0.44;0.44;0.44;0.44;0.44;0.44;0.44;0.44;0.44;0.44;0.44;0.44;0.44;0.44;0.44;0.44;0.44;0.44;0.44;0.44;0.44;0.44;0.44;0.44;0.44;0.44;0.44;0.44;0.44;0.44;0.44;0.44;0.44;0.44;0.44;0.44;0.0;0.19998911
0.44;0.44;0.44;0.44;0.44;0.44;0.44;0.44;0.44;0.44;0.44;0.44;0.44;0.44;0.44;0.44;0.44;0.44;0.44;0.44;0.44;0.44;0.44;0.44;0.44;0.44;0.44;0.44;0.44;0.44;0.44;0.44;0.44;0.44;0.44;0.44;0.44;0.44;0.44;0.44;0.44;0.44;0.44;0.44;0.44;0.44;0.44;0.44;0.44;0.44;0.44;0.44;0.44;0.44;0.44;0.44;0.44;0.44;0.44;0.44;0.44;0.44;0.44;0.44;0.44;0.44;0.44;0.44;0.44;0.44;0.44;0.44;0.44;0.44;0.44;0.44;0.44;0.44;0.44;0.44;0.44;0.44;0.44;0.44;0.44;0.0;0.17364386
0.42;0.42;0.42;0.42;0.42;0.42;0.42;0.42;0.42;0.42;0.42;0.42;0.42;0.42;0.42;0.42;0.42;0.42;0.42;0.42;0.42;0.42;0.42;0.42;0.42;0.42;0.42;0.42;0.42;0.42;0.42;0.42;0.42;0.42;0.42;0.42;0.42;0.42;0.42;0.42;0.42;0.42;0.42;0.42;0.42;0.42;0.42;0.42;0.42;0.42;0.42;0.42;0.42;0.42;0.42;0.42;0.42;0.42;0.42;0.42;0.42;0.42;0.42;0.42;0.42;0.42;0.42;0.42;0.42;0.42;0.42;0.42;0.42;0.42;0.42;0.42;0.42;0.42;0.42;0.42;0.42;0.42;0.42;0.42;0.42;0.0;0.081483155
0.42;0.4;0.42;0.4;0.42;0.4;0.42;0.4;0.42;0.4;0.42;0.4;0.42;0.4;0.42;0.4;0.42;0.4;0.42;0.4;0.42;0.4;0.42;0.4;0.42;0.4;0.42;0.4;0.42;0.4;0.42;0.4;0.42;0.4;0.42;0.4;0.42;0.4;0.42;0.4;0.42;0.4;0.42;0.4;0.42;0.4;0.42;0.4;0.42;0.4;0.42;0.4;0.42;0.4;0.42;0.4;0.42;0.4;0.42;0.4;0.42;0.4;0.42;0.4;0.42;0.4;0.42;0.4;0.42;0.4;0.42;0.4;0.42;0.4;0.42;0.4;0.42;0.4;0.42;0.4;0.42;0.4;0.42;0.4;0.42;0.0;0.060287744
0.4;0.42;0.4;0.42;0.4;0.42;0.4;0.42;0.4;0.42;0.4;0.42;0.4;0.42;0.4;0.42;0.4;0.42;0.4;0.42;0.4;0.42;0.4;0.42;0.4;0.42;0.4;0.42;0.4;0.42;0.4;0.42;0.4;0.42;0.4;0.42;0.4;0.42;0.4;0.42;0.4;0.42;0.4;0.42;0.4;0.42;0.4;0.42;0.4;0.42;0.4;0.42;0.4;0.42;0.4;0.42;0.4;0.42;0.4;0.42;0.4;0.42;0.4;0.42;0.4;0.42;0.4;0.42;0.4;0.42;0.4;0.42;0.4;0.42;0.4;0.42;0.4;0.42;0.4;0.42;0.4;0.42;0.4;0.42;0.4;0.0;-0.06178856
0.38;0.38;0.38;0.38;0.38;0.38;0.38;0.38;0.38;0.38;0.38;0.38;0.38;0.38;0.38;0.38;0.38;0.38;0.38;0.38;0.38;0.38;0.38;0.38;0.38;0.38;0.38;0.38;0.38;0.38;0.38;0.38;0.38;0.38;0.38;0.38;0.38;0.38;0.38;0.38;0.38;0.38;0.38;0.38;0.38;0.38;0.38;0.38;0.38;0.38;0.38;0.38;0.38;0.38;0.38;0.38;0.38;0.38;0.38;0.38;0.38;0.38;0.38;0.38;0.38;0.38;0.38;0.38;0.38;0.38;0.38;0.38;0.38;0.38;0.38;0.38;0.38;0.38;0.38;0.38;0.38;0.38;0.38;0.38;0.38;0.0;-0.19619107
0.36;0.36;0.36;0.36;0.36;0.36;0.36;0.36;0.36;0.36;0.36;0.36;0.36;0.36;0.36;0.36;0.36;0.36;0.36;0.36;0.36;0.36;0.36;0.36;0.36;0.36;0.36;0.36;0.36;0.36;0.36;0.36;0.36;0.36;0.36;0.36;0.36;0.36;0.36;0.36;0.36;0.36;0.36;0.36;0.36;0.36;0.36;0.36;0.36;0.36;0.36;0.36;0.36;0.36;0.36;0.36;0.36;0.36;0.36;0.36;0.36;0.36;0.36;0.36;0.36;0.36;0.36;0.36;0.36;0.36;0.36;0.36;0.36;0.36;0.36;0.36;0.36;0.36;0.36;0.36;0.36;0.36;0.36;0.36;0.36;0.0;-0.35216445
0.19;0.19;0.19;0.19;0.19;0.19;0.19;0.19;0.19;0.19;0.19;0.19;0.19;0.19;0.19;0.19;0.19;0.19;0.19;0.19;0.19;0.19;0.19;0.19;0.19;0.19;0.19;0.19;0.19;0.19;0.19;0.19;0.19;0.19;0.19;0.19;0.19;0.19;0.19;0.19;0.19;0.19;0.19;0.19;0.19;0.19;0.19;0.19;0.19;0.19;0.19;0.19;0.19;0.19;0.19;0.19;0.19;0.19;0.19;0.19;0.19;0.19;0.19;0.19;0.19;0.19;0.19;0.19;0.19;0.19;0.19;0.19;0.19;0.19;0.19;0.19;0.19;0.19;0.19;0.19;0.19;0.19;0.19;0.19;0.19;0.0;-1.1476539
0.5;0.5;0.5;0.5;0.5;0.5;0.5;0.5;0.5;0.5;0.5;0.5;0.5;0.5;0.5;0.5;0.5;0.5;0.5;0.5;0.5;0.5;0.5;0.5;0.5;0.5;0.5;0.5;0.5;0.5;0.5;0.5;0.5;0.5;0.5;0.5;0.5;0.5;0.5;0.5;0.5;0.5;0.5;0.5;0.5;0.5;0.5;0.5;0.5;0.5;0.5;0.5;0.5;0.5;0.5;0.5;0.5;0.5;0.5;0.5;0.5;0.5;0.5;0.5;0.5;0.5;0.5;0.5;0.5;0.5;0.5;0.5;0.5;0.5;0.5;0.5;0.5;0.5;0.5;0.5;0.5;0.5;0.5;0.5;0.5;0.0;-0.40983194
0.5;0.5;0.5;0.5;0.5;0.5;0.5;0.5;0.5;0.5;0.5;0.5;0.5;0.5;0.5;0.5;0.5;0.5;0.5;0.5;0.5;0.5;0.5;0.5;0.5;0.5;0.5;0.5;0.5;0.5;0.5;0.5;0.5;0.5;0.5;0.5;0.5;0.5;0.5;0.5;0.5;0.5;0.5;0.5;0.5;0.5;0.5;0.5;0.5;0.5;0.5;0.5;0.5;0.5;0.5;0.5;0.5;0.5;0.5;0.5;0.5;0.5;0.5;0.5;0.5;0.5;0.5;0.5;0.5;0.5;0.5;0.5;0.5;0.5;0.5;0.5;0.5;0.5;0.5;0.5;0.5;0.5;0.5;0.5;0.5;0.0;-0.054683685
0.5;0.5;0.5;0.5;0.5;0.5;0.5;0.5;0.5;0.5;0.5;0.5;0.5;0.5;0.5;0.5;0.5;0.5;0.5;0.5;0.5;0.5;0.5;0.5;0.5;0.5;0.5;0.5;0.5;0.5;0.5;0.5;0.5;0.5;0.5;0.5;0.5;0.5;0.5;0.5;0.5;0.5;0.5;0.5;0.5;0.5;0.5;0.5;0.5;0.5;0.5;0.5;0.5;0.5;0.5;0.5;0.5;0.5;0.5;0.5;0.5;0.5;0.5;0.5;0.5;0.5;0.5;0.5;0.5;0.5;0.5;0.5;0.5;0.5;0.5;0.5;0.5;0.5;0.5;0.5;0.5;0.5;0.5;0.5;0.5;0.0;0.15644792
1.0;1.0;1.0;1.0;1.0;1.0;1.0;1.0;1.0;1.0;1.0;1.0;1.0;1.0;1.0;1.0;1.0;1.0;1.0;1.0;1.0;1.0;1.0;1.0;1.0;1.0;1.0;1.0;1.0;1.0;1.0;1.0;1.0;1.0;1.0;1.0;1.0;1.0;1.0;1.0;1.0;1.0;1.0;1.0;1.0;1.0;1.0;1.0;1.0;1.0;1.0;1.0;1.0;1.0;1.0;1.0;1.0;1.0;1.0;1.0;1.0;1.0;1.0;1.0;1.0;1.0;1.0;1.0;1.0;1.0;1.0;1.0;1.0;1.0;1.0;1.0;1.0;1.0;1.0;1.0;1.0;1.0;1.0;1.0;1.0;0.0;1.3223922
0.69;0.69;0.69;0.69;0.69;0.69;0.69;0.69;0.69;0.69;0.69;0.69;0.69;0.69;0.69;0.69;0.69;0.69;0.69;0.69;0.69;0.69;0.69;0.69;0.69;0.69;0.69;0.69;0.69;0.69;0.69;0.69;0.69;0.69;0.69;0.69;0.69;0.69;0.69;0.69;0.69;0.69;0.69;0.69;0.69;0.69;0.69;0.69;0.69;0.69;0.69;0.69;0.69;0.69;0.69;0.69;0.69;0.69;0.69;0.69;0.69;0.69;0.69;0.69;0.69;0.69;0.69;0.69;0.69;0.69;0.69;0.69;0.69;0.69;0.69;0.69;0.69;0.69;0.69;0.69;0.69;0.69;0.69;0.69;0.69;0.0;1.3983583
0.65;0.65;0.65;0.65;0.65;0.65;0.65;0.65;0.65;0.65;0.65;0.65;0.65;0.65;0.65;0.65;0.65;0.65;0.65;0.65;0.65;0.65;0.65;0.65;0.65;0.65;0.65;0.65;0.65;0.65;0.65;0.65;0.65;0.65;0.65;0.65;0.65;0.65;0.65;0.65;0.65;0.65;0.65;0.65;0.65;0.65;0.65;0.65;0.65;0.65;0.65;0.65;0.65;0.65;0.65;0.65;0.65;0.65;0.65;0.65;0.65;0.65;0.65;0.65;0.65;0.65;0.65;0.65;0.65;0.65;0.65;0.65;0.65;0.65;0.65;0.65;0.65;0.65;0.65;0.65;0.65;0.65;0.65;0.65;0.65;0.0;1.3589954
0.59;0.59;0.59;0.59;0.59;0.59;0.59;0.59;0.59;0.59;0.59;0.59;0.59;0.59;0.59;0.59;0.59;0.59;0.59;0.59;0.59;0.59;0.59;0.59;0.59;0.59;0.59;0.59;0.59;0.59;0.59;0.59;0.59;0.59;0.59;0.59;0.59;0.59;0.59;0.59;0.59;0.59;0.59;0.59;0.59;0.59;0.59;0.59;0.59;0.59;0.59;0.59;0.59;0.59;0.59;0.59;0.59;0.59;0.59;0.59;0.59;0.59;0.59;0.59;0.59;0.59;0.59;0.59;0.59;0.59;0.59;0.59;0.59;0.59;0.59;0.59;0.59;0.59;0.59;0.59;0.59;0.59;0.59;0.59;0.59;0.0;1.2437499
0.61;0.61;0.61;0.61;0.61;0.61;0.61;0.61;0.61;0.61;0.61;0.61;0.61;0.61;0.61;0.61;0.61;0.61;0.61;0.61;0.61;0.61;0.61;0.61;0.61;0.61;0.61;0.61;0.61;0.61;0.61;0.61;0.61;0.61;0.61;0.61;0.61;0.61;0.61;0.61;0.61;0.61;0.61;0.61;0.61;0.61;0.61;0.61;0.61;0.61;0.61;0.61;0.61;0.61;0.61;0.61;0.61;0.61;0.61;0.61;0.61;0.61;0.61;0.61;0.61;0.61;0.61;0.61;0.61;0.61;0.61;0.61;0.61;0.61;0.61;0.61;0.61;0.61;0.61;0.61;0.61;0.61;0.61;0.61;0.61;0.0;1.2923574
0.58;0.58;0.58;0.58;0.58;0.58;0.58;0.58;0.58;0.58;0.58;0.58;0.58;0.58;0.58;0.58;0.58;0.58;0.58;0.58;0.58;0.58;0.58;0.58;0.58;0.58;0.58;0.58;0.58;0.58;0.58;0.58;0.58;0.58;0.58;0.58;0.58;0.58;0.58;0.58;0.58;0.58;0.58;0.58;0.58;0.58;0.58;0.58;0.58;0.58;0.58;0.58;0.58;0.58;0.58;0.58;0.58;0.58;0.58;0.58;0.58;0.58;0.58;0.58;0.58;0.58;0.58;0.58;0.58;0.58;0.58;0.58;0.58;0.58;0.58;0.58;0.58;0.58;0.58;0.58;0.58;0.58;0.58;0.58;0.58;0.0;1.1372006
0.56;0.56;0.56;0.56;0.56;0.56;0.56;0.56;0.56;0.56;0.56;0.56;0.56;0.56;0.56;0.56;0.56;0.56;0.56;0.56;0.56;0.56;0.56;0.56;0.56;0.56;0.56;0.56;0.56;0.56;0.56;0.56;0.56;0.56;0.56;0.56;0.56;0.56;0.56;0.56;0.56;0.56;0.56;0.56;0.56;0.56;0.56;0.56;0.56;0.56;0.56;0.56;0.56;0.56;0.56;0.56;0.56;0.56;0.56;0.56;0.56;0.56;0.56;0.56;0.56;0.56;0.56;0.56;0.56;0.56;0.56;0.56;0.56;0.56;0.56;0.56;0.56;0.56;0.56;0.56;0.56;0.56;0.56;0.56;0.56;0.0;1.030246
0.56;0.56;0.56;0.56;0.56;0.56;0.56;0.56;0.56;0.56;0.56;0.56;0.56;0.56;0.56;0.56;0.56;0.56;0.56;0.56;0.56;0.56;0.56;0.56;0.56;0.56;0.56;0.56;0.56;0.56;0.56;0.56;0.56;0.56;0.56;0.56;0.56;0.56;0.56;0.56;0.56;0.56;0.56;0.56;0.56;0.56;0.56;0.56;0.56;0.56;0.56;0.56;0.56;0.56;0.56;0.56;0.56;0.56;0.56;0.56;0.56;0.56;0.56;0.56;0.56;0.56;0.56;0.56;0.56;0.56;0.56;0.56;0.56;0.56;0.56;0.56;0.56;0.56;0.56;0.56;0.56;0.56;0.56;0.56;0.56;0.0;0.97332954
0.54;0.54;0.54;0.54;0.54;0.54;0.54;0.54;0.54;0.54;0.54;0.54;0.54;0.54;0.54;0.54;0.54;0.54;0.54;0.54;0.54;0.54;0.54;0.54;0.54;0.54;0.54;0.54;0.54;0.54;0.54;0.54;0.54;0.54;0.54;0.54;0.54;0.54;0.54;0.54;0.54;0.54;0.54;0.54;0.54;0.54;0.54;0.54;0.54;0.54;0.54;0.54;0.54;0.54;0.54;0.54;0.54;0.54;0.54;0.54;0.54;0.54;0.54;0.54;0.54;0.54;0.54;0.54;0.54;0.54;0.54;0.54;0.54;0.54;0.54;0.54;0.54;0.54;0.54;0.54;0.54;0.54;0.54;0.54;0.54;0.0;0.9022808
0.54;0.55;0.54;0.55;0.54;0.55;0.54;0.55;0.54;0.55;0.54;0.55;0.54;0.55;0.54;0.55;0.54;0.55;0.54;0.55;0.54;0.55;0.54;0.55;0.54;0.55;0.54;0.55;0.54;0.55;0.54;0.55;0.54;0.55;0.54;0.55;0.54;0.55;0.54;0.55;0.54;0.55;0.54;0.55;0.54;0.55;0.54;0.55;0.54;0.55;0.54;0.55;0.54;0.55;0.54;0.55;0.54;0.55;0.54;0.55;0.54;0.55;0.54;0.55;0.54;0.55;0.54;0.55;0.54;0.55;0.54;0.55;0.54;0.55;0.54;0.55;0.54;0.55;0.54;0.55;0.54;0.55;0.54;0.55;0.54;0.0;0.8456385
0.54;0.53;0.54;0.53;0.54;0.53;0.54;0.53;0.54;0.53;0.54;0.53;0.54;0.53;0.54;0.53;0.54;0.53;0.54;0.53;0.54;0.53;0.54;0.53;0.54;0.53;0.54;0.53;0.54;0.53;0.54;0.53;0.54;0.53;0.54;0.53;0.54;0.53;0.54;0.53;0.54;0.53;0.54;0.53;0.54;0.53;0.54;0.53;0.54;0.53;0.54;0.53;0.54;0.53;0.54;0.53;0.54;0.53;0.54;0.53;0.54;0.53;0.54;0.53;0.54;0.53;0.54;0.53;0.54;0.53;0.54;0.53;0.54;0.53;0.54;0.53;0.54;0.53;0.54;0.53;0.54;0.53;0.54;0.53;0.54;0.0;0.82846045
0.54;0.54;0.54;0.54;0.54;0.54;0.54;0.54;0.54;0.54;0.54;0.54;0.54;0.54;0.54;0.54;0.54;0.54;0.54;0.54;0.54;0.54;0.54;0.54;0.54;0.54;0.54;0.54;0.54;0.54;0.54;0.54;0.54;0.54;0.54;0.54;0.54;0.54;0.54;0.54;0.54;0.54;0.54;0.54;0.54;0.54;0.54;0.54;0.54;0.54;0.54;0.54;0.54;0.54;0.54;0.54;0.54;0.54;0.54;0.54;0.54;0.54;0.54;0.54;0.54;0.54;0.54;0.54;0.54;0.54;0.54;0.54;0.54;0.54;0.54;0.54;0.54;0.54;0.54;0.54;0.54;0.54;0.54;0.54;0.54;0.0;0.8212602
0.53;0.53;0.53;0.53;0.53;0.53;0.53;0.53;0.53;0.53;0.53;0.53;0.53;0.53;0.53;0.53;0.53;0.53;0.53;0.53;0.53;0.53;0.53;0.53;0.53;0.53;0.53;0.53;0.53;0.53;0.53;0.53;0.53;0.53;0.53;0.53;0.53;0.53;0.53;0.53;0.53;0.53;0.53;0.53;0.53;0.53;0.53;0.53;0.53;0.53;0.53;0.53;0.53;0.53;0.53;0.53;0.53;0.53;0.53;0.53;0.53;0.53;0.53;0.53;0.53;0.53;0.53;0.53;0.53;0.53;0.53;0.53;0.53;0.53;0.53;0.53;0.53;0.53;0.53;0.53;0.53;0.53;0.53;0.53;0.53;0.0;0.7828748
0.53;0.53;0.53;0.53;0.53;0.53;0.53;0.53;0.53;0.53;0.53;0.53;0.53;0.53;0.53;0.53;0.53;0.53;0.53;0.53;0.53;0.53;0.53;0.53;0.53;0.53;0.53;0.53;0.53;0.53;0.53;0.53;0.53;0.53;0.53;0.53;0.53;0.53;0.53;0.53;0.53;0.53;0.53;0.53;0.53;0.53;0.53;0.53;0.53;0.53;0.53;0.53;0.53;0.53;0.53;0.53;0.53;0.53;0.53;0.53;0.53;0.53;0.53;0.53;0.53;0.53;0.53;0.53;0.53;0.53;0.53;0.53;0.53;0.53;0.53;0.53;0.53;0.53;0.53;0.53;0.53;0.53;0.53;0.53;0.53;0.0;0.77002406
0.53;0.52;0.53;0.52;0.53;0.52;0.53;0.52;0.53;0.52;0.53;0.52;0.53;0.52;0.53;0.52;0.53;0.52;0.53;0.52;0.53;0.52;0.53;0.52;0.53;0.52;0.53;0.52;0.53;0.52;0.53;0.52;0.53;0.52;0.53;0.52;0.53;0.52;0.53;0.52;0.53;0.52;0.53;0.52;0.53;0.52;0.53;0.52;0.53;0.52;0.53;0.52;0.53;0.52;0.53;0.52;0.53;0.52;0.53;0.52;0.53;0.52;0.53;0.52;0.53;0.52;0.53;0.52;0.53;0.52;0.53;0.52;0.53;0.52;0.53;0.52;0.53;0.52;0.53;0.52;0.53;0.52;0.53;0.52;0.53;0.0;0.7759547
0.53;0.53;0.53;0.53;0.53;0.53;0.53;0.53;0.53;0.53;0.53;0.53;0.53;0.53;0.53;0.53;0.53;0.53;0.53;0.53;0.53;0.53;0.53;0.53;0.53;0.53;0.53;0.53;0.53;0.53;0.53;0.53;0.53;0.53;0.53;0.53;0.53;0.53;0.53;0.53;0.53;0.53;0.53;0.53;0.53;0.53;0.53;0.53;0.53;0.53;0.53;0.53;0.53;0.53;0.53;0.53;0.53;0.53;0.53;0.53;0.53;0.53;0.53;0.53;0.53;0.53;0.53;0.53;0.53;0.53;0.53;0.53;0.53;0.53;0.53;0.53;0.53;0.53;0.53;0.53;0.53;0.53;0.53;0.53;0.53;0.0;0.76595306
0.52;0.52;0.52;0.52;0.52;0.52;0.52;0.52;0.52;0.52;0.52;0.52;0.52;0.52;0.52;0.52;0.52;0.52;0.52;0.52;0.52;0.52;0.52;0.52;0.52;0.52;0.52;0.52;0.52;0.52;0.52;0.52;0.52;0.52;0.52;0.52;0.52;0.52;0.52;0.52;0.52;0.52;0.52;0.52;0.52;0.52;0.52;0.52;0.52;0.52;0.52;0.52;0.52;0.52;0.52;0.52;0.52;0.52;0.52;0.52;0.52;0.52;0.52;0.52;0.52;0.52;0.52;0.52;0.52;0.52;0.52;0.52;0.52;0.52;0.52;0.52;0.52;0.52;0.52;0.52;0.52;0.52;0.52;0.52;0.52;0.0;0.73043466
0.52;0.52;0.52;0.52;0.52;0.52;0.52;0.52;0.52;0.52;0.52;0.52;0.52;0.52;0.52;0.52;0.52;0.52;0.52;0.52;0.52;0.52;0.52;0.52;0.52;0.52;0.52;0.52;0.52;0.52;0.52;0.52;0.52;0.52;0.52;0.52;0.52;0.52;0.52;0.52;0.52;0.52;0.52;0.52;0.52;0.52;0.52;0.52;0.52;0.52;0.52;0.52;0.52;0.52;0.52;0.52;0.52;0.52;0.52;0.52;0.52;0.52;0.52;0.52;0.52;0.52;0.52;0.52;0.52;0.52;0.52;0.52;0.52;0.52;0.52;0.52;0.52;0.52;0.52;0.52;0.52;0.52;0.52;0.52;0.52;0.0;0.7159269
0.52;0.52;0.52;0.52;0.52;0.52;0.52;0.52;0.52;0.52;0.52;0.52;0.52;0.52;0.52;0.52;0.52;0.52;0.52;0.52;0.52;0.52;0.52;0.52;0.52;0.52;0.52;0.52;0.52;0.52;0.52;0.52;0.52;0.52;0.52;0.52;0.52;0.52;0.52;0.52;0.52;0.52;0.52;0.52;0.52;0.52;0.52;0.52;0.52;0.52;0.52;0.52;0.52;0.52;0.52;0.52;0.52;0.52;0.52;0.52;0.52;0.52;0.52;0.52;0.52;0.52;0.52;0.52;0.52;0.52;0.52;0.52;0.52;0.52;0.52;0.52;0.52;0.52;0.52;0.52;0.52;0.52;0.52;0.52;0.52;0.0;0.7064915
0.52;0.52;0.52;0.52;0.52;0.52;0.52;0.52;0.52;0.52;0.52;0.52;0.52;0.52;0.52;0.52;0.52;0.52;0.52;0.52;0.52;0.52;0.52;0.52;0.52;0.52;0.52;0.52;0.52;0.52;0.52;0.52;0.52;0.52;0.52;0.52;0.52;0.52;0.52;0.52;0.52;0.52;0.52;0.52;0.52;0.52;0.52;0.52;0.52;0.52;0.52;0.52;0.52;0.52;0.52;0.52;0.52;0.52;0.52;0.52;0.52;0.52;0.52;0.52;0.52;0.52;0.52;0.52;0.52;0.52;0.52;0.52;0.52;0.52;0.52;0.52;0.52;0.52;0.52;0.52;0.52;0.52;0.52;0.52;0.52;0.0;0.6946182
0.52;0.52;0.52;0.52;0.52;0.52;0.52;0.52;0.52;0.52;0.52;0.52;0.52;0.52;0.52;0.52;0.52;0.52;0.52;0.52;0.52;0.52;0.52;0.52;0.52;0.52;0.52;0.52;0.52;0.52;0.52;0.52;0.52;0.52;0.52;0.52;0.52;0.52;0.52;0.52;0.52;0.52;0.52;0.52;0.52;0.52;0.52;0.52;0.52;0.52;0.52;0.52;0.52;0.52;0.52;0.52;0.52;0.52;0.52;0.52;0.52;0.52;0.52;0.52;0.52;0.52;0.52;0.52;0.52;0.52;0.52;0.52;0.52;0.52;0.52;0.52;0.52;0.52;0.52;0.52;0.52;0.52;0.52;0.52;0.52;0.0;0.68884254
0.51;0.51;0.51;0.51;0.51;0.51;0.51;0.51;0.51;0.51;0.51;0.51;0.51;0.51;0.51;0.51;0.51;0.51;0.51;0.51;0.51;0.51;0.51;0.51;0.51;0.51;0.51;0.51;0.51;0.51;0.51;0.51;0.51;0.51;0.51;0.51;0.51;0.51;0.51;0.51;0.51;0.51;0.51;0.51;0.51;0.51;0.51;0.51;0.51;0.51;0.51;0.51;0.51;0.51;0.51;0.51;0.51;0.51;0.51;0.51;0.51;0.51;0.51;0.51;0.51;0.51;0.51;0.51;0.51;0.51;0.51;0.51;0.51;0.51;0.51;0.51;0.51;0.51;0.51;0.51;0.51;0.51;0.51;0.51;0.51;0.0;0.66042304
0.52;0.52;0.52;0.52;0.52;0.52;0.52;0.52;0.52;0.52;0.52;0.52;0.52;0.52;0.52;0.52;0.52;0.52;0.52;0.52;0.52;0.52;0.52;0.52;0.52;0.52;0.52;0.52;0.52;0.52;0.52;0.52;0.52;0.52;0.52;0.52;0.52;0.52;0.52;0.52;0.52;0.52;0.52;0.52;0.52;0.52;0.52;0.52;0.52;0.52;0.52;0.52;0.52;0.52;0.52;0.52;0.52;0.52;0.52;0.52;0.52;0.52;0.52;0.52;0.52;0.52;0.52;0.52;0.52;0.52;0.52;0.52;0.52;0.52;0.52;0.52;0.52;0.52;0.52;0.52;0.52;0.52;0.52;0.52;0.52;0.0;0.6755328
0.51;0.5;0.51;0.51;0.51;0.51;0.5;0.51;0.51;0.51;0.51;0.5;0.51;0.51;0.51;0.51;0.5;0.51;0.51;0.51;0.51;0.5;0.51;0.51;0.51;0.51;0.5;0.51;0.51;0.51;0.51;0.5;0.51;0.51;0.51;0.51;0.5;0.51;0.51;0.51;0.51;0.5;0.51;0.51;0.51;0.51;0.5;0.51;0.51;0.51;0.51;0.5;0.51;0.51;0.51;0.51;0.5;0.51;0.51;0.51;0.51;0.5;0.51;0.51;0.51;0.51;0.5;0.51;0.51;0.51;0.51;0.5;0.51;0.51;0.51;0.51;0.5;0.51;0.51;0.51;0.51;0.5;0.51;0.51;0.51;0.0;0.6428635
0.52;0.54;0.52;0.52;0.52;0.52;0.54;0.52;0.52;0.52;0.52;0.54;0.52;0.52;0.52;0.52;0.54;0.52;0.52;0.52;0.52;0.54;0.52;0.52;0.52;0.52;0.54;0.52;0.52;0.52;0.52;0.54;0.52;0.52;0.52;0.52;0.54;0.52;0.52;0.52;0.52;0.54;0.52;0.52;0.52;0.52;0.54;0.52;0.52;0.52;0.52;0.54;0.52;0.52;0.52;0.52;0.54;0.52;0.52;0.52;0.52;0.54;0.52;0.52;0.52;0.52;0.54;0.52;0.52;0.52;0.52;0.54;0.52;0.52;0.52;0.52;0.54;0.52;0.52;0.52;0.52;0.54;0.52;0.52;0.52;0.0;0.681839
0.51;0.51;0.51;0.51;0.51;0.51;0.51;0.51;0.51;0.51;0.51;0.51;0.51;0.51;0.51;0.51;0.51;0.51;0.51;0.51;0.51;0.51;0.51;0.51;0.51;0.51;0.51;0.51;0.51;0.51;0.51;0.51;0.51;0.51;0.51;0.51;0.51;0.51;0.51;0.51;0.51;0.51;0.51;0.51;0.51;0.51;0.51;0.51;0.51;0.51;0.51;0.51;0.51;0.51;0.51;0.51;0.51;0.51;0.51;0.51;0.51;0.51;0.51;0.51;0.51;0.51;0.51;0.51;0.51;0.51;0.51;0.51;0.51;0.51;0.51;0.51;0.51;0.51;0.51;0.51;0.51;0.51;0.51;0.51;0.51;0.0;0.6520605
0.52;0.52;0.52;0.52;0.52;0.52;0.52;0.52;0.52;0.52;0.52;0.52;0.52;0.52;0.52;0.52;0.52;0.52;0.52;0.52;0.52;0.52;0.52;0.52;0.52;0.52;0.52;0.52;0.52;0.52;0.52;0.52;0.52;0.52;0.52;0.52;0.52;0.52;0.52;0.52;0.52;0.52;0.52;0.52;0.52;0.52;0.52;0.52;0.52;0.52;0.52;0.52;0.52;0.52;0.52;0.52;0.52;0.52;0.52;0.52;0.52;0.52;0.52;0.52;0.52;0.52;0.52;0.52;0.52;0.52;0.52;0.52;0.52;0.52;0.52;0.52;0.52;0.52;0.52;0.52;0.52;0.52;0.52;0.52;0.52;0.0;0.6744063
0.51;0.51;0.51;0.51;0.51;0.51;0.51;0.51;0.51;0.51;0.51;0.51;0.51;0.51;0.51;0.51;0.51;0.51;0.51;0.51;0.51;0.51;0.51;0.51;0.51;0.51;0.51;0.51;0.51;0.51;0.51;0.51;0.51;0.51;0.51;0.51;0.51;0.51;0.51;0.51;0.51;0.51;0.51;0.51;0.51;0.51;0.51;0.51;0.51;0.51;0.51;0.51;0.51;0.51;0.51;0.51;0.51;0.51;0.51;0.51;0.51;0.51;0.51;0.51;0.51;0.51;0.51;0.51;0.51;0.51;0.51;0.51;0.51;0.51;0.51;0.51;0.51;0.51;0.51;0.51;0.51;0.51;0.51;0.51;0.51;0.0;0.6504512
0.5;0.5;0.5;0.5;0.5;0.5;0.5;0.5;0.5;0.5;0.5;0.5;0.5;0.5;0.5;0.5;0.5;0.5;0.5;0.5;0.5;0.5;0.5;0.5;0.5;0.5;0.5;0.5;0.5;0.5;0.5;0.5;0.5;0.5;0.5;0.5;0.5;0.5;0.5;0.5;0.5;0.5;0.5;0.5;0.5;0.5;0.5;0.5;0.5;0.5;0.5;0.5;0.5;0.5;0.5;0.5;0.5;0.5;0.5;0.5;0.5;0.5;0.5;0.5;0.5;0.5;0.5;0.5;0.5;0.5;0.5;0.5;0.5;0.5;0.5;0.5;0.5;0.5;0.5;0.5;0.5;0.5;0.5;0.5;0.5;0.0;0.6205654
0.47;0.47;0.48;0.47;0.47;0.48;0.47;0.47;0.48;0.47;0.47;0.48;0.47;0.47;0.48;0.47;0.47;0.48;0.47;0.47;0.48;0.47;0.47;0.48;0.47;0.47;0.48;0.47;0.47;0.48;0.47;0.47;0.48;0.47;0.47;0.48;0.47;0.47;0.48;0.47;0.47;0.48;0.47;0.47;0.48;0.47;0.47;0.48;0.47;0.47;0.48;0.47;0.47;0.48;0.47;0.47;0.48;0.47;0.47;0.48;0.47;0.47;0.48;0.47;0.47;0.48;0.47;0.47;0.48;0.47;0.47;0.48;0.47;0.47;0.48;0.47;0.47;0.48;0.47;0.47;0.48;0.47;0.47;0.48;0.47;0.0;0.4776514
0.48;0.48;0.48;0.48;0.48;0.48;0.48;0.48;0.48;0.48;0.48;0.48;0.48;0.48;0.48;0.48;0.48;0.48;0.48;0.48;0.48;0.48;0.48;0.48;0.48;0.48;0.48;0.48;0.48;0.48;0.48;0.48;0.48;0.48;0.48;0.48;0.48;0.48;0.48;0.48;0.48;0.48;0.48;0.48;0.48;0.48;0.48;0.48;0.48;0.48;0.48;0.48;0.48;0.48;0.48;0.48;0.48;0.48;0.48;0.48;0.48;0.48;0.48;0.48;0.48;0.48;0.48;0.48;0.48;0.48;0.48;0.48;0.48;0.48;0.48;0.48;0.48;0.48;0.48;0.48;0.48;0.48;0.48;0.48;0.48;0.0;0.45808318
0.48;0.48;0.48;0.48;0.48;0.48;0.48;0.48;0.48;0.48;0.48;0.48;0.48;0.48;0.48;0.48;0.48;0.48;0.48;0.48;0.48;0.48;0.48;0.48;0.48;0.48;0.48;0.48;0.48;0.48;0.48;0.48;0.48;0.48;0.48;0.48;0.48;0.48;0.48;0.48;0.48;0.48;0.48;0.48;0.48;0.48;0.48;0.48;0.48;0.48;0.48;0.48;0.48;0.48;0.48;0.48;0.48;0.48;0.48;0.48;0.48;0.48;0.48;0.48;0.48;0.48;0.48;0.48;0.48;0.48;0.48;0.48;0.48;0.48;0.48;0.48;0.48;0.48;0.48;0.48;0.48;0.48;0.48;0.48;0.48;0.0;0.43433073
0.48;0.48;0.48;0.48;0.48;0.48;0.48;0.48;0.48;0.48;0.48;0.48;0.48;0.48;0.48;0.48;0.48;0.48;0.48;0.48;0.48;0.48;0.48;0.48;0.48;0.48;0.48;0.48;0.48;0.48;0.48;0.48;0.48;0.48;0.48;0.48;0.48;0.48;0.48;0.48;0.48;0.48;0.48;0.48;0.48;0.48;0.48;0.48;0.48;0.48;0.48;0.48;0.48;0.48;0.48;0.48;0.48;0.48;0.48;0.48;0.48;0.48;0.48;0.48;0.48;0.48;0.48;0.48;0.48;0.48;0.48;0.48;0.48;0.48;0.48;0.48;0.48;0.48;0.48;0.48;0.48;0.48;0.48;0.48;0.48;0.0;0.41880968
0.48;0.48;0.48;0.48;0.48;0.48;0.48;0.48;0.48;0.48;0.48;0.48;0.48;0.48;0.48;0.48;0.48;0.48;0.48;0.48;0.48;0.48;0.48;0.48;0.48;0.48;0.48;0.48;0.48;0.48;0.48;0.48;0.48;0.48;0.48;0.48;0.48;0.48;0.48;0.48;0.48;0.48;0.48;0.48;0.48;0.48;0.48;0.48;0.48;0.48;0.48;0.48;0.48;0.48;0.48;0.48;0.48;0.48;0.48;0.48;0.48;0.48;0.48;0.48;0.48;0.48;0.48;0.48;0.48;0.48;0.48;0.48;0.48;0.48;0.48;0.48;0.48;0.48;0.48;0.48;0.48;0.48;0.48;0.48;0.48;0.0;0.40827158
0.48;0.48;0.48;0.48;0.48;0.48;0.48;0.48;0.48;0.48;0.48;0.48;0.48;0.48;0.48;0.48;0.48;0.48;0.48;0.48;0.48;0.48;0.48;0.48;0.48;0.48;0.48;0.48;0.48;0.48;0.48;0.48;0.48;0.48;0.48;0.48;0.48;0.48;0.48;0.48;0.48;0.48;0.48;0.48;0.48;0.48;0.48;0.48;0.48;0.48;0.48;0.48;0.48;0.48;0.48;0.48;0.48;0.48;0.48;0.48;0.48;0.48;0.48;0.48;0.48;0.48;0.48;0.48;0.48;0.48;0.48;0.48;0.48;0.48;0.48;0.48;0.48;0.48;0.48;0.48;0.48;0.48;0.48;0.48;0.48;0.0;0.42686823
0.47;0.47;0.47;0.47;0.47;0.47;0.47;0.47;0.47;0.47;0.47;0.47;0.47;0.47;0.47;0.47;0.47;0.47;0.47;0.47;0.47;0.47;0.47;0.47;0.47;0.47;0.47;0.47;0.47;0.47;0.47;0.47;0.47;0.47;0.47;0.47;0.47;0.47;0.47;0.47;0.47;0.47;0.47;0.47;0.47;0.47;0.47;0.47;0.47;0.47;0.47;0.47;0.47;0.47;0.47;0.47;0.47;0.47;0.47;0.47;0.47;0.47;0.47;0.47;0.47;0.47;0.47;0.47;0.47;0.47;0.47;0.47;0.47;0.47;0.47;0.47;0.47;0.47;0.47;0.47;0.47;0.47;0.47;0.47;0.47;0.0;0.39609435
0.47;0.47;0.47;0.47;0.47;0.47;0.47;0.47;0.47;0.47;0.47;0.47;0.47;0.47;0.47;0.47;0.47;0.47;0.47;0.47;0.47;0.47;0.47;0.47;0.47;0.47;0.47;0.47;0.47;0.47;0.47;0.47;0.47;0.47;0.47;0.47;0.47;0.47;0.47;0.47;0.47;0.47;0.47;0.47;0.47;0.47;0.47;0.47;0.47;0.47;0.47;0.47;0.47;0.47;0.47;0.47;0.47;0.47;0.47;0.47;0.47;0.47;0.47;0.47;0.47;0.47;0.47;0.47;0.47;0.47;0.47;0.47;0.47;0.47;0.47;0.47;0.47;0.47;0.47;0.47;0.47;0.47;0.47;0.47;0.47;0.0;0.38089517
0.47;0.47;0.47;0.47;0.47;0.47;0.47;0.47;0.47;0.47;0.47;0.47;0.47;0.47;0.47;0.47;0.47;0.47;0.47;0.47;0.47;0.47;0.47;0.47;0.47;0.47;0.47;0.47;0.47;0.47;0.47;0.47;0.47;0.47;0.47;0.47;0.47;0.47;0.47;0.47;0.47;0.47;0.47;0.47;0.47;0.47;0.47;0.47;0.47;0.47;0.47;0.47;0.47;0.47;0.47;0.47;0.47;0.47;0.47;0.47;0.47;0.47;0.47;0.47;0.47;0.47;0.47;0.47;0.47;0.47;0.47;0.47;0.47;0.47;0.47;0.47;0.47;0.47;0.47;0.47;0.47;0.47;0.47;0.47;0.47;0.0;0.37094715
0.47;0.47;0.47;0.47;0.47;0.47;0.47;0.47;0.47;0.47;0.47;0.47;0.47;0.47;0.47;0.47;0.47;0.47;0.47;0.47;0.47;0.47;0.47;0.47;0.47;0.47;0.47;0.47;0.47;0.47;0.47;0.47;0.47;0.47;0.47;0.47;0.47;0.47;0.47;0.47;0.47;0.47;0.47;0.47;0.47;0.47;0.47;0.47;0.47;0.47;0.47;0.47;0.47;0.47;0.47;0.47;0.47;0.47;0.47;0.47;0.47;0.47;0.47;0.47;0.47;0.47;0.47;0.47;0.47;0.47;0.47;0.47;0.47;0.47;0.47;0.47;0.47;0.47;0.47;0.47;0.47;0.47;0.47;0.47;0.47;0.0;0.3634489
0.47;0.47;0.47;0.47;0.47;0.47;0.47;0.47;0.47;0.47;0.47;0.47;0.47;0.47;0.47;0.47;0.47;0.47;0.47;0.47;0.47;0.47;0.47;0.47;0.47;0.47;0.47;0.47;0.47;0.47;0.47;0.47;0.47;0.47;0.47;0.47;0.47;0.47;0.47;0.47;0.47;0.47;0.47;0.47;0.47;0.47;0.47;0.47;0.47;0.47;0.47;0.47;0.47;0.47;0.47;0.47;0.47;0.47;0.47;0.47;0.47;0.47;0.47;0.47;0.47;0.47;0.47;0.47;0.47;0.47;0.47;0.47;0.47;0.47;0.47;0.47;0.47;0.47;0.47;0.47;0.47;0.47;0.47;0.47;0.47;0.0;0.35638574
0.47;0.47;0.47;0.47;0.47;0.47;0.47;0.47;0.47;0.47;0.47;0.47;0.47;0.47;0.47;0.47;0.47;0.47;0.47;0.47;0.47;0.47;0.47;0.47;0.47;0.47;0.47;0.47;0.47;0.47;0.47;0.47;0.47;0.47;0.47;0.47;0.47;0.47;0.47;0.47;0.47;0.47;0.47;0.47;0.47;0.47;0.47;0.47;0.47;0.47;0.47;0.47;0.47;0.47;0.47;0.47;0.47;0.47;0.47;0.47;0.47;0.47;0.47;0.47;0.47;0.47;0.47;0.47;0.47;0.47;0.47;0.47;0.47;0.47;0.47;0.47;0.47;0.47;0.47;0.47;0.47;0.47;0.47;0.47;0.47;0.0;0.35638574
0.46;0.47;0.46;0.47;0.46;0.47;0.46;0.47;0.46;0.47;0.46;0.47;0.46;0.47;0.46;0.47;0.46;0.47;0.46;0.47;0.46;0.47;0.46;0.47;0.46;0.47;0.46;0.47;0.46;0.47;0.46;0.47;0.46;0.47;0.46;0.47;0.46;0.47;0.46;0.47;0.46;0.47;0.46;0.47;0.46;0.47;0.46;0.47;0.46;0.47;0.46;0.47;0.46;0.47;0.46;0.47;0.46;0.47;0.46;0.47;0.46;0.47;0.46;0.47;0.46;0.47;0.46;0.47;0.46;0.47;0.46;0.47;0.46;0.47;0.46;0.47;0.46;0.47;0.46;0.47;0.46;0.47;0.46;0.47;0.46;0.0;0.3144062
0.47;0.46;0.47;0.46;0.47;0.46;0.47;0.46;0.47;0.46;0.47;0.46;0.47;0.46;0.47;0.46;0.47;0.46;0.47;0.46;0.47;0.46;0.47;0.46;0.47;0.46;0.47;0.46;0.47;0.46;0.47;0.46;0.47;0.46;0.47;0.46;0.47;0.46;0.47;0.46;0.47;0.46;0.47;0.46;0.47;0.46;0.47;0.46;0.47;0.46;0.47;0.46;0.47;0.46;0.47;0.46;0.47;0.46;0.47;0.46;0.47;0.46;0.47;0.46;0.47;0.46;0.47;0.46;0.47;0.46;0.47;0.46;0.47;0.46;0.47;0.46;0.47;0.46;0.47;0.46;0.47;0.46;0.47;0.46;0.47;0.0;0.3392792
0.46;0.46;0.46;0.46;0.46;0.46;0.46;0.46;0.46;0.46;0.46;0.46;0.46;0.46;0.46;0.46;0.46;0.46;0.46;0.46;0.46;0.46;0.46;0.46;0.46;0.46;0.46;0.46;0.46;0.46;0.46;0.46;0.46;0.46;0.46;0.46;0.46;0.46;0.46;0.46;0.46;0.46;0.46;0.46;0.46;0.46;0.46;0.46;0.46;0.46;0.46;0.46;0.46;0.46;0.46;0.46;0.46;0.46;0.46;0.46;0.46;0.46;0.46;0.46;0.46;0.46;0.46;0.46;0.46;0.46;0.46;0.46;0.46;0.46;0.46;0.46;0.46;0.46;0.46;0.46;0.46;0.46;0.46;0.46;0.46;0.0;0.31688574
0.46;0.46;0.46;0.46;0.46;0.46;0.46;0.46;0.46;0.46;0.46;0.46;0.46;0.46;0.46;0.46;0.46;0.46;0.46;0.46;0.46;0.46;0.46;0.46;0.46;0.46;0.46;0.46;0.46;0.46;0.46;0.46;0.46;0.46;0.46;0.46;0.46;0.46;0.46;0.46;0.46;0.46;0.46;0.46;0.46;0.46;0.46;0.46;0.46;0.46;0.46;0.46;0.46;0.46;0.46;0.46;0.46;0.46;0.46;0.46;0.46;0.46;0.46;0.46;0.46;0.46;0.46;0.46;0.46;0.46;0.46;0.46;0.46;0.46;0.46;0.46;0.46;0.46;0.46;0.46;0.46;0.46;0.46;0.46;0.46;0.0;0.30315876
0.46;0.46;0.46;0.46;0.46;0.46;0.46;0.46;0.46;0.46;0.46;0.46;0.46;0.46;0.46;0.46;0.46;0.46;0.46;0.46;0.46;0.46;0.46;0.46;0.46;0.46;0.46;0.46;0.46;0.46;0.46;0.46;0.46;0.46;0.46;0.46;0.46;0.46;0.46;0.46;0.46;0.46;0.46;0.46;0.46;0.46;0.46;0.46;0.46;0.46;0.46;0.46;0.46;0.46;0.46;0.46;0.46;0.46;0.46;0.46;0.46;0.46;0.46;0.46;0.46;0.46;0.46;0.46;0.46;0.46;0.46;0.46;0.46;0.46;0.46;0.46;0.46;0.46;0.46;0.46;0.46;0.46;0.46;0.46;0.46;0.0;0.2929902
0.46;0.45;0.46;0.45;0.46;0.45;0.46;0.45;0.46;0.45;0.46;0.45;0.46;0.45;0.46;0.45;0.46;0.45;0.46;0.45;0.46;0.45;0.46;0.45;0.46;0.45;0.46;0.45;0.46;0.45;0.46;0.45;0.46;0.45;0.46;0.45;0.46;0.45;0.46;0.45;0.46;0.45;0.46;0.45;0.46;0.45;0.46;0.45;0.46;0.45;0.46;0.45;0.46;0.45;0.46;0.45;0.46;0.45;0.46;0.45;0.46;0.45;0.46;0.45;0.46;0.45;0.46;0.45;0.46;0.45;0.46;0.45;0.46;0.45;0.46;0.45;0.46;0.45;0.46;0.45;0.46;0.45;0.46;0.45;0.46;0.0;0.30788544
0.45;0.45;0.45;0.45;0.45;0.45;0.45;0.45;0.45;0.45;0.45;0.45;0.45;0.45;0.45;0.45;0.45;0.45;0.45;0.45;0.45;0.45;0.45;0.45;0.45;0.45;0.45;0.45;0.45;0.45;0.45;0.45;0.45;0.45;0.45;0.45;0.45;0.45;0.45;0.45;0.45;0.45;0.45;0.45;0.45;0.45;0.45;0.45;0.45;0.45;0.45;0.45;0.45;0.45;0.45;0.45;0.45;0.45;0.45;0.45;0.45;0.45;0.45;0.45;0.45;0.45;0.45;0.45;0.45;0.45;0.45;0.45;0.45;0.45;0.45;0.45;0.45;0.45;0.45;0.45;0.45;0.45;0.45;0.45;0.45;0.0;0.26360512
0.45;0.45;0.45;0.45;0.45;0.45;0.45;0.45;0.45;0.45;0.45;0.45;0.45;0.45;0.45;0.45;0.45;0.45;0.45;0.45;0.45;0.45;0.45;0.45;0.45;0.45;0.45;0.45;0.45;0.45;0.45;0.45;0.45;0.45;0.45;0.45;0.45;0.45;0.45;0.45;0.45;0.45;0.45;0.45;0.45;0.45;0.45;0.45;0.45;0.45;0.45;0.45;0.45;0.45;0.45;0.45;0.45;0.45;0.45;0.45;0.45;0.45;0.45;0.45;0.45;0.45;0.45;0.45;0.45;0.45;0.45;0.45;0.45;0.45;0.45;0.45;0.45;0.45;0.45;0.45;0.45;0.45;0.45;0.45;0.45;0.0;0.24509194
0.44;0.44;0.44;0.44;0.44;0.44;0.44;0.44;0.44;0.44;0.44;0.44;0.44;0.44;0.44;0.44;0.44;0.44;0.44;0.44;0.44;0.44;0.44;0.44;0.44;0.44;0.44;0.44;0.44;0.44;0.44;0.44;0.44;0.44;0.44;0.44;0.44;0.44;0.44;0.44;0.44;0.44;0.44;0.44;0.44;0.44;0.44;0.44;0.44;0.44;0.44;0.44;0.44;0.44;0.44;0.44;0.44;0.44;0.44;0.44;0.44;0.44;0.44;0.44;0.44;0.44;0.44;0.44;0.44;0.44;0.44;0.44;0.44;0.44;0.44;0.44;0.44;0.44;0.44;0.44;0.44;0.44;0.44;0.44;0.44;0.0;0.19998911
0.44;0.44;0.44;0.44;0.44;0.44;0.44;0.44;0.44;0.44;0.44;0.44;0.44;0.44;0.44;0.44;0.44;0.44;0.44;0.44;0.44;0.44;0.44;0.44;0.44;0.44;0.44;0.44;0.44;0.44;0.44;0.44;0.44;0.44;0.44;0.44;0.44;0.44;0.44;0.44;0.44;0.44;0.44;0.44;0.44;0.44;0.44;0.44;0.44;0.44;0.44;0.44;0.44;0.44;0.44;0.44;0.44;0.44;0.44;0.44;0.44;0.44;0.44;0.44;0.44;0.44;0.44;0.44;0.44;0.44;0.44;0.44;0.44;0.44;0.44;0.44;0.44;0.44;0.44;0.44;0.44;0.44;0.44;0.44;0.44;0.0;0.17364386
0.42;0.42;0.42;0.42;0.42;0.42;0.42;0.42;0.42;0.42;0.42;0.42;0.42;0.42;0.42;0.42;0.42;0.42;0.42;0.42;0.42;0.42;0.42;0.42;0.42;0.42;0.42;0.42;0.42;0.42;0.42;0.42;0.42;0.42;0.42;0.42;0.42;0.42;0.42;0.42;0.42;0.42;0.42;0.42;0.42;0.42;0.42;0.42;0.42;0.42;0.42;0.42;0.42;0.42;0.42;0.42;0.42;0.42;0.42;0.42;0.42;0.42;0.42;0.42;0.42;0.42;0.42;0.42;0.42;0.42;0.42;0.42;0.42;0.42;0.42;0.42;0.42;0.42;0.42;0.42;0.42;0.42;0.42;0.42;0.42;0.0;0.081483155
0.42;0.4;0.42;0.4;0.42;0.4;0.42;0.4;0.42;0.4;0.42;0.4;0.42;0.4;0.42;0.4;0.42;0.4;0.42;0.4;0.42;0.4;0.42;0.4;0.42;0.4;0.42;0.4;0.42;0.4;0.42;0.4;0.42;0.4;0.42;0.4;0.42;0.4;0.42;0.4;0.42;0.4;0.42;0.4;0.42;0.4;0.42;0.4;0.42;0.4;0.42;0.4;0.42;0.4;0.42;0.4;0.42;0.4;0.42;0.4;0.42;0.4;0.42;0.4;0.42;0.4;0.42;0.4;0.42;0.4;0.42;0.4;0.42;0.4;0.42;0.4;0.42;0.4;0.42;0.4;0.42;0.4;0.42;0.4;0.42;0.0;0.060287744
0.4;0.42;0.4;0.42;0.4;0.42;0.4;0.42;0.4;0.42;0.4;0.42;0.4;0.42;0.4;0.42;0.4;0.42;0.4;0.42;0.4;0.42;0.4;0.42;0.4;0.42;0.4;0.42;0.4;0.42;0.4;0.42;0.4;0.42;0.4;0.42;0.4;0.42;0.4;0.42;0.4;0.42;0.4;0.42;0.4;0.42;0.4;0.42;0.4;0.42;0.4;0.42;0.4;0.42;0.4;0.42;0.4;0.42;0.4;0.42;0.4;0.42;0.4;0.42;0.4;0.42;0.4;0.42;0.4;0.42;0.4;0.42;0.4;0.42;0.4;0.42;0.4;0.42;0.4;0.42;0.4;0.42;0.4;0.42;0.4;0.0;-0.06178856
0.38;0.38;0.38;0.38;0.38;0.38;0.38;0.38;0.38;0.38;0.38;0.38;0.38;0.38;0.38;0.38;0.38;0.38;0.38;0.38;0.38;0.38;0.38;0.38;0.38;0.38;0.38;0.38;0.38;0.38;0.38;0.38;0.38;0.38;0.38;0.38;0.38;0.38;0.38;0.38;0.38;0.38;0.38;0.38;0.38;0.38;0.38;0.38;0.38;0.38;0.38;0.38;0.38;0.38;0.38;0.38;0.38;0.38;0.38;0.38;0.38;0.38;0.38;0.38;0.38;0.38;0.38;0.38;0.38;0.38;0.38;0.38;0.38;0.38;0.38;0.38;0.38;0.38;0.38;0.38;0.38;0.38;0.38;0.38;0.38;0.0;-0.19619107
0.36;0.36;0.36;0.36;0.36;0.36;0.36;0.36;0.36;0.36;0.36;0.36;0.36;0.36;0.36;0.36;0.36;0.36;0.36;0.36;0.36;0.36;0.36;0.36;0.36;0.36;0.36;0.36;0.36;0.36;0.36;0.36;0.36;0.36;0.36;0.36;0.36;0.36;0.36;0.36;0.36;0.36;0.36;0.36;0.36;0.36;0.36;0.36;0.36;0.36;0.36;0.36;0.36;0.36;0.36;0.36;0.36;0.36;0.36;0.36;0.36;0.36;0.36;0.36;0.36;0.36;0.36;0.36;0.36;0.36;0.36;0.36;0.36;0.36;0.36;0.36;0.36;0.36;0.36;0.36;0.36;0.36;0.36;0.36;0.36;0.0;-0.35216445
0.19;0.19;0.19;0.19;0.19;0.19;0.19;0.19;0.19;0.19;0.19;0.19;0.19;0.19;0.19;0.19;0.19;0.19;0.19;0.19;0.19;0.19;0.19;0.19;0.19;0.19;0.19;0.19;0.19;0.19;0.19;0.19;0.19;0.19;0.19;0.19;0.19;0.19;0.19;0.19;0.19;0.19;0.19;0.19;0.19;0.19;0.19;0.19;0.19;0.19;0.19;0.19;0.19;0.19;0.19;0.19;0.19;0.19;0.19;0.19;0.19;0.19;0.19;0.19;0.19;0.19;0.19;0.19;0.19;0.19;0.19;0.19;0.19;0.19;0.19;0.19;0.19;0.19;0.19;0.19;0.19;0.19;0.19;0.19;0.19;0.0;-1.1476539
0.5;0.5;0.5;0.5;0.5;0.5;0.5;0.5;0.5;0.5;0.5;0.5;0.5;0.5;0.5;0.5;0.5;0.5;0.5;0.5;0.5;0.5;0.5;0.5;0.5;0.5;0.5;0.5;0.5;0.5;0.5;0.5;0.5;0.5;0.5;0.5;0.5;0.5;0.5;0.5;0.5;0.5;0.5;0.5;0.5;0.5;0.5;0.5;0.5;0.5;0.5;0.5;0.5;0.5;0.5;0.5;0.5;0.5;0.5;0.5;0.5;0.5;0.5;0.5;0.5;0.5;0.5;0.5;0.5;0.5;0.5;0.5;0.5;0.5;0.5;0.5;0.5;0.5;0.5;0.5;0.5;0.5;0.5;0.5;0.5;0.0;-0.40983194
0.5;0.5;0.5;0.5;0.5;0.5;0.5;0.5;0.5;0.5;0.5;0.5;0.5;0.5;0.5;0.5;0.5;0.5;0.5;0.5;0.5;0.5;0.5;0.5;0.5;0.5;0.5;0.5;0.5;0.5;0.5;0.5;0.5;0.5;0.5;0.5;0.5;0.5;0.5;0.5;0.5;0.5;0.5;0.5;0.5;0.5;0.5;0.5;0.5;0.5;0.5;0.5;0.5;0.5;0.5;0.5;0.5;0.5;0.5;0.5;0.5;0.5;0.5;0.5;0.5;0.5;0.5;0.5;0.5;0.5;0.5;0.5;0.5;0.5;0.5;0.5;0.5;0.5;0.5;0.5;0.5;0.5;0.5;0.5;0.5;0.0;-0.054683685
0.5;0.5;0.5;0.5;0.5;0.5;0.5;0.5;0.5;0.5;0.5;0.5;0.5;0.5;0.5;0.5;0.5;0.5;0.5;0.5;0.5;0.5;0.5;0.5;0.5;0.5;0.5;0.5;0.5;0.5;0.5;0.5;0.5;0.5;0.5;0.5;0.5;0.5;0.5;0.5;0.5;0.5;0.5;0.5;0.5;0.5;0.5;0.5;0.5;0.5;0.5;0.5;0.5;0.5;0.5;0.5;0.5;0.5;0.5;0.5;0.5;0.5;0.5;0.5;0.5;0.5;0.5;0.5;0.5;0.5;0.5;0.5;0.5;0.5;0.5;0.5;0.5;0.5;0.5;0.5;0.5;0.5;0.5;0.5;0.5;0.0;0.15644792
1.0;1.0;1.0;1.0;1.0;1.0;1.0;1.0;1.0;1.0;1.0;1.0;1.0;1.0;1.0;1.0;1.0;1.0;1.0;1.0;1.0;1.0;1.0;1.0;1.0;1.0;1.0;1.0;1.0;1.0;1.0;1.0;1.0;1.0;1.0;1.0;1.0;1.0;1.0;1.0;1.0;1.0;1.0;1.0;1.0;1.0;1.0;1.0;1.0;1.0;1.0;1.0;1.0;1.0;1.0;1.0;1.0;1.0;1.0;1.0;1.0;1.0;1.0;1.0;1.0;1.0;1.0;1.0;1.0;1.0;1.0;1.0;1.0;1.0;1.0;1.0;1.0;1.0;1.0;1.0;1.0;1.0;1.0;1.0;1.0;0.0;1.3223922
0.69;0.69;0.69;0.69;0.69;0.69;0.69;0.69;0.69;0.69;0.69;0.69;0.69;0.69;0.69;0.69;0.69;0.69;0.69;0.69;0.69;0.69;0.69;0.69;0.69;0.69;0.69;0.69;0.69;0.69;0.69;0.69;0.69;0.69;0.69;0.69;0.69;0.69;0.69;0.69;0.69;0.69;0.69;0.69;0.69;0.69;0.69;0.69;0.69;0.69;0.69;0.69;0.69;0.69;0.69;0.69;0.69;0.69;0.69;0.69;0.69;0.69;0.69;0.69;0.69;0.69;0.69;0.69;0.69;0.69;0.69;0.69;0.69;0.69;0.69;0.69;0.69;0.69;0.69;0.69;0.69;0.69;0.69;0.69;0.69;0.0;1.3983583
0.65;0.65;0.65;0.65;0.65;0.65;0.65;0.65;0.65;0.65;0.65;0.65;0.65;0.65;0.65;0.65;0.65;0.65;0.65;0.65;0.65;0.65;0.65;0.65;0.65;0.65;0.65;0.65;0.65;0.65;0.65;0.65;0.65;0.65;0.65;0.65;0.65;0.65;0.65;0.65;0.65;0.65;0.65;0.65;0.65;0.65;0.65;0.65;0.65;0.65;0.65;0.65;0.65;0.65;0.65;0.65;0.65;0.65;0.65;0.65;0.65;0.65;0.65;0.65;0.65;0.65;0.65;0.65;0.65;0.65;0.65;0.65;0.65;0.65;0.65;0.65;0.65;0.65;0.65;0.65;0.65;0.65;0.65;0.65;0.65;0.0;1.3589954
0.59;0.59;0.59;0.59;0.59;0.59;0.59;0.59;0.59;0.59;0.59;0.59;0.59;0.59;0.59;0.59;0.59;0.59;0.59;0.59;0.59;0.59;0.59;0.59;0.59;0.59;0.59;0.59;0.59;0.59;0.59;0.59;0.59;0.59;0.59;0.59;0.59;0.59;0.59;0.59;0.59;0.59;0.59;0.59;0.59;0.59;0.59;0.59;0.59;0.59;0.59;0.59;0.59;0.59;0.59;0.59;0.59;0.59;0.59;0.59;0.59;0.59;0.59;0.59;0.59;0.59;0.59;0.59;0.59;0.59;0.59;0.59;0.59;0.59;0.59;0.59;0.59;0.59;0.59;0.59;0.59;0.59;0.59;0.59;0.59;0.0;1.2437499
0.61;0.61;0.61;0.61;0.61;0.61;0.61;0.61;0.61;0.61;0.61;0.61;0.61;0.61;0.61;0.61;0.61;0.61;0.61;0.61;0.61;0.61;0.61;0.61;0.61;0.61;0.61;0.61;0.61;0.61;0.61;0.61;0.61;0.61;0.61;0.61;0.61;0.61;0.61;0.61;0.61;0.61;0.61;0.61;0.61;0.61;0.61;0.61;0.61;0.61;0.61;0.61;0.61;0.61;0.61;0.61;0.61;0.61;0.61;0.61;0.61;0.61;0.61;0.61;0.61;0.61;0.61;0.61;0.61;0.61;0.61;0.61;0.61;0.61;0.61;0.61;0.61;0.61;0.61;0.61;0.61;0.61;0.61;0.61;0.61;0.0;1.2923574
0.58;0.58;0.58;0.58;0.58;0.58;0.58;0.58;0.58;0.58;0.58;0.58;0.58;0.58;0.58;0.58;0.58;0.58;0.58;0.58;0.58;0.58;0.58;0.58;0.58;0.58;0.58;0.58;0.58;0.58;0.58;0.58;0.58;0.58;0.58;0.58;0.58;0.58;0.58;0.58;0.58;0.58;0.58;0.58;0.58;0.58;0.58;0.58;0.58;0.58;0.58;0.58;0.58;0.58;0.58;0.58;0.58;0.58;0.58;0.58;0.58;0.58;0.58;0.58;0.58;0.58;0.58;0.58;0.58;0.58;0.58;0.58;0.58;0.58;0.58;0.58;0.58;0.58;0.58;0.58;0.58;0.58;0.58;0.58;0.58;0.0;1.1372006
0.56;0.56;0.56;0.56;0.56;0.56;0.56;0.56;0.56;0.56;0.56;0.56;0.56;0.56;0.56;0.56;0.56;0.56;0.56;0.56;0.56;0.56;0.56;0.56;0.56;0.56;0.56;0.56;0.56;0.56;0.56;0.56;0.56;0.56;0.56;0.56;0.56;0.56;0.56;0.56;0.56;0.56;0.56;0.56;0.56;0.56;0.56;0.56;0.56;0.56;0.56;0.56;0.56;0.56;0.56;0.56;0.56;0.56;0.56;0.56;0.56;0.56;0.56;0.56;0.56;0.56;0.56;0.56;0.56;0.56;0.56;0.56;0.56;0.56;0.56;0.56;0.56;0.56;0.56;0.56;0.56;0.56;0.56;0.56;0.56;0.0;1.030246
0.56;0.56;0.56;0.56;0.56;0.56;0.56;0.56;0.56;0.56;0.56;0.56;0.56;0.56;0.56;0.56;0.56;0.56;0.56;0.56;0.56;0.56;0.56;0.56;0.56;0.56;0.56;0.56;0.56;0.56;0.56;0.56;0.56;0.56;0.56;0.56;0.56;0.56;0.56;0.56;0.56;0.56;0.56;0.56;0.56;0.56;0.56;0.56;0.56;0.56;0.56;0.56;0.56;0.56;0.56;0.56;0.56;0.56;0.56;0.56;0.56;0.56;0.56;0.56;0.56;0.56;0.56;0.56;0.56;0.56;0.56;0.56;0.56;0.56;0.56;0.56;0.56;0.56;0.56;0.56;0.56;0.56;0.56;0.56;0.56;0.0;0.97332954
0.54;0.54;0.54;0.54;0.54;0.54;0.54;0.54;0.54;0.54;0.54;0.54;0.54;0.54;0.54;0.54;0.54;0.54;0.54;0.54;0.54;0.54;0.54;0.54;0.54;0.54;0.54;0.54;0.54;0.54;0.54;0.54;0.54;0.54;0.54;0.54;0.54;0.54;0.54;0.54;0.54;0.54;0.54;0.54;0.54;0.54;0.54;0.54;0.54;0.54;0.54;0.54;0.54;0.54;0.54;0.54;0.54;0.54;0.54;0.54;0.54;0.54;0.54;0.54;0.54;0.54;0.54;0.54;0.54;0.54;0.54;0.54;0.54;0.54;0.54;0.54;0.54;0.54;0.54;0.54;0.54;0.54;0.54;0.54;0.54;0.0;0.9022808
0.54;0.55;0.54;0.55;0.54;0.55;0.54;0.55;0.54;0.55;0.54;0.55;0.54;0.55;0.54;0.55;0.54;0.55;0.54;0.55;0.54;0.55;0.54;0.55;0.54;0.55;0.54;0.55;0.54;0.55;0.54;0.55;0.54;0.55;0.54;0.55;0.54;0.55;0.54;0.55;0.54;0.55;0.54;0.55;0.54;0.55;0.54;0.55;0.54;0.55;0.54;0.55;0.54;0.55;0.54;0.55;0.54;0.55;0.54;0.55;0.54;0.55;0.54;0.55;0.54;0.55;0.54;0.55;0.54;0.55;0.54;0.55;0.54;0.55;0.54;0.55;0.54;0.55;0.54;0.55;0.54;0.55;0.54;0.55;0.54;0.0;0.8456385
0.54;0.53;0.54;0.53;0.54;0.53;0.54;0.53;0.54;0.53;0.54;0.53;0.54;0.53;0.54;0.53;0.54;0.53;0.54;0.53;0.54;0.53;0.54;0.53;0.54;0.53;0.54;0.53;0.54;0.53;0.54;0.53;0.54;0.53;0.54;0.53;0.54;0.53;0.54;0.53;0.54;0.53;0.54;0.53;0.54;0.53;0.54;0.53;0.54;0.53;0.54;0.53;0.54;0.53;0.54;0.53;0.54;0.53;0.54;0.53;0.54;0.53;0.54;0.53;0.54;0.53;0.54;0.53;0.54;0.53;0.54;0.53;0.54;0.53;0.54;0.53;0.54;0.53;0.54;0.53;0.54;0.53;0.54;0.53;0.54;0.0;0.82846045
0.54;0.54;0.54;0.54;0.54;0.54;0.54;0.54;0.54;0.54;0.54;0.54;0.54;0.54;0.54;0.54;0.54;0.54;0.54;0.54;0.54;0.54;0.54;0.54;0.54;0.54;0.54;0.54;0.54;0.54;0.54;0.54;0.54;0.54;0.54;0.54;0.54;0.54;0.54;0.54;0.54;0.54;0.54;0.54;0.54;0.54;0.54;0.54;0.54;0.54;0.54;0.54;0.54;0.54;0.54;0.54;0.54;0.54;0.54;0.54;0.54;0.54;0.54;0.54;0.54;0.54;0.54;0.54;0.54;0.54;0.54;0.54;0.54;0.54;0.54;0.54;0.54;0.54;0.54;0.54;0.54;0.54;0.54;0.54;0.54;0.0;0.8212602
0.53;0.53;0.53;0.53;0.53;0.53;0.53;0.53;0.53;0.53;0.53;0.53;0.53;0.53;0.53;0.53;0.53;0.53;0.53;0.53;0.53;0.53;0.53;0.53;0.53;0.53;0.53;0.53;0.53;0.53;0.53;0.53;0.53;0.53;0.53;0.53;0.53;0.53;0.53;0.53;0.53;0.53;0.53;0.53;0.53;0.53;0.53;0.53;0.53;0.53;0.53;0.53;0.53;0.53;0.53;0.53;0.53;0.53;0.53;0.53;0.53;0.53;0.53;0.53;0.53;0.53;0.53;0.53;0.53;0.53;0.53;0.53;0.53;0.53;0.53;0.53;0.53;0.53;0.53;0.53;0.53;0.53;0.53;0.53;0.53;0.0;0.7828748
0.53;0.53;0.53;0.53;0.53;0.53;0.53;0.53;0.53;0.53;0.53;0.53;0.53;0.53;0.53;0.53;0.53;0.53;0.53;0.53;0.53;0.53;0.53;0.53;0.53;0.53;0.53;0.53;0.53;0.53;0.53;0.53;0.53;0.53;0.53;0.53;0.53;0.53;0.53;0.53;0.53;0.53;0.53;0.53;0.53;0.53;0.53;0.53;0.53;0.53;0.53;0.53;0.53;0.53;0.53;0.53;0.53;0.53;0.53;0.53;0.53;0.53;0.53;0.53;0.53;0.53;0.53;0.53;0.53;0.53;0.53;0.53;0.53;0.53;0.53;0.53;0.53;0.53;0.53;0.53;0.53;0.53;0.53;0.53;0.53;0.0;0.77002406
0.53;0.52;0.53;0.52;0.53;0.52;0.53;0.52;0.53;0.52;0.53;0.52;0.53;0.52;0.53;0.52;0.53;0.52;0.53;0.52;0.53;0.52;0.53;0.52;0.53;0.52;0.53;0.52;0.53;0.52;0.53;0.52;0.53;0.52;0.53;0.52;0.53;0.52;0.53;0.52;0.53;0.52;0.53;0.52;0.53;0.52;0.53;0.52;0.53;0.52;0.53;0.52;0.53;0.52;0.53;0.52;0.53;0.52;0.53;0.52;0.53;0.52;0.53;0.52;0.53;0.52;0.53;0.52;0.53;0.52;0.53;0.52;0.53;0.52;0.53;0.52;0.53;0.52;0.53;0.52;0.53;0.52;0.53;0.52;0.53;0.0;0.7759547
0.53;0.53;0.53;0.53;0.53;0.53;0.53;0.53;0.53;0.53;0.53;0.53;0.53;0.53;0.53;0.53;0.53;0.53;0.53;0.53;0.53;0.53;0.53;0.53;0.53;0.53;0.53;0.53;0.53;0.53;0.53;0.53;0.53;0.53;0.53;0.53;0.53;0.53;0.53;0.53;0.53;0.53;0.53;0.53;0.53;0.53;0.53;0.53;0.53;0.53;0.53;0.53;0.53;0.53;0.53;0.53;0.53;0.53;0.53;0.53;0.53;0.53;0.53;0.53;0.53;0.53;0.53;0.53;0.53;0.53;0.53;0.53;0.53;0.53;0.53;0.53;0.53;0.53;0.53;0.53;0.53;0.53;0.53;0.53;0.53;0.0;0.76595306
0.52;0.52;0.52;0.52;0.52;0.52;0.52;0.52;0.52;0.52;0.52;0.52;0.52;0.52;0.52;0.52;0.52;0.52;0.52;0.52;0.52;0.52;0.52;0.52;0.52;0.52;0.52;0.52;0.52;0.52;0.52;0.52;0.52;0.52;0.52;0.52;0.52;0.52;0.52;0.52;0.52;0.52;0.52;0.52;0.52;0.52;0.52;0.52;0.52;0.52;0.52;0.52;0.52;0.52;0.52;0.52;0.52;0.52;0.52;0.52;0.52;0.52;0.52;0.52;0.52;0.52;0.52;0.52;0.52;0.52;0.52;0.52;0.52;0.52;0.52;0.52;0.52;0.52;0.52;0.52;0.52;0.52;0.52;0.52;0.52;0.0;0.73043466
0.52;0.52;0.52;0.52;0.52;0.52;0.52;0.52;0.52;0.52;0.52;0.52;0.52;0.52;0.52;0.52;0.52;0.52;0.52;0.52;0.52;0.52;0.52;0.52;0.52;0.52;0.52;0.52;0.52;0.52;0.52;0.52;0.52;0.52;0.52;0.52;0.52;0.52;0.52;0.52;0.52;0.52;0.52;0.52;0.52;0.52;0.52;0.52;0.52;0.52;0.52;0.52;0.52;0.52;0.52;0.52;0.52;0.52;0.52;0.52;0.52;0.52;0.52;0.52;0.52;0.52;0.52;0.52;0.52;0.52;0.52;0.52;0.52;0.52;0.52;0.52;0.52;0.52;0.52;0.52;0.52;0.52;0.52;0.52;0.52;0.0;0.7159269
0.52;0.52;0.52;0.52;0.52;0.52;0.52;0.52;0.52;0.52;0.52;0.52;0.52;0.52;0.52;0.52;0.52;0.52;0.52;0.52;0.52;0.52;0.52;0.52;0.52;0.52;0.52;0.52;0.52;0.52;0.52;0.52;0.52;0.52;0.52;0.52;0.52;0.52;0.52;0.52;0.52;0.52;0.52;0.52;0.52;0.52;0.52;0.52;0.52;0.52;0.52;0.52;0.52;0.52;0.52;0.52;0.52;0.52;0.52;0.52;0.52;0.52;0.52;0.52;0.52;0.52;0.52;0.52;0.52;0.52;0.52;0.52;0.52;0.52;0.52;0.52;0.52;0.52;0.52;0.52;0.52;0.52;0.52;0.52;0.52;0.0;0.7064915
0.52;0.52;0.52;0.52;0.52;0.52;0.52;0.52;0.52;0.52;0.52;0.52;0.52;0.52;0.52;0.52;0.52;0.52;0.52;0.52;0.52;0.52;0.52;0.52;0.52;0.52;0.52;0.52;0.52;0.52;0.52;0.52;0.52;0.52;0.52;0.52;0.52;0.52;0.52;0.52;0.52;0.52;0.52;0.52;0.52;0.52;0.52;0.52;0.52;0.52;0.52;0.52;0.52;0.52;0.52;0.52;0.52;0.52;0.52;0.52;0.52;0.52;0.52;0.52;0.52;0.52;0.52;0.52;0.52;0.52;0.52;0.52;0.52;0.52;0.52;0.52;0.52;0.52;0.52;0.52;0.52;0.52;0.52;0.52;0.52;0.0;0.6946182
0.52;0.52;0.52;0.52;0.52;0.52;0.52;0.52;0.52;0.52;0.52;0.52;0.52;0.52;0.52;0.52;0.52;0.52;0.52;0.52;0.52;0.52;0.52;0.52;0.52;0.52;0.52;0.52;0.52;0.52;0.52;0.52;0.52;0.52;0.52;0.52;0.52;0.52;0.52;0.52;0.52;0.52;0.52;0.52;0.52;0.52;0.52;0.52;0.52;0.52;0.52;0.52;0.52;0.52;0.52;0.52;0.52;0.52;0.52;0.52;0.52;0.52;0.52;0.52;0.52;0.52;0.52;0.52;0.52;0.52;0.52;0.52;0.52;0.52;0.52;0.52;0.52;0.52;0.52;0.52;0.52;0.52;0.52;0.52;0.52;0.0;0.68884254
0.51;0.51;0.51;0.51;0.51;0.51;0.51;0.51;0.51;0.51;0.51;0.51;0.51;0.51;0.51;0.51;0.51;0.51;0.51;0.51;0.51;0.51;0.51;0.51;0.51;0.51;0.51;0.51;0.51;0.51;0.51;0.51;0.51;0.51;0.51;0.51;0.51;0.51;0.51;0.51;0.51;0.51;0.51;0.51;0.51;0.51;0.51;0.51;0.51;0.51;0.51;0.51;0.51;0.51;0.51;0.51;0.51;0.51;0.51;0.51;0.51;0.51;0.51;0.51;0.51;0.51;0.51;0.51;0.51;0.51;0.51;0.51;0.51;0.51;0.51;0.51;0.51;0.51;0.51;0.51;0.51;0.51;0.51;0.51;0.51;0.0;0.66042304
0.52;0.52;0.52;0.52;0.52;0.52;0.52;0.52;0.52;0.52;0.52;0.52;0.52;0.52;0.52;0.52;0.52;0.52;0.52;0.52;0.52;0.52;0.52;0.52;0.52;0.52;0.52;0.52;0.52;0.52;0.52;0.52;0.52;0.52;0.52;0.52;0.52;0.52;0.52;0.52;0.52;0.52;0.52;0.52;0.52;0.52;0.52;0.52;0.52;0.52;0.52;0.52;0.52;0.52;0.52;0.52;0.52;0.52;0.52;0.52;0.52;0.52;0.52;0.52;0.52;0.52;0.52;0.52;0.52;0.52;0.52;0.52;0.52;0.52;0.52;0.52;0.52;0.52;0.52;0.52;0.52;0.52;0.52;0.52;0.52;0.0;0.6755328
0.51;0.5;0.51;0.51;0.51;0.51;0.5;0.51;0.51;0.51;0.51;0.5;0.51;0.51;0.51;0.51;0.5;0.51;0.51;0.51;0.51;0.5;0.51;0.51;0.51;0.51;0.5;0.51;0.51;0.51;0.51;0.5;0.51;0.51;0.51;0.51;0.5;0.51;0.51;0.51;0.51;0.5;0.51;0.51;0.51;0.51;0.5;0.51;0.51;0.51;0.51;0.5;0.51;0.51;0.51;0.51;0.5;0.51;0.51;0.51;0.51;0.5;0.51;0.51;0.51;0.51;0.5;0.51;0.51;0.51;0.51;0.5;0.51;0.51;0.51;0.51;0.5;0.51;0.51;0.51;0.51;0.5;0.51;0.51;0.51;0.0;0.6428635
0.52;0.54;0.52;0.52;0.52;0.52;0.54;0.52;0.52;0.52;0.52;0.54;0.52;0.52;0.52;0.52;0.54;0.52;0.52;0.52;0.52;0.54;0.52;0.52;0.52;0.52;0.54;0.52;0.52;0.52;0.52;0.54;0.52;0.52;0.52;0.52;0.54;0.52;0.52;0.52;0.52;0.54;0.52;0.52;0.52;0.52;0.54;0.52;0.52;0.52;0.52;0.54;0.52;0.52;0.52;0.52;0.54;0.52;0.52;0.52;0.52;0.54;0.52;0.52;0.52;0.52;0.54;0.52;0.52;0.52;0.52;0.54;0.52;0.52;0.52;0.52;0.54;0.52;0.52;0.52;0.52;0.54;0.52;0.52;0.52;0.0;0.681839
0.51;0.51;0.51;0.51;0.51;0.51;0.51;0.51;0.51;0.51;0.51;0.51;0.51;0.51;0.51;0.51;0.51;0.51;0.51;0.51;0.51;0.51;0.51;0.51;0.51;0.51;0.51;0.51;0.51;0.51;0.51;0.51;0.51;0.51;0.51;0.51;0.51;0.51;0.51;0.51;0.51;0.51;0.51;0.51;0.51;0.51;0.51;0.51;0.51;0.51;0.51;0.51;0.51;0.51;0.51;0.51;0.51;0.51;0.51;0.51;0.51;0.51;0.51;0.51;0.51;0.51;0.51;0.51;0.51;0.51;0.51;0.51;0.51;0.51;0.51;0.51;0.51;0.51;0.51;0.51;0.51;0.51;0.51;0.51;0.51;0.0;0.6520605
0.52;0.52;0.52;0.52;0.52;0.52;0.52;0.52;0.52;0.52;0.52;0.52;0.52;0.52;0.52;0.52;0.52;0.52;0.52;0.52;0.52;0.52;0.52;0.52;0.52;0.52;0.52;0.52;0.52;0.52;0.52;0.52;0.52;0.52;0.52;0.52;0.52;0.52;0.52;0.52;0.52;0.52;0.52;0.52;0.52;0.52;0.52;0.52;0.52;0.52;0.52;0.52;0.52;0.52;0.52;0.52;0.52;0.52;0.52;0.52;0.52;0.52;0.52;0.52;0.52;0.52;0.52;0.52;0.52;0.52;0.52;0.52;0.52;0.52;0.52;0.52;0.52;0.52;0.52;0.52;0.52;0.52;0.52;0.52;0.52;0.0;0.6744063
0.51;0.51;0.51;0.51;0.51;0.51;0.51;0.51;0.51;0.51;0.51;0.51;0.51;0.51;0.51;0.51;0.51;0.51;0.51;0.51;0.51;0.51;0.51;0.51;0.51;0.51;0.51;0.51;0.51;0.51;0.51;0.51;0.51;0.51;0.51;0.51;0.51;0.51;0.51;0.51;0.51;0.51;0.51;0.51;0.51;0.51;0.51;0.51;0.51;0.51;0.51;0.51;0.51;0.51;0.51;0.51;0.51;0.51;0.51;0.51;0.51;0.51;0.51;0.51;0.51;0.51;0.51;0.51;0.51;0.51;0.51;0.51;0.51;0.51;0.51;0.51;0.51;0.51;0.51;0.51;0.51;0.51;0.51;0.51;0.51;0.0;0.6504512
0.5;0.5;0.5;0.5;0.5;0.5;0.5;0.5;0.5;0.5;0.5;0.5;0.5;0.5;0.5;0.5;0.5;0.5;0.5;0.5;0.5;0.5;0.5;0.5;0.5;0.5;0.5;0.5;0.5;0.5;0.5;0.5;0.5;0.5;0.5;0.5;0.5;0.5;0.5;0.5;0.5;0.5;0.5;0.5;0.5;0.5;0.5;0.5;0.5;0.5;0.5;0.5;0.5;0.5;0.5;0.5;0.5;0.5;0.5;0.5;0.5;0.5;0.5;0.5;0.5;0.5;0.5;0.5;0.5;0.5;0.5;0.5;0.5;0.5;0.5;0.5;0.5;0.5;0.5;0.5;0.5;0.5;0.5;0.5;0.5;0.0;0.6205654
0.47;0.47;0.48;0.47;0.47;0.48;0.47;0.47;0.48;0.47;0.47;0.48;0.47;0.47;0.48;0.47;0.47;0.48;0.47;0.47;0.48;0.47;0.47;0.48;0.47;0.47;0.48;0.47;0.47;0.48;0.47;0.47;0.48;0.47;0.47;0.48;0.47;0.47;0.48;0.47;0.47;0.48;0.47;0.47;0.48;0.47;0.47;0.48;0.47;0.47;0.48;0.47;0.47;0.48;0.47;0.47;0.48;0.47;0.47;0.48;0.47;0.47;0.48;0.47;0.47;0.48;0.47;0.47;0.48;0.47;0.47;0.48;0.47;0.47;0.48;0.47;0.47;0.48;0.47;0.47;0.48;0.47;0.47;0.48;0.47;0.0;0.4776514
0.48;0.48;0.48;0.48;0.48;0.48;0.48;0.48;0.48;0.48;0.48;0.48;0.48;0.48;0.48;0.48;0.48;0.48;0.48;0.48;0.48;0.48;0.48;0.48;0.48;0.48;0.48;0.48;0.48;0.48;0.48;0.48;0.48;0.48;0.48;0.48;0.48;0.48;0.48;0.48;0.48;0.48;0.48;0.48;0.48;0.48;0.48;0.48;0.48;0.48;0.48;0.48;0.48;0.48;0.48;0.48;0.48;0.48;0.48;0.48;0.48;0.48;0.48;0.48;0.48;0.48;0.48;0.48;0.48;0.48;0.48;0.48;0.48;0.48;0.48;0.48;0.48;0.48;0.48;0.48;0.48;0.48;0.48;0.48;0.48;0.0;0.45808318
0.48;0.48;0.48;0.48;0.48;0.48;0.48;0.48;0.48;0.48;0.48;0.48;0.48;0.48;0.48;0.48;0.48;0.48;0.48;0.48;0.48;0.48;0.48;0.48;0.48;0.48;0.48;0.48;0.48;0.48;0.48;0.48;0.48;0.48;0.48;0.48;0.48;0.48;0.48;0.48;0.48;0.48;0.48;0.48;0.48;0.48;0.48;0.48;0.48;0.48;0.48;0.48;0.48;0.48;0.48;0.48;0.48;0.48;0.48;0.48;0.48;0.48;0.48;0.48;0.48;0.48;0.48;0.48;0.48;0.48;0.48;0.48;0.48;0.48;0.48;0.48;0.48;0.48;0.48;0.48;0.48;0.48;0.48;0.48;0.48;0.0;0.43433073
0.48;0.48;0.48;0.48;0.48;0.48;0.48;0.48;0.48;0.48;0.48;0.48;0.48;0.48;0.48;0.48;0.48;0.48;0.48;0.48;0.48;0.48;0.48;0.48;0.48;0.48;0.48;0.48;0.48;0.48;0.48;0.48;0.48;0.48;0.48;0.48;0.48;0.48;0.48;0.48;0.48;0.48;0.48;0.48;0.48;0.48;0.48;0.48;0.48;0.48;0.48;0.48;0.48;0.48;0.48;0.48;0.48;0.48;0.48;0.48;0.48;0.48;0.48;0.48;0.48;0.48;0.48;0.48;0.48;0.48;0.48;0.48;0.48;0.48;0.48;0.48;0.48;0.48;0.48;0.48;0.48;0.48;0.48;0.48;0.48;0.0;0.41880968
0.48;0.48;0.48;0.48;0.48;0.48;0.48;0.48;0.48;0.48;0.48;0.48;0.48;0.48;0.48;0.48;0.48;0.48;0.48;0.48;0.48;0.48;0.48;0.48;0.48;0.48;0.48;0.48;0.48;0.48;0.48;0.48;0.48;0.48;0.48;0.48;0.48;0.48;0.48;0.48;0.48;0.48;0.48;0.48;0.48;0.48;0.48;0.48;0.48;0.48;0.48;0.48;0.48;0.48;0.48;0.48;0.48;0.48;0.48;0.48;0.48;0.48;0.48;0.48;0.48;0.48;0.48;0.48;0.48;0.48;0.48;0.48;0.48;0.48;0.48;0.48;0.48;0.48;0.48;0.48;0.48;0.48;0.48;0.48;0.48;0.0;0.40827158
0.48;0.48;0.48;0.48;0.48;0.48;0.48;0.48;0.48;0.48;0.48;0.48;0.48;0.48;0.48;0.48;0.48;0.48;0.48;0.48;0.48;0.48;0.48;0.48;0.48;0.48;0.48;0.48;0.48;0.48;0.48;0.48;0.48;0.48;0.48;0.48;0.48;0.48;0.48;0.48;0.48;0.48;0.48;0.48;0.48;0.48;0.48;0.48;0.48;0.48;0.48;0.48;0.48;0.48;0.48;0.48;0.48;0.48;0.48;0.48;0.48;0.48;0.48;0.48;0.48;0.48;0.48;0.48;0.48;0.48;0.48;0.48;0.48;0.48;0.48;0.48;0.48;0.48;0.48;0.48;0.48;0.48;0.48;0.48;0.48;0.0;0.42686823
0.47;0.47;0.47;0.47;0.47;0.47;0.47;0.47;0.47;0.47;0.47;0.47;0.47;0.47;0.47;0.47;0.47;0.47;0.47;0.47;0.47;0.47;0.47;0.47;0.47;0.47;0.47;0.47;0.47;0.47;0.47;0.47;0.47;0.47;0.47;0.47;0.47;0.47;0.47;0.47;0.47;0.47;0.47;0.47;0.47;0.47;0.47;0.47;0.47;0.47;0.47;0.47;0.47;0.47;0.47;0.47;0.47;0.47;0.47;0.47;0.47;0.47;0.47;0.47;0.47;0.47;0.47;0.47;0.47;0.47;0.47;0.47;0.47;0.47;0.47;0.47;0.47;0.47;0.47;0.47;0.47;0.47;0.47;0.47;0.47;0.0;0.39609435
0.47;0.47;0.47;0.47;0.47;0.47;0.47;0.47;0.47;0.47;0.47;0.47;0.47;0.47;0.47;0.47;0.47;0.47;0.47;0.47;0.47;0.47;0.47;0.47;0.47;0.47;0.47;0.47;0.47;0.47;0.47;0.47;0.47;0.47;0.47;0.47;0.47;0.47;0.47;0.47;0.47;0.47;0.47;0.47;0.47;0.47;0.47;0.47;0.47;0.47;0.47;0.47;0.47;0.47;0.47;0.47;0.47;0.47;0.47;0.47;0.47;0.47;0.47;0.47;0.47;0.47;0.47;0.47;0.47;0.47;0.47;0.47;0.47;0.47;0.47;0.47;0.47;0.47;0.47;0.47;0.47;0.47;0.47;0.47;0.47;0.0;0.38089517
0.47;0.47;0.47;0.47;0.47;0.47;0.47;0.47;0.47;0.47;0.47;0.47;0.47;0.47;0.47;0.47;0.47;0.47;0.47;0.47;0.47;0.47;0.47;0.47;0.47;0.47;0.47;0.47;0.47;0.47;0.47;0.47;0.47;0.47;0.47;0.47;0.47;0.47;0.47;0.47;0.47;0.47;0.47;0.47;0.47;0.47;0.47;0.47;0.47;0.47;0.47;0.47;0.47;0.47;0.47;0.47;0.47;0.47;0.47;0.47;0.47;0.47;0.47;0.47;0.47;0.47;0.47;0.47;0.47;0.47;0.47;0.47;0.47;0.47;0.47;0.47;0.47;0.47;0.47;0.47;0.47;0.47;0.47;0.47;0.47;0.0;0.37094715
0.47;0.47;0.47;0.47;0.47;0.47;0.47;0.47;0.47;0.47;0.47;0.47;0.47;0.47;0.47;0.47;0.47;0.47;0.47;0.47;0.47;0.47;0.47;0.47;0.47;0.47;0.47;0.47;0.47;0.47;0.47;0.47;0.47;0.47;0.47;0.47;0.47;0.47;0.47;0.47;0.47;0.47;0.47;0.47;0.47;0.47;0.47;0.47;0.47;0.47;0.47;0.47;0.47;0.47;0.47;0.47;0.47;0.47;0.47;0.47;0.47;0.47;0.47;0.47;0.47;0.47;0.47;0.47;0.47;0.47;0.47;0.47;0.47;0.47;0.47;0.47;0.47;0.47;0.47;0.47;0.47;0.47;0.47;0.47;0.47;0.0;0.3634489
0.47;0.47;0.47;0.47;0.47;0.47;0.47;0.47;0.47;0.47;0.47;0.47;0.47;0.47;0.47;0.47;0.47;0.47;0.47;0.47;0.47;0.47;0.47;0.47;0.47;0.47;0.47;0.47;0.47;0.47;0.47;0.47;0.47;0.47;0.47;0.47;0.47;0.47;0.47;0.47;0.47;0.47;0.47;0.47;0.47;0.47;0.47;0.47;0.47;0.47;0.47;0.47;0.47;0.47;0.47;0.47;0.47;0.47;0.47;0.47;0.47;0.47;0.47;0.47;0.47;0.47;0.47;0.47;0.47;0.47;0.47;0.47;0.47;0.47;0.47;0.47;0.47;0.47;0.47;0.47;0.47;0.47;0.47;0.47;0.47;0.0;0.35638574
0.47;0.47;0.47;0.47;0.47;0.47;0.47;0.47;0.47;0.47;0.47;0.47;0.47;0.47;0.47;0.47;0.47;0.47;0.47;0.47;0.47;0.47;0.47;0.47;0.47;0.47;0.47;0.47;0.47;0.47;0.47;0.47;0.47;0.47;0.47;0.47;0.47;0.47;0.47;0.47;0.47;0.47;0.47;0.47;0.47;0.47;0.47;0.47;0.47;0.47;0.47;0.47;0.47;0.47;0.47;0.47;0.47;0.47;0.47;0.47;0.47;0.47;0.47;0.47;0.47;0.47;0.47;0.47;0.47;0.47;0.47;0.47;0.47;0.47;0.47;0.47;0.47;0.47;0.47;0.47;0.47;0.47;0.47;0.47;0.47;0.0;0.35638574
0.46;0.47;0.46;0.47;0.46;0.47;0.46;0.47;0.46;0.47;0.46;0.47;0.46;0.47;0.46;0.47;0.46;0.47;0.46;0.47;0.46;0.47;0.46;0.47;0.46;0.47;0.46;0.47;0.46;0.47;0.46;0.47;0.46;0.47;0.46;0.47;0.46;0.47;0.46;0.47;0.46;0.47;0.46;0.47;0.46;0.47;0.46;0.47;0.46;0.47;0.46;0.47;0.46;0.47;0.46;0.47;0.46;0.47;0.46;0.47;0.46;0.47;0.46;0.47;0.46;0.47;0.46;0.47;0.46;0.47;0.46;0.47;0.46;0.47;0.46;0.47;0.46;0.47;0.46;0.47;0.46;0.47;0.46;0.47;0.46;0.0;0.3144062
0.47;0.46;0.47;0.46;0.47;0.46;0.47;0.46;0.47;0.46;0.47;0.46;0.47;0.46;0.47;0.46;0.47;0.46;0.47;0.46;0.47;0.46;0.47;0.46;0.47;0.46;0.47;0.46;0.47;0.46;0.47;0.46;0.47;0.46;0.47;0.46;0.47;0.46;0.47;0.46;0.47;0.46;0.47;0.46;0.47;0.46;0.47;0.46;0.47;0.46;0.47;0.46;0.47;0.46;0.47;0.46;0.47;0.46;0.47;0.46;0.47;0.46;0.47;0.46;0.47;0.46;0.47;0.46;0.47;0.46;0.47;0.46;0.47;0.46;0.47;0.46;0.47;0.46;0.47;0.46;0.47;0.46;0.47;0.46;0.47;0.0;0.3392792
0.46;0.46;0.46;0.46;0.46;0.46;0.46;0.46;0.46;0.46;0.46;0.46;0.46;0.46;0.46;0.46;0.46;0.46;0.46;0.46;0.46;0.46;0.46;0.46;0.46;0.46;0.46;0.46;0.46;0.46;0.46;0.46;0.46;0.46;0.46;0.46;0.46;0.46;0.46;0.46;0.46;0.46;0.46;0.46;0.46;0.46;0.46;0.46;0.46;0.46;0.46;0.46;0.46;0.46;0.46;0.46;0.46;0.46;0.46;0.46;0.46;0.46;0.46;0.46;0.46;0.46;0.46;0.46;0.46;0.46;0.46;0.46;0.46;0.46;0.46;0.46;0.46;0.46;0.46;0.46;0.46;0.46;0.46;0.46;0.46;0.0;0.31688574
0.46;0.46;0.46;0.46;0.46;0.46;0.46;0.46;0.46;0.46;0.46;0.46;0.46;0.46;0.46;0.46;0.46;0.46;0.46;0.46;0.46;0.46;0.46;0.46;0.46;0.46;0.46;0.46;0.46;0.46;0.46;0.46;0.46;0.46;0.46;0.46;0.46;0.46;0.46;0.46;0.46;0.46;0.46;0.46;0.46;0.46;0.46;0.46;0.46;0.46;0.46;0.46;0.46;0.46;0.46;0.46;0.46;0.46;0.46;0.46;0.46;0.46;0.46;0.46;0.46;0.46;0.46;0.46;0.46;0.46;0.46;0.46;0.46;0.46;0.46;0.46;0.46;0.46;0.46;0.46;0.46;0.46;0.46;0.46;0.46;0.0;0.30315876
0.46;0.46;0.46;0.46;0.46;0.46;0.46;0.46;0.46;0.46;0.46;0.46;0.46;0.46;0.46;0.46;0.46;0.46;0.46;0.46;0.46;0.46;0.46;0.46;0.46;0.46;0.46;0.46;0.46;0.46;0.46;0.46;0.46;0.46;0.46;0.46;0.46;0.46;0.46;0.46;0.46;0.46;0.46;0.46;0.46;0.46;0.46;0.46;0.46;0.46;0.46;0.46;0.46;0.46;0.46;0.46;0.46;0.46;0.46;0.46;0.46;0.46;0.46;0.46;0.46;0.46;0.46;0.46;0.46;0.46;0.46;0.46;0.46;0.46;0.46;0.46;0.46;0.46;0.46;0.46;0.46;0.46;0.46;0.46;0.46;0.0;0.2929902
0.46;0.45;0.46;0.45;0.46;0.45;0.46;0.45;0.46;0.45;0.46;0.45;0.46;0.45;0.46;0.45;0.46;0.45;0.46;0.45;0.46;0.45;0.46;0.45;0.46;0.45;0.46;0.45;0.46;0.45;0.46;0.45;0.46;0.45;0.46;0.45;0.46;0.45;0.46;0.45;0.46;0.45;0.46;0.45;0.46;0.45;0.46;0.45;0.46;0.45;0.46;0.45;0.46;0.45;0.46;0.45;0.46;0.45;0.46;0.45;0.46;0.45;0.46;0.45;0.46;0.45;0.46;0.45;0.46;0.45;0.46;0.45;0.46;0.45;0.46;0.45;0.46;0.45;0.46;0.45;0.46;0.45;0.46;0.45;0.46;0.0;0.30788544
0.45;0.45;0.45;0.45;0.45;0.45;0.45;0.45;0.45;0.45;0.45;0.45;0.45;0.45;0.45;0.45;0.45;0.45;0.45;0.45;0.45;0.45;0.45;0.45;0.45;0.45;0.45;0.45;0.45;0.45;0.45;0.45;0.45;0.45;0.45;0.45;0.45;0.45;0.45;0.45;0.45;0.45;0.45;0.45;0.45;0.45;0.45;0.45;0.45;0.45;0.45;0.45;0.45;0.45;0.45;0.45;0.45;0.45;0.45;0.45;0.45;0.45;0.45;0.45;0.45;0.45;0.45;0.45;0.45;0.45;0.45;0.45;0.45;0.45;0.45;0.45;0.45;0.45;0.45;0.45;0.45;0.45;0.45;0.45;0.45;0.0;0.26360512
0.45;0.45;0.45;0.45;0.45;0.45;0.45;0.45;0.45;0.45;0.45;0.45;0.45;0.45;0.45;0.45;0.45;0.45;0.45;0.45;0.45;0.45;0.45;0.45;0.45;0.45;0.45;0.45;0.45;0.45;0.45;0.45;0.45;0.45;0.45;0.45;0.45;0.45;0.45;0.45;0.45;0.45;0.45;0.45;0.45;0.45;0.45;0.45;0.45;0.45;0.45;0.45;0.45;0.45;0.45;0.45;0.45;0.45;0.45;0.45;0.45;0.45;0.45;0.45;0.45;0.45;0.45;0.45;0.45;0.45;0.45;0.45;0.45;0.45;0.45;0.45;0.45;0.45;0.45;0.45;0.45;0.45;0.45;0.45;0.45;0.0;0.24509194
0.44;0.44;0.44;0.44;0.44;0.44;0.44;0.44;0.44;0.44;0.44;0.44;0.44;0.44;0.44;0.44;0.44;0.44;0.44;0.44;0.44;0.44;0.44;0.44;0.44;0.44;0.44;0.44;0.44;0.44;0.44;0.44;0.44;0.44;0.44;0.44;0.44;0.44;0.44;0.44;0.44;0.44;0.44;0.44;0.44;0.44;0.44;0.44;0.44;0.44;0.44;0.44;0.44;0.44;0.44;0.44;0.44;0.44;0.44;0.44;0.44;0.44;0.44;0.44;0.44;0.44;0.44;0.44;0.44;0.44;0.44;0.44;0.44;0.44;0.44;0.44;0.44;0.44;0.44;0.44;0.44;0.44;0.44;0.44;0.44;0.0;0.19998911
0.44;0.44;0.44;0.44;0.44;0.44;0.44;0.44;0.44;0.44;0.44;0.44;0.44;0.44;0.44;0.44;0.44;0.44;0.44;0.44;0.44;0.44;0.44;0.44;0.44;0.44;0.44;0.44;0.44;0.44;0.44;0.44;0.44;0.44;0.44;0.44;0.44;0.44;0.44;0.44;0.44;0.44;0.44;0.44;0.44;0.44;0.44;0.44;0.44;0.44;0.44;0.44;0.44;0.44;0.44;0.44;0.44;0.44;0.44;0.44;0.44;0.44;0.44;0.44;0.44;0.44;0.44;0.44;0.44;0.44;0.44;0.44;0.44;0.44;0.44;0.44;0.44;0.44;0.44;0.44;0.44;0.44;0.44;0.44;0.44;0.0;0.17364386
0.42;0.42;0.42;0.42;0.42;0.42;0.42;0.42;0.42;0.42;0.42;0.42;0.42;0.42;0.42;0.42;0.42;0.42;0.42;0.42;0.42;0.42;0.42;0.42;0.42;0.42;0.42;0.42;0.42;0.42;0.42;0.42;0.42;0.42;0.42;0.42;0.42;0.42;0.42;0.42;0.42;0.42;0.42;0.42;0.42;0.42;0.42;0.42;0.42;0.42;0.42;0.42;0.42;0.42;0.42;0.42;0.42;0.42;0.42;0.42;0.42;0.42;0.42;0.42;0.42;0.42;0.42;0.42;0.42;0.42;0.42;0.42;0.42;0.42;0.42;0.42;0.42;0.42;0.42;0.42;0.42;0.42;0.42;0.42;0.42;0.0;0.081483155
0.42;0.4;0.42;0.4;0.42;0.4;0.42;0.4;0.42;0.4;0.42;0.4;0.42;0.4;0.42;0.4;0.42;0.4;0.42;0.4;0.42;0.4;0.42;0.4;0.42;0.4;0.42;0.4;0.42;0.4;0.42;0.4;0.42;0.4;0.42;0.4;0.42;0.4;0.42;0.4;0.42;0.4;0.42;0.4;0.42;0.4;0.42;0.4;0.42;0.4;0.42;0.4;0.42;0.4;0.42;0.4;0.42;0.4;0.42;0.4;0.42;0.4;0.42;0.4;0.42;0.4;0.42;0.4;0.42;0.4;0.42;0.4;0.42;0.4;0.42;0.4;0.42;0.4;0.42;0.4;0.42;0.4;0.42;0.4;0.42;0.0;0.060287744
0.4;0.42;0.4;0.42;0.4;0.42;0.4;0.42;0.4;0.42;0.4;0.42;0.4;0.42;0.4;0.42;0.4;0.42;0.4;0.42;0.4;0.42;0.4;0.42;0.4;0.42;0.4;0.42;0.4;0.42;0.4;0.42;0.4;0.42;0.4;0.42;0.4;0.42;0.4;0.42;0.4;0.42;0.4;0.42;0.4;0.42;0.4;0.42;0.4;0.42;0.4;0.42;0.4;0.42;0.4;0.42;0.4;0.42;0.4;0.42;0.4;0.42;0.4;0.42;0.4;0.42;0.4;0.42;0.4;0.42;0.4;0.42;0.4;0.42;0.4;0.42;0.4;0.42;0.4;0.42;0.4;0.42;0.4;0.42;0.4;0.0;-0.06178856
0.38;0.38;0.38;0.38;0.38;0.38;0.38;0.38;0.38;0.38;0.38;0.38;0.38;0.38;0.38;0.38;0.38;0.38;0.38;0.38;0.38;0.38;0.38;0.38;0.38;0.38;0.38;0.38;0.38;0.38;0.38;0.38;0.38;0.38;0.38;0.38;0.38;0.38;0.38;0.38;0.38;0.38;0.38;0.38;0.38;0.38;0.38;0.38;0.38;0.38;0.38;0.38;0.38;0.38;0.38;0.38;0.38;0.38;0.38;0.38;0.38;0.38;0.38;0.38;0.38;0.38;0.38;0.38;0.38;0.38;0.38;0.38;0.38;0.38;0.38;0.38;0.38;0.38;0.38;0.38;0.38;0.38;0.38;0.38;0.38;0.0;-0.19619107
0.36;0.36;0.36;0.36;0.36;0.36;0.36;0.36;0.36;0.36;0.36;0.36;0.36;0.36;0.36;0.36;0.36;0.36;0.36;0.36;0.36;0.36;0.36;0.36;0.36;0.36;0.36;0.36;0.36;0.36;0.36;0.36;0.36;0.36;0.36;0.36;0.36;0.36;0.36;0.36;0.36;0.36;0.36;0.36;0.36;0.36;0.36;0.36;0.36;0.36;0.36;0.36;0.36;0.36;0.36;0.36;0.36;0.36;0.36;0.36;0.36;0.36;0.36;0.36;0.36;0.36;0.36;0.36;0.36;0.36;0.36;0.36;0.36;0.36;0.36;0.36;0.36;0.36;0.36;0.36;0.36;0.36;0.36;0.36;0.36;0.0;-0.35216445
0.19;0.19;0.19;0.19;0.19;0.19;0.19;0.19;0.19;0.19;0.19;0.19;0.19;0.19;0.19;0.19;0.19;0.19;0.19;0.19;0.19;0.19;0.19;0.19;0.19;0.19;0.19;0.19;0.19;0.19;0.19;0.19;0.19;0.19;0.19;0.19;0.19;0.19;0.19;0.19;0.19;0.19;0.19;0.19;0.19;0.19;0.19;0.19;0.19;0.19;0.19;0.19;0.19;0.19;0.19;0.19;0.19;0.19;0.19;0.19;0.19;0.19;0.19;0.19;0.19;0.19;0.19;0.19;0.19;0.19;0.19;0.19;0.19;0.19;0.19;0.19;0.19;0.19;0.19;0.19;0.19;0.19;0.19;0.19;0.19;0.0;-1.1476539
0.5;0.5;0.5;0.5;0.5;0.5;0.5;0.5;0.5;0.5;0.5;0.5;0.5;0.5;0.5;0.5;0.5;0.5;0.5;0.5;0.5;0.5;0.5;0.5;0.5;0.5;0.5;0.5;0.5;0.5;0.5;0.5;0.5;0.5;0.5;0.5;0.5;0.5;0.5;0.5;0.5;0.5;0.5;0.5;0.5;0.5;0.5;0.5;0.5;0.5;0.5;0.5;0.5;0.5;0.5;0.5;0.5;0.5;0.5;0.5;0.5;0.5;0.5;0.5;0.5;0.5;0.5;0.5;0.5;0.5;0.5;0.5;0.5;0.5;0.5;0.5;0.5;0.5;0.5;0.5;0.5;0.5;0.5;0.5;0.5;0.0;-0.40983194
0.5;0.5;0.5;0.5;0.5;0.5;0.5;0.5;0.5;0.5;0.5;0.5;0.5;0.5;0.5;0.5;0.5;0.5;0.5;0.5;0.5;0.5;0.5;0.5;0.5;0.5;0.5;0.5;0.5;0.5;0.5;0.5;0.5;0.5;0.5;0.5;0.5;0.5;0.5;0.5;0.5;0.5;0.5;0.5;0.5;0.5;0.5;0.5;0.5;0.5;0.5;0.5;0.5;0.5;0.5;0.5;0.5;0.5;0.5;0.5;0.5;0.5;0.5;0.5;0.5;0.5;0.5;0.5;0.5;0.5;0.5;0.5;0.5;0.5;0.5;0.5;0.5;0.5;0.5;0.5;0.5;0.5;0.5;0.5;0.5;0.0;-0.054683685
0.5;0.5;0.5;0.5;0.5;0.5;0.5;0.5;0.5;0.5;0.5;0.5;0.5;0.5;0.5;0.5;0.5;0.5;0.5;0.5;0.5;0.5;0.5;0.5;0.5;0.5;0.5;0.5;0.5;0.5;0.5;0.5;0.5;0.5;0.5;0.5;0.5;0.5;0.5;0.5;0.5;0.5;0.5;0.5;0.5;0.5;0.5;0.5;0.5;0.5;0.5;0.5;0.5;0.5;0.5;0.5;0.5;0.5;0.5;0.5;0.5;0.5;0.5;0.5;0.5;0.5;0.5;0.5;0.5;0.5;0.5;0.5;0.5;0.5;0.5;0.5;0.5;0.5;0.5;0.5;0.5;0.5;0.5;0.5;0.5;0.0;0.15644792
1.0;1.0;1.0;1.0;1.0;1.0;1.0;1.0;1.0;1.0;1.0;1.0;1.0;1.0;1.0;1.0;1.0;1.0;1.0;1.0;1.0;1.0;1.0;1.0;1.0;1.0;1.0;1.0;1.0;1.0;1.0;1.0;1.0;1.0;1.0;1.0;1.0;1.0;1.0;1.0;1.0;1.0;1.0;1.0;1.0;1.0;1.0;1.0;1.0;1.0;1.0;1.0;1.0;1.0;1.0;1.0;1.0;1.0;1.0;1.0;1.0;1.0;1.0;1.0;1.0;1.0;1.0;1.0;1.0;1.0;1.0;1.0;1.0;1.0;1.0;1.0;1.0;1.0;1.0;1.0;1.0;1.0;1.0;1.0;1.0;0.0;1.3223922
0.69;0.69;0.69;0.69;0.69;0.69;0.69;0.69;0.69;0.69;0.69;0.69;0.69;0.69;0.69;0.69;0.69;0.69;0.69;0.69;0.69;0.69;0.69;0.69;0.69;0.69;0.69;0.69;0.69;0.69;0.69;0.69;0.69;0.69;0.69;0.69;0.69;0.69;0.69;0.69;0.69;0.69;0.69;0.69;0.69;0.69;0.69;0.69;0.69;0.69;0.69;0.69;0.69;0.69;0.69;0.69;0.69;0.69;0.69;0.69;0.69;0.69;0.69;0.69;0.69;0.69;0.69;0.69;0.69;0.69;0.69;0.69;0.69;0.69;0.69;0.69;0.69;0.69;0.69;0.69;0.69;0.69;0.69;0.69;0.69;0.0;1.3983583
0.65;0.65;0.65;0.65;0.65;0.65;0.65;0.65;0.65;0.65;0.65;0.65;0.65;0.65;0.65;0.65;0.65;0.65;0.65;0.65;0.65;0.65;0.65;0.65;0.65;0.65;0.65;0.65;0.65;0.65;0.65;0.65;0.65;0.65;0.65;0.65;0.65;0.65;0.65;0.65;0.65;0.65;0.65;0.65;0.65;0.65;0.65;0.65;0.65;0.65;0.65;0.65;0.65;0.65;0.65;0.65;0.65;0.65;0.65;0.65;0.65;0.65;0.65;0.65;0.65;0.65;0.65;0.65;0.65;0.65;0.65;0.65;0.65;0.65;0.65;0.65;0.65;0.65;0.65;0.65;0.65;0.65;0.65;0.65;0.65;0.0;1.3589954
0.59;0.59;0.59;0.59;0.59;0.59;0.59;0.59;0.59;0.59;0.59;0.59;0.59;0.59;0.59;0.59;0.59;0.59;0.59;0.59;0.59;0.59;0.59;0.59;0.59;0.59;0.59;0.59;0.59;0.59;0.59;0.59;0.59;0.59;0.59;0.59;0.59;0.59;0.59;0.59;0.59;0.59;0.59;0.59;0.59;0.59;0.59;0.59;0.59;0.59;0.59;0.59;0.59;0.59;0.59;0.59;0.59;0.59;0.59;0.59;0.59;0.59;0.59;0.59;0.59;0.59;0.59;0.59;0.59;0.59;0.59;0.59;0.59;0.59;0.59;0.59;0.59;0.59;0.59;0.59;0.59;0.59;0.59;0.59;0.59;0.0;1.2437499
0.61;0.61;0.61;0.61;0.61;0.61;0.61;0.61;0.61;0.61;0.61;0.61;0.61;0.61;0.61;0.61;0.61;0.61;0.61;0.61;0.61;0.61;0.61;0.61;0.61;0.61;0.61;0.61;0.61;0.61;0.61;0.61;0.61;0.61;0.61;0.61;0.61;0.61;0.61;0.61;0.61;0.61;0.61;0.61;0.61;0.61;0.61;0.61;0.61;0.61;0.61;0.61;0.61;0.61;0.61;0.61;0.61;0.61;0.61;0.61;0.61;0.61;0.61;0.61;0.61;0.61;0.61;0.61;0.61;0.61;0.61;0.61;0.61;0.61;0.61;0.61;0.61;0.61;0.61;0.61;0.61;0.61;0.61;0.61;0.61;0.0;1.2923574
0.58;0.58;0.58;0.58;0.58;0.58;0.58;0.58;0.58;0.58;0.58;0.58;0.58;0.58;0.58;0.58;0.58;0.58;0.58;0.58;0.58;0.58;0.58;0.58;0.58;0.58;0.58;0.58;0.58;0.58;0.58;0.58;0.58;0.58;0.58;0.58;0.58;0.58;0.58;0.58;0.58;0.58;0.58;0.58;0.58;0.58;0.58;0.58;0.58;0.58;0.58;0.58;0.58;0.58;0.58;0.58;0.58;0.58;0.58;0.58;0.58;0.58;0.58;0.58;0.58;0.58;0.58;0.58;0.58;0.58;0.58;0.58;0.58;0.58;0.58;0.58;0.58;0.58;0.58;0.58;0.58;0.58;0.58;0.58;0.58;0.0;1.1372006
0.56;0.56;0.56;0.56;0.56;0.56;0.56;0.56;0.56;0.56;0.56;0.56;0.56;0.56;0.56;0.56;0.56;0.56;0.56;0.56;0.56;0.56;0.56;0.56;0.56;0.56;0.56;0.56;0.56;0.56;0.56;0.56;0.56;0.56;0.56;0.56;0.56;0.56;0.56;0.56;0.56;0.56;0.56;0.56;0.56;0.56;0.56;0.56;0.56;0.56;0.56;0.56;0.56;0.56;0.56;0.56;0.56;0.56;0.56;0.56;0.56;0.56;0.56;0.56;0.56;0.56;0.56;0.56;0.56;0.56;0.56;0.56;0.56;0.56;0.56;0.56;0.56;0.56;0.56;0.56;0.56;0.56;0.56;0.56;0.56;0.0;1.030246
0.56;0.56;0.56;0.56;0.56;0.56;0.56;0.56;0.56;0.56;0.56;0.56;0.56;0.56;0.56;0.56;0.56;0.56;0.56;0.56;0.56;0.56;0.56;0.56;0.56;0.56;0.56;0.56;0.56;0.56;0.56;0.56;0.56;0.56;0.56;0.56;0.56;0.56;0.56;0.56;0.56;0.56;0.56;0.56;0.56;0.56;0.56;0.56;0.56;0.56;0.56;0.56;0.56;0.56;0.56;0.56;0.56;0.56;0.56;0.56;0.56;0.56;0.56;0.56;0.56;0.56;0.56;0.56;0.56;0.56;0.56;0.56;0.56;0.56;0.56;0.56;0.56;0.56;0.56;0.56;0.56;0.56;0.56;0.56;0.56;0.0;0.97332954
0.54;0.54;0.54;0.54;0.54;0.54;0.54;0.54;0.54;0.54;0.54;0.54;0.54;0.54;0.54;0.54;0.54;0.54;0.54;0.54;0.54;0.54;0.54;0.54;0.54;0.54;0.54;0.54;0.54;0.54;0.54;0.54;0.54;0.54;0.54;0.54;0.54;0.54;0.54;0.54;0.54;0.54;0.54;0.54;0.54;0.54;0.54;0.54;0.54;0.54;0.54;0.54;0.54;0.54;0.54;0.54;0.54;0.54;0.54;0.54;0.54;0.54;0.54;0.54;0.54;0.54;0.54;0.54;0.54;0.54;0.54;0.54;0.54;0.54;0.54;0.54;0.54;0.54;0.54;0.54;0.54;0.54;0.54;0.54;0.54;0.0;0.9022808
0.54;0.55;0.54;0.55;0.54;0.55;0.54;0.55;0.54;0.55;0.54;0.55;0.54;0.55;0.54;0.55;0.54;0.55;0.54;0.55;0.54;0.55;0.54;0.55;0.54;0.55;0.54;0.55;0.54;0.55;0.54;0.55;0.54;0.55;0.54;0.55;0.54;0.55;0.54;0.55;0.54;0.55;0.54;0.55;0.54;0.55;0.54;0.55;0.54;0.55;0.54;0.55;0.54;0.55;0.54;0.55;0.54;0.55;0.54;0.55;0.54;0.55;0.54;0.55;0.54;0.55;0.54;0.55;0.54;0.55;0.54;0.55;0.54;0.55;0.54;0.55;0.54;0.55;0.54;0.55;0.54;0.55;0.54;0.55;0.54;0.0;0.8456385
0.54;0.53;0.54;0.53;0.54;0.53;0.54;0.53;0.54;0.53;0.54;0.53;0.54;0.53;0.54;0.53;0.54;0.53;0.54;0.53;0.54;0.53;0.54;0.53;0.54;0.53;0.54;0.53;0.54;0.53;0.54;0.53;0.54;0.53;0.54;0.53;0.54;0.53;0.54;0.53;0.54;0.53;0.54;0.53;0.54;0.53;0.54;0.53;0.54;0.53;0.54;0.53;0.54;0.53;0.54;0.53;0.54;0.53;0.54;0.53;0.54;0.53;0.54;0.53;0.54;0.53;0.54;0.53;0.54;0.53;0.54;0.53;0.54;0.53;0.54;0.53;0.54;0.53;0.54;0.53;0.54;0.53;0.54;0.53;0.54;0.0;0.82846045
0.54;0.54;0.54;0.54;0.54;0.54;0.54;0.54;0.54;0.54;0.54;0.54;0.54;0.54;0.54;0.54;0.54;0.54;0.54;0.54;0.54;0.54;0.54;0.54;0.54;0.54;0.54;0.54;0.54;0.54;0.54;0.54;0.54;0.54;0.54;0.54;0.54;0.54;0.54;0.54;0.54;0.54;0.54;0.54;0.54;0.54;0.54;0.54;0.54;0.54;0.54;0.54;0.54;0.54;0.54;0.54;0.54;0.54;0.54;0.54;0.54;0.54;0.54;0.54;0.54;0.54;0.54;0.54;0.54;0.54;0.54;0.54;0.54;0.54;0.54;0.54;0.54;0.54;0.54;0.54;0.54;0.54;0.54;0.54;0.54;0.0;0.8212602
0.53;0.53;0.53;0.53;0.53;0.53;0.53;0.53;0.53;0.53;0.53;0.53;0.53;0.53;0.53;0.53;0.53;0.53;0.53;0.53;0.53;0.53;0.53;0.53;0.53;0.53;0.53;0.53;0.53;0.53;0.53;0.53;0.53;0.53;0.53;0.53;0.53;0.53;0.53;0.53;0.53;0.53;0.53;0.53;0.53;0.53;0.53;0.53;0.53;0.53;0.53;0.53;0.53;0.53;0.53;0.53;0.53;0.53;0.53;0.53;0.53;0.53;0.53;0.53;0.53;0.53;0.53;0.53;0.53;0.53;0.53;0.53;0.53;0.53;0.53;0.53;0.53;0.53;0.53;0.53;0.53;0.53;0.53;0.53;0.53;0.0;0.7828748
0.53;0.53;0.53;0.53;0.53;0.53;0.53;0.53;0.53;0.53;0.53;0.53;0.53;0.53;0.53;0.53;0.53;0.53;0.53;0.53;0.53;0.53;0.53;0.53;0.53;0.53;0.53;0.53;0.53;0.53;0.53;0.53;0.53;0.53;0.53;0.53;0.53;0.53;0.53;0.53;0.53;0.53;0.53;0.53;0.53;0.53;0.53;0.53;0.53;0.53;0.53;0.53;0.53;0.53;0.53;0.53;0.53;0.53;0.53;0.53;0.53;0.53;0.53;0.53;0.53;0.53;0.53;0.53;0.53;0.53;0.53;0.53;0.53;0.53;0.53;0.53;0.53;0.53;0.53;0.53;0.53;0.53;0.53;0.53;0.53;0.0;0.77002406
0.53;0.52;0.53;0.52;0.53;0.52;0.53;0.52;0.53;0.52;0.53;0.52;0.53;0.52;0.53;0.52;0.53;0.52;0.53;0.52;0.53;0.52;0.53;0.52;0.53;0.52;0.53;0.52;0.53;0.52;0.53;0.52;0.53;0.52;0.53;0.52;0.53;0.52;0.53;0.52;0.53;0.52;0.53;0.52;0.53;0.52;0.53;0.52;0.53;0.52;0.53;0.52;0.53;0.52;0.53;0.52;0.53;0.52;0.53;0.52;0.53;0.52;0.53;0.52;0.53;0.52;0.53;0.52;0.53;0.52;0.53;0.52;0.53;0.52;0.53;0.52;0.53;0.52;0.53;0.52;0.53;0.52;0.53;0.52;0.53;0.0;0.7759547
0.53;0.53;0.53;0.53;0.53;0.53;0.53;0.53;0.53;0.53;0.53;0.53;0.53;0.53;0.53;0.53;0.53;0.53;0.53;0.53;0.53;0.53;0.53;0.53;0.53;0.53;0.53;0.53;0.53;0.53;0.53;0.53;0.53;0.53;0.53;0.53;0.53;0.53;0.53;0.53;0.53;0.53;0.53;0.53;0.53;0.53;0.53;0.53;0.53;0.53;0.53;0.53;0.53;0.53;0.53;0.53;0.53;0.53;0.53;0.53;0.53;0.53;0.53;0.53;0.53;0.53;0.53;0.53;0.53;0.53;0.53;0.53;0.53;0.53;0.53;0.53;0.53;0.53;0.53;0.53;0.53;0.53;0.53;0.53;0.53;0.0;0.76595306
0.0;0.0;0.0;0.0;0.0;0.0;0.0;0.0;0.0;0.0;0.0;0.0;0.0;0.0;0.0;0.0;0.0;0.0;0.0;0.0;0.0;0.0;0.0;0.0;0.0;0.0;0.0;0.0;0.0;0.0;0.0;0.0;0.0;0.0;0.0;0.0;0.0;0.0;0.0;0.0;0.0;0.0;0.0;0.0;0.0;0.0;0.0;0.0;0.0;0.0;0.0;0.0;0.0;0.0;0.0;0.0;0.0;0.0;0.0;0.0;0.0;0.0;0.0;0.0;0.0;0.0;0.0;0.0;0.0;0.0;0.0;0.0;0.0;0.0;0.0;0.0;0.0;0.0;0.0;0.0;0.0;0.0;0.0;0.0;0.0;0.0;-1.2272738
