<OPEN>;<HIGH>;<LOW>;<CLOSE>;(predicted -> )<LOW>
1.0;1.0;1.0;1.0;0.133259
1.0;1.0;1.0;1.0;-0.091284
1.0;1.0;1.0;1.0;0.628174
1.0;1.0;1.0;1.0;1.10657
0.0;0.0;0.0;0.0;0.0738506
0.0;0.0;0.0;0.0;-0.0358785
0.0;0.0;0.0;0.0;1.08521
0.0;0.0;0.0;0.0;0.641913
0.5;0.5;0.5;0.5;0.623924
0.0;0.0;0.0;0.0;0.249684
0.519;0.519;0.519;0.519;-0.0753696
0.494;0.494;0.494;0.494;0.564576
1.0;1.0;1.0;1.0;0.418735
1.0;1.0;1.0;1.0;0.792736
1.0;1.0;1.0;1.0;0.657812
0.0;0.0;0.0;0.0;0.391937
0.0;0.0;0.0;0.0;0.2417
0.622;0.622;0.622;0.622;1.06672
0.822999;0.822999;0.822999;0.822999;-0.261876
0.268;0.268;0.268;0.268;0.894732
0.669;0.669;0.669;0.669;0.124962
0.442;0.442;0.442;0.442;-0.310191
0.762;0.762;0.762;0.762;1.35484
0.597;0.597;0.597;0.597;1.03598
0.262999;0.262999;0.262999;0.262999;-0.581586
0.577999;0.577999;0.577999;0.577999;0.0806277
1.0;1.0;1.0;1.0;0.743542
0.689999;0.689999;0.689999;0.689999;0.693426
0.513;0.513;0.513;0.513;0.265891
0.015;0.015;0.015;0.015;-0.670278
0.123999;0.123999;0.123999;0.123999;1.17036
0.0;0.0;0.0;0.0;0.786198
1.0;1.0;1.0;1.0;0.0323181
1.0;1.0;1.0;1.0;0.634262
1.0;1.0;1.0;1.0;-0.0342513
0.0;0.0;0.0;0.0;0.952656
0.0;0.0;0.0;0.0;0.585869
0.173;0.173;0.173;0.173;-0.186356
0.696999;0.696999;0.696999;0.696999;1.3473
0.289;0.289;0.289;0.289;0.616822
0.544;0.544;0.544;0.544;0.535876
0.334999;0.334999;0.334999;0.334999;1.6286
0.268;0.268;0.268;0.268;-0.490543
0.555;0.555;0.555;0.555;0.914354
0.089999;0.089999;0.089999;0.089999;2.44456
0.0;0.0;0.0;0.0;-0.463426
0.029;0.029;0.029;0.029;0.0646983
0.312999;0.312999;0.312999;0.312999;0.715238
1.0;1.0;1.0;1.0;0.376189
0.5;0.5;0.5;0.5;0.910831
0.215;0.215;0.215;0.215;-0.168308
0.891999;0.891999;0.891999;0.891999;-0.759273
0.508;0.508;0.508;0.508;0.395549
1.0;1.0;1.0;1.0;0.026757
0.658999;0.658999;0.658999;0.658999;-0.211575
1.0;1.0;1.0;1.0;0.155247
0.257999;0.257999;0.257999;0.257999;-0.4579
0.486999;0.486999;0.486999;0.486999;0.838066
0.0;0.0;0.0;0.0;0.169227
0.333;0.333;0.333;0.333;0.640139
1.0;1.0;1.0;1.0;0.808293
0.265;0.265;0.265;0.265;1.03412
0.440999;0.440999;0.440999;0.440999;0.297171
0.63;0.63;0.63;0.63;1.97223
0.498999;0.498999;0.498999;0.498999;0.247223
1.0;1.0;1.0;1.0;-0.496435
0.967;0.967;0.967;0.967;0.94322
1.0;1.0;1.0;1.0;-0.594949
1.0;1.0;1.0;1.0;1.45055
1.0;1.0;1.0;1.0;0.0389253
0.309999;0.309999;0.309999;0.309999;0.231773
0.402;0.402;0.402;0.402;-0.519716
0.245999;0.245999;0.245999;0.245999;1.72188
1.0;1.0;1.0;1.0;1.70381
0.942;0.942;0.942;0.942;-0.013038
0.646;0.646;0.646;0.646;0.908071
0.87;0.87;0.87;0.87;1.52217
0.739999;0.739999;0.739999;0.739999;0.376812
0.292;0.292;0.292;0.292;-0.102773
0.509999;0.509999;0.509999;0.509999;0.704685
0.0;0.0;0.0;0.0;-0.882998
0.0;0.0;0.0;0.0;-0.0195975
0.163999;0.163999;0.163999;0.163999;1.1819
0.056;0.056;0.056;0.056;-0.267893
1.0;1.0;1.0;1.0;-0.691753
0.369;0.369;0.369;0.369;0.523523
0.332;0.332;0.332;0.332;-0.297322
0.0;0.0;0.0;0.0;1.36402
0.5;0.5;0.5;0.5;0.382677
0.5;0.5;0.5;0.5;-0.104141
0.5;0.5;0.5;0.5;0.582961
0.5;0.5;0.5;0.5;1.9377
0.5;0.5;0.5;0.5;1.10098
0.5;0.5;0.5;0.5;-0.410071
0.5;0.5;0.5;0.5;-0.237083
0.5;0.5;0.5;0.5;2.10972
0.5;0.5;0.5;0.5;-0.415757
0.5;0.5;0.5;0.5;-0.167569
0.5;0.5;0.5;0.5;0.725213
0.5;0.5;0.5;0.5;0.687016
0.5;0.5;0.5;0.5;1.03155
0.5;0.5;0.5;0.5;0.149724
0.5;0.5;0.5;0.5;1.90243
1.0;1.0;1.0;1.0;-0.753766
0.3226;0.3018;0.3226;0.2997;0.943727
0.483999;0.483999;0.483999;0.493099;0.587285
0.080999;0.080999;0.080999;0.080999;0.9058
0.6907;0.6907;0.6907;0.6907;0.363464
0.4021;0.4021;0.4021;0.4021;-0.699734
0.6398;0.6398;0.6398;0.6398;0.455189
0.523099;0.523099;0.523099;0.523099;0.252724
0.459299;0.459299;0.459299;0.459299;0.471485
0.442;0.442;0.442;0.442;-0.833153
0.503499;0.503499;0.503499;0.503499;0.963569
0.2972;0.2972;0.2972;0.2972;0.604016
0.4756;0.4756;0.4756;0.4756;1.25006
0.6336;0.6336;0.6336;0.6336;0.957221
0.468599;0.468599;0.468599;0.468599;-0.786283
0.5286;0.6026;0.4726;0.5306;0.910676
0.2769;0.2029;0.3329;0.274899;1.31977
0.6033;0.6033;0.6033;0.6033;1.90716
0.392099;0.392099;0.392099;0.392099;0.681699
0.1263;0.1263;0.1263;0.1263;0.995994
0.275199;0.275199;0.275199;0.275199;0.644058
0.4282;0.4282;0.4282;0.4282;0.475041
0.4953;0.4953;0.4953;0.4953;-0.437322
0.6645;0.6645;0.6645;0.6645;0.267712
0.3964;0.3964;0.3964;0.3964;0.0708853
0.421099;0.421099;0.421099;0.421099;0.473327
0.6291;0.6291;0.6291;0.6291;1.32459
0.472799;0.472799;0.472799;0.472799;0.340289
0.6168;0.6168;0.6168;0.6168;0.117219
0.492599;0.492599;0.492599;0.492599;-0.696894
0.525099;0.525099;0.525099;0.525099;0.755883
0.486;0.486;0.486;0.486;-0.797465
0.6226;0.6226;0.6226;0.6226;1.66931
0.451999;0.451999;0.451999;0.451999;0.382242
0.6442;0.6442;0.6442;0.6442;0.490922
0.091899;0.091899;0.091899;0.091899;1.1293
0.910399;0.910399;0.910399;0.910399;-0.382199
0.9116;0.9116;0.9116;0.9116;2.10775
1.0;1.0;1.0;1.0;-1.22098
0.216;0.216;0.216;0.216;1.86062
0.438599;0.7135;0.4025;0.7014;1.81006
0.7494;0.793799;0.785499;0.793499;0.311694
0.782399;1.0;0.782399;1.0;0.480891
1.0;1.0;1.0;0.0;-0.204733
1.0;0.450599;0.4004;1.0;1.43627
0.0;0.0;0.0;0.0;-1.1958
0.0;0.0;0.132;0.0;1.33585
0.068699;0.5499;0.2207;1.0;0.0833188
1.0;1.0;1.0;1.0;1.49127
1.0;0.0;1.0;0.0;1.16913
1.0;1.0;1.0;0.8767;-1.54599
0.2071;0.375;0.277999;0.549299;0.906927
0.5909;0.509;0.655;0.173;-0.169292
0.728999;0.509;0.739;1.0;2.07807
0.459;0.459;0.459;0.459;0.503636
0.402999;0.402999;0.402999;0.402999;-0.314998
0.108;0.108;0.108;0.108;0.607828
0.553999;0.553999;0.553999;0.553999;1.10187
0.0;0.0;0.0;0.0;0.934548
0.441999;0.441999;0.441999;0.441999;-1.24481
0.0;0.0;0.0;0.0;2.06046
0.495;0.495;0.495;0.495;0.872881
0.288999;0.288999;0.288999;0.288999;1.34336
0.535;0.535;0.535;0.535;-0.423485
0.601;0.601;0.601;0.601;-0.789856
0.0;0.0;0.0;0.0;0.915123
0.702999;0.702999;0.702999;0.702999;0.871403
0.433;0.433;0.433;0.433;1.20447
0.111;0.111;0.111;0.111;1.1195
0.913999;0.913999;0.913999;0.913999;0.78916
0.594;0.594;0.594;0.594;-0.802451
0.565;0.565;0.565;0.565;0.712151
0.518;0.518;0.518;0.518;0.296215
0.241;0.241;0.241;0.241;0.888837
0.781199;0.781199;0.781199;0.781199;0.488174
0.425799;0.425799;0.425799;0.425799;1.72142
0.424;0.424;0.424;0.424;1.36198
1.0;1.0;1.0;1.0;0.411734
0.729499;0.729499;0.729499;0.729499;-0.581267
0.2615;0.2615;0.2615;0.2615;0.180409
0.0;0.0;0.0;0.0;0.715933
0.485;0.485;0.485;0.485;1.29401
0.7134;0.7134;0.7134;0.7134;1.17608
0.4376;0.4376;0.4376;0.4376;-0.11945
0.326999;0.326999;0.326999;0.326999;-0.399911
0.353899;0.353899;0.353899;0.353899;0.545282
0.1731;0.1731;0.1731;0.1731;-0.179058
0.3686;0.3686;0.3686;0.3686;-0.566834
0.476399;0.476399;0.476399;0.476399;1.88795
0.6931;0.6931;0.6931;0.6931;0.655097
0.5959;0.759899;0.5029;0.533899;0.254718
0.3447;0.1807;0.4377;0.4067;-0.339299
0.0013;0.0013;0.0013;0.0013;1.12861
0.6509;0.8441;0.572599;0.7028;0.950593
0.603199;0.521899;0.4485;0.410999;-0.102251
0.6011;0.4905;0.526699;0.2932;0.865293
0.2149;0.461599;0.5223;0.721999;1.14641
0.9895;0.8249;0.6617;0.6056;0.929159
0.189599;0.270199;0.4878;0.401399;-0.394743
0.603999;0.5501;0.633599;0.663;-0.0594611
0.5491;0.480499;0.4388;0.401699;1.0206
0.3033;0.376899;0.3587;0.4123;0.357384
0.6096;0.5133;0.364599;0.224;1.04164
0.180899;0.459;0.4573;0.513999;0.294346
0.3499;0.3591;0.3734;0.487;0.153974
0.7696;0.505199;0.474999;0.416999;0.783331
0.3352;0.412199;0.498;0.718;0.355971
0.607299;0.4944;0.472;0.228;1.14743
0.3823;0.439499;0.612099;0.778399;1.29335
0.680099;0.8378;0.6519;0.7374;1.65449
0.515899;0.410699;0.5668;0.393;-0.901475
0.4147;0.312799;0.218999;0.1582;0.628788
0.334;0.4993;0.4649;0.518799;-0.669083
0.5762;0.407;0.266999;0.3061;0.0618939
0.1316;0.4037;0.5304;0.7745;1.40554
0.822099;0.587299;0.4259;0.4316;-1.04506
0.4737;0.452099;0.805899;0.44;2.1688
0.481999;0.5699;0.4673;0.5717;0.899053
0.347;0.513999;0.387699;0.437199;0.0181948
0.579099;0.342;0.3404;0.4091;0.0562077
0.3281;0.349;0.157499;0.403099;0.0430112
0.452299;0.4862;0.8172;0.5931;1.67876
0.5102;0.503299;0.5;0.5058;0.981552
0.5815;0.5528;0.591;0.4895;0.843341
0.447899;0.441599;0.4845;0.4732;-1.18937
0.3099;0.3609;0.079899;0.307299;0.928909
0.8855;1.0;1.0;1.0;-0.732967
0.867799;0.5372;0.888999;0.679;0.046352
0.606999;0.606999;0.606999;0.606999;1.24467
0.4588;0.578399;0.4588;0.337;-0.674539
0.5468;0.9066;0.5468;0.9831;1.23704
0.814499;0.4428;0.156399;0.0;0.0471805
0.4566;0.526399;1.0;1.0;-0.544953
0.552099;0.5329;0.638;0.629799;0.201539
0.616799;0.552699;0.563099;0.475;1.48664
0.4511;0.3933;0.4457;0.4239;1.14896
0.4845;0.516999;0.494699;0.622199;1.16793
0.6321;0.914;0.681;0.7239;1.43644
0.878699;0.6017;0.739799;0.533;0.537056
0.41;0.802699;0.5195;0.867;0.381139
0.8227;1.0;0.716999;0.594999;0.632722
0.745799;0.0;0.8809;0.684999;0.556306
0.5636;0.4397;0.0;0.1059;1.87067
0.062;0.055599;0.8481;0.3001;0.537953
0.6205;0.8644;0.6949;0.430999;0.58527
0.308899;0.069;0.295999;0.5821;1.55146
0.3736;0.347999;0.1079;0.0249;0.220129
0.2315;0.209;0.0;0.526199;-0.314596
0.3619;0.7577;0.8944;0.951699;-0.78572
0.911299;0.8889;0.599399;0.053;0.619412
0.666;0.3765;0.1171;0.574099;0.568849
0.0;0.0555;0.882999;0.312;1.0915
0.7195;0.498799;0.5577;0.535;-1.13173
0.358;0.3594;0.0;0.338;0.545466
0.443199;0.533199;1.0;0.863799;0.361875
0.5885;0.528;0.4779;0.4088;-0.624668
0.5347;1.0;0.644199;0.877399;1.39131
0.9097;0.650099;0.9108;1.0;-0.509944
1.0;0.9506;1.0;0.9654;1.92683
0.9922;0.6113;0.967199;0.145199;0.492776
0.3553;0.1449;0.3303;0.634;-0.117343
0.4206;0.4834;0.3504;0.398299;-0.755554
0.505199;0.6006;0.581399;0.5179;2.46117
0.520299;0.409299;0.4184;0.2008;1.37151
0.2636;0.4767;0.105799;0.052999;-0.231382
0.173;0.0;0.2515;0.7753;0.596065
0.564499;0.5383;0.4001;0.2501;0.564817
0.079;0.1615;0.320499;0.113599;1.52524
0.608499;0.7564;0.7058;0.597;-0.871109
0.418099;0.306999;0.396999;0.547;0.496138
0.5817;0.632;0.6157;0.379;0.740874
0.3643;0.418899;0.4022;0.584999;1.215
0.7192;0.5912;0.7192;0.9047;0.826324
0.424499;0.4169;0.287399;0.0;-0.780996
0.6022;0.561199;0.6606;0.9583;0.57042
0.3953;0.3904;0.390499;0.1707;0.664855
0.238099;0.367599;0.296399;0.495999;-0.0612105
0.7634;0.7118;0.6778;0.9308;1.29532
0.651399;0.847;0.7622;0.4312;0.670991
0.805099;0.997;0.805099;0.975999;1.79433
0.698499;0.741599;0.548;1.0;-0.662991
0.9855;0.5913;0.267199;0.2281;-0.225907
0.561399;0.409099;1.0;0.498;0.103623
0.3506;0.4366;0.5837;0.547999;-0.347518
0.5468;0.474699;0.4314;0.5558;0.650657
0.279;0.3597;0.0;0.2332;0.193891
0.540599;0.6733;1.0;0.745999;1.24138
0.8453;0.616399;0.6749;0.698399;0.701276
0.4323;0.548;0.0;0.4206;0.443626
0.6754;0.909399;1.0;0.95;-1.11552
0.826599;0.4741;0.646599;0.572999;1.73971
0.2424;0.4858;0.0;0.4512;0.756851
0.5117;0.9188;1.0;0.0;-0.312772
0.351899;0.0;0.1663;0.641999;1.45152
0.5246;0.369899;0.504199;0.12;1.16963
0.5274;0.485099;0.3868;0.691099;-0.0554676
0.1035;0.1113;0.3194;0.0569;0.278318
0.2328;0.7475;0.505099;0.727;-0.741001
0.6855;0.4204;0.6855;0.8751;0.559327
0.675799;0.566799;0.4194;0.4133;1.2824
0.1704;0.604;0.4268;0.5213;0.680116
0.782399;0.539999;0.782399;0.578699;0.632751
0.5946;0.2893;0.526199;0.2276;-0.293248
0.4527;0.515699;0.4318;0.672499;0.621766
0.2006;0.728999;0.279199;0.352999;-0.568318
0.641999;0.0767;0.476199;0.1485;1.82075
0.3294;0.298699;0.4282;0.737199;0.433836
0.4773;0.5522;0.5473;0.6019;0.815034
0.5732;0.570399;0.559799;0.1849;-0.211724
0.4553;0.4933;0.3835;0.689399;-0.53004
0.434799;0.350399;0.4161;0.407299;0.693363
0.478;0.4981;0.5671;0.556799;-0.0549818
0.472999;0.831199;0.4955;0.812;1.15777
0.8171;0.4835;0.625799;0.0;0.142172
0.2803;0.2165;0.3982;0.575999;2.07841
0.4757;0.783999;0.549099;0.646;1.27397
0.612099;0.3441;0.506499;0.588799;0.0100766
0.3712;0.2972;0.186199;0.0;0.116969
0.314299;0.518699;0.5059;0.922999;0.933546
0.470099;0.387;0.0;0.2985;1.64315
0.3077;0.403499;1.0;0.4472;0.379929
0.5011;0.5161;0.4864;0.365299;0.741572
0.666399;0.727399;0.724399;0.417;0.750134
0.4307;0.2373;0.3947;0.692399;0.987298
0.357299;0.426199;0.460899;0.5581;-0.542742
0.6028;1.0;0.6028;1.0;-1.15554
1.0;0.7532;1.0;0.4733;0.254122
0.6505;0.489999;0.6505;0.656099;0.484542
0.571099;0.468;0.240499;0.1081;0.435916
0.294499;0.2222;0.4824;0.588899;0.39568
0.1181;0.3767;0.2608;0.1226;-0.384676
0.747799;0.485299;0.459199;0.596699;-0.377547
0.2302;0.2604;0.390799;0.494;2.68331
0.537;0.690899;0.6429;0.6273;-0.616976
0.670099;0.6796;0.4376;0.318899;0.872869
0.2815;0.1169;0.4148;0.5059;1.94895
0.4952;0.5688;0.6261;0.530999;0.248418
0.499399;0.4262;0.4316;0.430199;1.14856
0.5248;0.647499;0.5212;0.7167;0.27186
0.616;0.5775;0.6408;0.5183;-0.51009
0.5257;0.698499;0.5627;0.787099;1.08898
0.804599;0.7004;0.804599;0.504999;1.548
0.5396;0.5941;0.5396;0.6171;0.812966
0.6558;0.407399;0.5778;0.3576;0.980437
0.450499;0.476199;0.5285;0.598599;-0.200867
0.4828;0.559;0.4828;0.5572;-0.997352
0.767099;1.0;0.767099;0.9544;0.703136
0.8624;0.735099;0.783899;0.5363;0.507132
0.4221;0.5221;0.4635;0.706399;0.285033
0.588999;0.2789;0.0;0.399899;2.05039
0.4596;1.0;1.0;1.0;-0.694489
1.0;1.0;1.0;0.811799;1.05729
1.0;0.171299;0.392599;0.8559;-0.430646
0.565299;0.238399;1.0;0.348499;0.465414
0.3273;0.2791;0.095299;0.0731;1.02446
0.1235;0.2272;0.4331;0.4855;-1.24944
0.497;0.384;0.575999;0.523;2.33756
0.2478;0.491199;0.2658;0.509399;1.57214
0.625699;0.497799;0.5517;0.415399;0.794125
0.6953;0.5919;0.421499;0.3903;-0.403815
0.1207;0.146599;0.3373;0.2783;-0.093707
0.5566;0.582699;0.528599;0.550599;0.424427
0.3521;0.424499;0.5113;0.4917;1.19549
0.492899;0.4458;0.172699;0.1494;1.23296
0.1076;0.077899;0.1754;0.165599;-0.266093
0.3492;0.414999;0.529499;0.5187;1.17257
0.263299;0.2573;0.1961;0.362299;-0.378754
0.4211;0.6121;0.5604;0.7321;0.736797
0.6938;0.913699;0.539299;0.882099;0.330818
1.0;0.668199;0.8583;0.1834;-1.35195
0.2843;0.1522;0.4435;0.495099;0.922251
0.446899;0.7221;0.5916;0.7705;1.46232
0.706299;0.555399;0.7073;0.540099;1.07999
0.6098;0.5042;0.381;0.389199;0.520513
0.2392;0.399;0.5008;0.614;0.337479
0.7391;0.584599;0.432199;0.2239;1.20365
0.148299;0.2648;0.404;0.6211;-0.22628
0.5654;0.560299;0.5788;0.582099;0.424201
0.6556;0.8119;0.6934;0.5629;0.280503
0.666499;0.3808;0.6015;0.5518;1.12689
0.49;0.504;0.507999;0.559999;-0.162467
0.632899;1.0;0.6799;1.0;0.783343
0.919699;0.495799;0.764199;0.2998;1.00588
0.369;0.332899;0.062599;0.1555;-0.264292
0.0405;0.0849;0.099;0.005299;1.35687
0.0;0.0;0.0;0.2019;0.411606
0.738699;0.6736;0.643599;0.432499;0.200561
0.595;0.305399;0.4695;0.5448;1.35807
0.553999;0.6352;0.4224;0.305199;-0.687012
0.1582;0.172699;0.4595;0.489899;0.685895
0.3306;0.4098;0.381499;0.430099;1.58412
0.4923;0.3743;0.4055;0.3333;0.766171
0.483699;0.4894;0.465799;0.521899;-0.0292743
0.6448;0.6828;0.6702;0.7885;0.326494
0.6059;0.4737;0.456;0.4116;-0.0443126
0.360999;0.6267;0.590199;0.527899;-0.486621
0.4707;0.292999;0.4193;0.4357;0.84675
0.581199;0.5986;0.56;0.5871;-0.652077
0.5102;0.550999;0.523699;0.526;1.3746
0.5062;0.4192;0.5119;0.388999;0.356546
0.529199;0.469999;0.582599;0.594799;2.20228
0.5053;0.5649;0.4514;0.4365;0.116107
0.114799;0.163999;0.1687;0.2669;0.588087
0.588999;0.7473;0.571999;0.707599;-0.17873
0.8481;0.5838;0.7059;0.576899;0.954724
0.575199;0.6036;0.4581;0.3884;1.80808
0.1372;0.189599;0.3674;0.3413;0.159356
0.2557;0.268999;0.1509;0.2145;1.24486
0.4483;0.8207;0.5992;0.996399;-0.441417
0.931999;0.5154;0.8059;0.4638;0.892103
0.3692;0.5912;0.448499;0.544999;-1.50608
0.656799;0.4051;0.581;0.5115;1.23069
0.6724;0.8203;0.710699;0.369199;-0.73007
0.461499;0.371099;0.3516;0.312999;0.474644
0.2877;0.315999;0.4131;0.7775;0.930042
0.4465;0.569;0.5153;0.4626;0.591857
0.663;0.642999;0.559;0.4513;0.0471448
0.406399;0.265;0.314999;0.337899;0.589738
0.3558;0.3344;0.4543;0.4182;0.097913
0.392599;0.5443;0.4875;0.6082;1.48075
0.8249;0.9513;0.8269;0.796299;0.56853
0.384799;0.072599;0.2303;0.0;-0.0181164
0.062799;0.2291;0.116399;0.062;1.69785
0.465299;0.377299;0.4542;0.8004;-0.76839
0.3959;0.4725;0.507899;0.523599;0.198976
0.4877;0.338;0.0512;0.0;1.25589
0.0;0.087499;0.235599;0.6433;1.40016
0.555599;0.422;0.3073;0.0;-0.177869
0.1745;0.1479;0.3138;0.7637;1.1327
0.493099;0.4742;0.6173;0.556899;0.215903
0.6592;0.6052;0.420299;0.1684;0.676024
0.002199;0.2925;0.0;0.190299;0.198481
0.3064;0.108699;0.9308;0.3947;0.0322078
0.459;0.6187;0.654499;0.8178;0.94769
0.7466;0.5966;0.5527;0.417199;0.658134
0.404199;0.4438;0.591;0.7169;0.786812
0.7639;0.8124;0.747599;0.6889;0.90617
0.3426;0.481999;0.213699;0.241799;-0.576087
0.4514;0.306999;0.5275;0.6454;0.736547
0.9229;0.7432;0.7325;0.532999;1.19488
0.213299;0.2728;0.245;0.239;-0.317272
0.3022;0.2878;0.3627;0.368;0.266007
0.4421;0.488199;0.5261;0.5717;1.17865
0.4176;0.489999;0.0122;0.471699;1.61012
0.5703;0.6072;0.923999;0.7312;-0.295054
0.6644;0.998799;0.8199;0.5656;-0.00545633
0.593399;0.177199;0.524799;0.604799;0.484267
0.413899;0.4514;0.379799;0.4457;1.16587
0.744;1.0;0.8455;1.0;-0.0547583
0.8298;0.4389;0.8;0.4239;0.1804
0.5046;0.818999;0.535599;0.559799;0.670147
0.627399;0.491;0.5762;0.476199;-0.173693
0.6841;0.606999;0.610599;0.5865;1.6905
0.3706;0.8038;0.4953;0.916399;-0.905954
0.9877;0.438199;0.846;0.5463;0.583837
0.4489;0.7499;0.5906;0.6798;0.809265
0.712299;0.6751;0.712299;0.620999;-0.648182
0.6517;0.5622;0.439399;0.3393;1.5345
0.3506;0.409799;0.4656;0.568099;-1.09076
0.4726;0.2828;0.5699;0.5547;0.208703
0.586099;0.8942;0.586099;0.6872;1.45506
0.7174;0.573999;0.646699;0.4431;0.62528
0.377599;0.1171;0.2651;0.267199;0.113151
0.3553;0.6404;0.439399;0.808399;0.782001
0.8005;0.7635;0.7567;0.431;1.19888
0.311599;0.099;0.2635;0.123;-0.41193
0.267499;0.507999;0.292899;0.218;1.32034
0.3353;0.135999;0.2667;0.413499;0.709737
0.1747;0.341;0.391999;0.3808;1.10163
0.4513;0.2224;0.320999;0.487299;1.16314
0.5211;0.7876;0.6683;0.6804;0.388369
0.7028;0.645;0.5594;0.4752;0.620535
0.3806;0.456699;0.5102;0.7303;1.10518
0.7988;0.6825;0.8126;0.604699;0.488463
0.523;0.320799;0.4177;0.2818;1.17324
0.3919;0.418;0.432199;0.56;-1.66466
0.548099;0.898;0.613099;0.5886;1.15013
0.5017;0.256;0.4619;0.386799;0.650901
0.3908;0.550999;0.3497;0.4139;-0.551918
0.5119;0.59;0.5928;0.5805;-0.0971819
0.590499;0.250399;0.420999;0.377499;0.19064
0.331099;0.4956;0.1648;0.1715;1.01773
0.1989;0.277999;0.3109;0.139199;-0.908535
0.181999;0.097599;0.405799;0.7786;0.55646
0.716699;0.5425;0.6029;0.404699;-0.0967289
0.4186;0.471899;0.271099;0.0207;0.971342
0.0487;0.249;0.2307;0.5563;-0.0885273
0.5089;0.244199;0.3614;0.480499;0.870735
0.560199;0.7773;0.7667;0.7404;1.69621
0.7021;0.666499;0.6171;0.4175;1.52533
0.248799;0.515699;0.354099;0.7667;0.973768
0.9217;0.6013;0.877099;0.539099;0.04243
0.549999;0.617999;0.4542;0.3851;0.537652
0.2937;0.15;0.2674;0.287199;0.364998
0.3066;0.445499;0.4695;0.6094;0.540606
0.64;0.630499;0.5581;0.3931;0.480748
0.223099;0.281;0.052299;0.0;1.05799
0.4;0.1766;0.218399;0.402699;1.20584
0.1369;0.273399;0.5129;0.564;1.58011
0.6084;0.664;0.5839;0.5766;-0.426518
0.4816;0.488;0.336099;0.229699;-0.449967
0.285899;0.215999;0.3748;0.4373;-0.716853
0.4861;0.652;0.591799;0.7163;1.75071
0.7146;0.751999;0.6371;0.2414;1.44619
0.375299;0.267;0.4296;0.682599;-0.259432
0.5792;0.609999;0.6399;0.8241;1.57237
0.8382;0.625999;0.562;0.5062;1.39278
0.436699;0.54;0.657899;0.529399;-0.616306
0.5433;0.382899;0.3468;0.2498;0.678951
0.224799;0.435099;0.354699;0.2539;-0.604692
0.3641;0.1655;0.3166;0.464199;0.284884
0.2653;0.503499;0.3727;0.4704;2.07472
0.5591;0.5192;0.7227;0.520399;-0.748199
0.5626;0.557099;0.460699;0.6935;0.0808303
0.601399;0.591699;0.5395;0.4035;0.618598
0.4257;0.58;0.424199;0.239999;-0.0818725
0.355;0.135999;0.305499;0.597799;0.56744
0.552199;0.4553;0.4489;0.3411;-0.435489
0.3355;0.617799;0.5459;0.6671;1.21555
0.762;0.4539;0.7638;0.657;1.82673
0.4968;0.645;0.248899;0.271599;-0.266653
0.309099;0.282999;0.0602;0.0;0.447557
0.0;0.0;0.334699;0.669;1.16884
0.639499;0.6937;0.5324;0.4875;0.855381
0.381;0.2375;0.291899;0.2892;-0.075763
0.2335;0.4055;0.462;0.2593;-0.43618
0.624699;0.637;0.617;0.629999;1.27473
0.3632;0.547;0.3672;0.475;1.89073
0.5046;0.37;0.480799;0.428899;0.00631261
0.287399;0.059599;0.329499;0.3474;-0.861871
0.525;0.477799;0.4451;0.5228;1.55656
0.431099;0.421199;0.4473;0.2469;1.28458
0.4681;0.7424;0.543599;0.8504;0.317666
0.7931;1.0;0.7931;0.790599;-0.4395
1.0;0.262;0.916599;0.617;-0.129774
0.3486;0.550999;0.507899;0.673;0.460601
0.697099;0.625;0.639099;0.483999;1.54562
0.4554;0.5062;0.5308;0.513;0.537727
0.407299;0.2828;0.350999;0.702999;-1.26811
0.5886;0.389599;0.5668;0.201999;1.71759
0.322199;0.295;0.3904;0.5441;1.22778
0.5573;0.729399;0.515899;0.4069;0.495321
0.451999;0.3416;0.4141;0.4871;0.295014
0.3641;0.445799;0.485299;0.5669;0.347126
0.5922;0.445899;0.5473;0.454599;0.615696
0.4266;0.7197;0.4715;0.430399;0.571302
0.653699;0.495999;0.559899;0.489;1.3338
0.2796;0.414999;0.2924;0.315999;-0.4653
0.4118;0.1547;0.278199;0.4189;1.66211
0.2514;0.2483;0.2498;0.2558;0.485248
0.3431;0.351699;0.515499;0.5669;-0.271618
0.608;0.6819;0.2964;0.250699;0.470528
0.190899;0.141299;0.5137;0.3987;-0.0671144
0.670999;0.6035;0.431799;0.427;2.29071
0.338;0.3561;0.4801;0.445999;-1.26436
0.4041;0.402799;0.4753;0.6027;1.83352
0.4691;0.483899;0.280099;0.162299;-0.208506
0.258199;0.2877;0.4093;0.6081;-0.0289078
0.5402;0.7866;0.636499;0.8301;0.812644
0.754299;0.7729;0.7488;0.3948;-0.17932
0.4819;0.4026;0.462599;0.661999;1.45863
0.7494;0.7793;0.7743;0.800999;1.43138
0.809999;0.7013;0.736799;0.507;0.543559
0.4916;0.823799;0.5641;0.544;-0.627183
0.671599;0.3135;0.4749;0.416999;0.8654
0.3893;0.291699;0.465199;0.464;-0.22144
0.610699;0.7083;0.5348;0.535999;0.538144
0.3893;0.291699;0.465199;0.464;0.142232
0.4377;0.433499;0.4147;0.5731;1.74123
0.334499;0.4288;0.3831;0.4924;0.111899
0.7748;0.755499;0.796099;0.7287;0.588313
0.480599;0.4204;0.380099;0.245799;0.387124
0.319199;0.338799;0.4017;0.358;0.164965
0.2736;0.4723;0.564999;0.679099;0.360093
0.692;0.488099;0.433199;0.4729;1.04845
0.43;0.479;0.402;0.43;0.141836
0.407;0.327999;0.494;0.489999;-0.119909
0.398;0.327999;0.399;0.355;2.20248
0.541699;0.809999;0.445599;0.331;0.278774
0.503299;0.259;0.3974;0.533999;0.512192
0.2633;0.4742;0.465299;0.5089;-0.354248
0.6015;0.5998;0.5542;0.6191;0.0316803
0.786899;0.725199;0.827099;0.689;1.66567
0.664;0.7337;0.6497;0.6997;1.19284
0.543099;0.696899;0.564499;0.7593;-0.471407
1.0;0.6853;0.8475;0.605;-0.979024
0.5225;0.910599;0.6597;0.841;1.87131
0.772499;0.4311;0.6357;0.344;1.94043
0.1939;0.445899;0.3843;0.8183;0.33224
0.895499;0.7627;0.876199;0.412699;-0.481539
0.4954;0.648599;0.4082;0.5618;0.590879
0.323;0.0655;0.2909;0.2698;1.16957
0.3471;0.3972;0.425899;0.339399;1.30054
0.415799;0.488299;0.3936;0.625;-0.242644
0.6167;0.622399;0.6812;0.7621;-1.5601
0.891999;0.873799;0.864599;0.6989;2.57402
0.6136;0.5471;0.586399;0.5229;0.6939
0.470499;0.3648;0.2945;0.391099;-0.896653
0.58;0.822399;0.716699;0.9459;-0.47504
0.7785;0.734;0.8291;0.703299;1.00512
0.7302;0.803599;0.712899;0.8026;1.01633
0.754899;0.7957;0.833;0.843599;0.675425
0.8874;0.8736;0.6265;0.6616;0.100342
0.6282;0.505299;0.882899;0.6536;1.18581
0.5713;0.7678;0.5775;0.6704;2.27815
0.8245;0.666899;0.820499;0.709;-0.141793
0.814799;0.7894;0.724399;0.7007;0.826288
0.0;0.2067;0.062;0.1313;0.101954
1.0;0.6998;0.888099;0.811999;1.7906
0.375399;0.341699;0.446;0.4136;1.1116
0.291499;0.3079;0.264199;0.112399;-0.188097
0.3884;0.4773;0.4991;0.6801;-1.23282
0.5044;0.6555;0.550899;0.6189;1.06346
0.794;0.6002;0.6048;0.503999;1.39754
0.3367;0.255099;0.332899;0.369;-1.11817
0.2791;0.3418;0.4372;0.25;0.899262
0.555599;0.575499;0.3163;0.4808;0.161037
0.4382;0.5322;0.666399;0.8476;1.36831
0.7197;0.603;0.424299;0.1356;1.11023
0.1476;0.192499;0.347799;0.541999;-1.04991
0.8013;0.726099;0.7805;0.55;0.804604
0.290799;0.3899;0.0967;0.158999;1.3351
0.1018;0.021599;0.1811;0.352;1.84884
0.4833;0.664;0.717199;0.48;-0.401422
0.5378;0.339099;0.436499;0.425;0.879711
0.3081;0.5752;0.428;0.753999;-0.611293
0.798999;0.718899;0.793099;0.681;0.266427
0.9722;0.9526;0.8729;0.8508;1.7423
0.3597;0.279;0.3819;0.4109;-1.44383
0.5655;0.555;0.672799;0.4463;1.39641
0.4374;0.3378;0.296299;0.4206;0.389392
0.3061;0.427199;0.3925;0.4224;1.94248
0.480699;0.3567;0.2639;0.173999;-0.84944
0.2862;0.614599;0.532999;0.837;-0.569292
0.891199;0.6201;0.8969;0.547999;1.19111
0.542899;0.4932;0.3304;0.263;0.220529
0.2357;0.250299;0.410999;0.6676;1.1793
0.4522;0.427299;0.0804;0.0;0.0987564
0.1324;0.4205;0.5604;0.9557;1.69657
0.513499;0.509899;0.5015;0.5123;0.794381
0.9793;0.697;0.527299;0.3043;0.956303
0.0945;0.322499;0.5222;0.3167;-0.949215
0.4528;0.3548;0.3672;0.5853;0.0957375
0.4236;0.523399;0.5455;0.5807;1.06567
0.9494;0.726;0.6815;0.562899;0.842542
0.365299;0.5443;0.6048;0.610599;-0.414431
0.6096;0.558699;0.622799;0.6226;-0.514832
0.6325;0.6781;0.637699;0.6689;1.10434
0.545;0.6769;0.555;0.623999;-0.0195349
0.654;0.433;0.590299;0.323;0.393033
0.236999;0.3828;0.300699;0.629999;0.399515
0.686;0.6532;0.6617;0.384;-0.307253
0.384;0.418299;0.4083;0.591999;0.930685
0.591999;0.5946;0.591999;0.478;0.143221
0.6598;0.4101;0.4892;0.463;0.561366
0.318999;0.326499;0.1714;0.049999;1.14142
0.1307;0.2959;0.307599;0.5898;1.17273
0.3794;0.2515;0.3989;0.2536;0.706339
0.1219;0.1471;0.126799;0.025599;1.0034
0.4832;0.535699;0.5491;0.764;0.326053
0.579599;0.6104;0.630599;0.654999;0.714395
0.605399;0.633699;0.4922;0.255;1.98695
0.3659;0.2042;0.172699;0.232999;0.493664
0.2795;0.5079;0.5859;0.8045;0.118959
0.6294;0.487299;0.6064;0.451499;0.498498
0.6463;0.5799;0.540699;0.443;1.2871
0.383199;0.386099;0.3065;0.364;0.380221
0.334499;0.3214;0.4275;0.361;-0.164151
0.2462;0.414899;0.358499;0.487099;-0.564572
0.4997;0.497399;0.465499;0.660299;1.16426
0.703499;0.7893;0.7377;0.7206;-0.297373
0.9202;0.8621;0.8813;0.873899;0.0518565
0.765699;0.616199;0.5337;0.2391;0.408742
0.23;0.275199;0.3982;0.689;-0.583684
0.613199;0.5617;0.671299;0.366;0.225994
0.2227;0.2059;0.193;0.163;1.01294
0.4483;0.4403;0.3108;0.42;1.05482
0.464;0.563599;0.505899;0.8263;-0.0526274
0.610699;0.4481;0.7226;0.447699;0.662718
0.3583;0.428;0.3239;0.384;0.489378
0.479299;0.5469;0.394199;0.4145;0.601668
0.388999;0.317799;0.3297;0.3915;1.09059
0.6945;0.7535;0.785999;0.8902;0.893057
0.746499;0.806799;0.8762;0.6768;0.830955
0.7754;0.613;0.5009;0.4368;0.776232
0.2101;0.3351;0.4316;0.310199;0.849963
0.337199;0.4568;0.405799;0.626;0.14397
0.6379;0.601799;0.6379;0.613999;0.635249
0.741;0.5803;0.417499;0.3986;0.243795
0.185099;0.1432;0.3615;0.227399;0.0843947
0.3716;0.503599;0.5017;0.777799;1.77759
0.654699;0.4995;0.545099;0.4238;-0.0468786
0.5759;0.637799;0.5602;0.4819;0.173367
0.3621;0.6197;0.5044;0.493499;0.174019
0.551099;0.2862;0.5489;0.6018;0.491712
0.4748;0.430199;0.295099;0.307099;0.240925
0.312799;0.352;0.4516;0.3301;1.02945
0.5608;0.686799;0.4284;0.485399;1.11661
0.365199;0.1973;0.372199;0.4157;0.175143
0.3306;0.3946;0.456499;0.5378;0.853354
0.5326;0.597799;0.5752;0.6002;0.525225
0.523199;0.715299;0.523199;0.6829;0.400088
0.8035;0.590299;0.6892;0.489799;-0.610259
0.4605;0.3406;0.4039;0.339099;1.11714
0.451999;0.459499;0.427599;0.4824;0.130958
0.3229;0.3878;0.2559;0.071699;-0.0385011
0.2317;0.175999;0.2477;0.4461;1.45584
0.2186;0.3458;0.425899;0.406699;-0.157105
0.560199;0.555399;0.532499;0.5106;0.744489
0.5499;0.4326;0.5836;0.5566;0.713298
0.4559;0.450199;0.3828;0.3566;-0.20262
0.466;0.5273;0.5225;0.637;1.50496
0.469999;0.4146;0.2889;0.0604;0.394336
0.224399;0.3469;0.455099;0.590299;1.09178
0.596;0.617799;0.5364;0.495799;0.333509
0.4009;0.4255;0.4056;0.675;1.33983
0.739599;0.6674;0.6089;0.3561;0.197989
0.1912;0.352399;0.376799;0.6613;-0.59041
0.679099;0.4936;0.6445;0.472099;0.648934
0.5684;0.5473;0.344899;0.2445;-0.104117
0.2872;0.3884;0.5088;0.674299;1.75865
0.736699;0.669699;0.770699;0.646699;0.732437
0.538699;0.6694;0.425699;0.686199;0.349394
0.7453;0.6691;0.8114;0.4247;0.286472
0.4891;0.3811;0.427799;0.463999;-0.0750686
0.4743;0.4161;0.4578;0.4878;1.32259
0.273199;0.3367;0.344799;0.3565;-0.292247
0.5809;0.5932;0.5376;0.457699;-0.197017
0.4701;0.4475;0.4832;0.6967;1.77228
0.486699;0.6628;0.572499;0.449299;0.561223
0.503299;0.571999;0.503299;0.710699;-0.273683
0.7202;0.5397;0.6538;0.4937;0.283194
0.4268;0.364699;0.0941;0.0823;0.685803
0.0821;0.1568;0.4812;0.3433;1.02313
0.580099;0.5149;0.5444;0.6524;0.934923
0.5147;0.558699;0.540499;0.570999;-0.253447
0.536099;0.4482;0.44;0.4616;0.942046
0.3876;0.410299;0.3047;0.089999;1.79782
0.212499;0.5588;0.401399;0.823;-0.543335
0.7389;0.607299;0.7389;0.556999;0.560877
0.683399;0.7302;0.6785;0.8516;0.491721
0.6883;0.6601;0.6633;0.630199;1.00761
0.5566;0.3449;0.468;0.2605;0.895519
0.399999;0.419899;0.4416;0.3277;0.355164
0.3487;0.6167;0.425599;0.7583;-0.655615
0.622399;0.351499;0.5152;0.459199;0.168151
0.7146;1.0;0.820599;0.9937;0.692499
0.8959;0.667299;0.8523;0.4681;-0.715148
0.5566;0.5181;0.4802;0.5807;1.1044
0.420999;0.2995;0.4296;0.3963;-0.479546
0.0;0.631399;0.0;0.7377;0.769347
1.0;0.606;1.0;0.601799;-0.028565
0.6209;0.551199;0.6038;0.4132;0.0361984
0.477499;0.465199;0.4437;0.4625;1.77679
0.3794;0.4323;0.495699;0.538799;0.310451
0.5871;0.5563;0.5498;0.5344;1.47784
0.649799;0.634;0.678899;0.6048;0.899631
0.5352;0.5197;0.517199;0.563099;1.15883
0.5246;0.6358;0.504799;0.6125;0.019226
0.4778;0.337599;0.4819;0.341999;1.27268
0.471499;0.455;0.338299;0.411999;1.06161
0.399999;0.417299;0.5348;0.5396;-0.415027
0.6138;0.8278;0.6643;0.8278;1.77021
0.8194;0.6927;0.8194;0.6299;-0.608655
0.5459;0.622499;0.5459;0.622599;0.85665
0.590999;0.5862;0.491499;0.646;1.76547
0.6964;0.8278;0.7959;0.7755;-0.992789
0.7749;0.682199;0.733;0.604799;-0.355848
0.5383;0.4369;0.5285;0.5327;-0.0665958
0.542199;0.4692;0.535299;0.415699;1.2614
0.4514;0.449299;0.3045;0.3143;1.15948
0.604599;0.779;0.776899;0.8779;0.679192
0.4125;0.2918;0.3939;0.409499;-0.270858
0.577199;0.502199;0.4331;0.3849;0.491983
0.3763;0.3482;0.503399;0.416799;1.27572
0.4619;0.459199;0.3393;0.4814;-0.829321
0.0;0.6289;0.0;0.512499;0.242597
1.0;0.589299;1.0;0.7224;0.352449
0.8742;0.6158;0.559799;0.2939;1.22465
0.2273;0.2193;0.4557;0.4737;1.28307
0.3792;0.3597;0.0;0.0;-0.462675
0.0;0.102899;0.5209;0.591899;-0.405746
0.5424;0.6016;0.4057;0.6404;1.3786
0.685399;0.7881;0.8061;0.770199;1.17741
0.8393;0.562899;0.642399;0.3597;-0.534975
0.2913;0.7147;0.2494;0.9064;1.748
0.8763;0.4936;0.867599;0.323799;1.59695
0.357399;0.431999;0.624099;0.6195;-0.103783
0.585699;0.9046;0.585699;0.6462;0.949526
1.0;0.730499;0.7468;0.614799;-0.212201
0.3209;0.3032;0.3444;0.5824;1.22551
0.624499;0.674299;0.8308;0.780899;0.489271
0.5418;0.4126;0.4861;0.2805;0.0203912
0.305;0.3718;0.0803;0.0465;1.22857
0.2769;0.319199;0.537299;0.5961;0.8084
0.587599;0.6304;0.6308;0.784199;0.776875
0.710699;0.5121;0.619299;0.4895;-0.922837
0.4531;0.475999;0.4323;0.3799;1.50071
0.311899;0.3432;0.303;0.269299;0.0470047
0.3804;0.4886;0.471699;0.6869;0.660047
0.669799;0.587199;0.664899;0.474599;0.255225
0.6654;0.628399;0.6441;0.6169;0.18873
0.319799;0.323399;0.347999;0.415399;0.592685
0.6501;0.6304;0.616199;0.553;0.263003
0.4798;0.581599;0.5131;0.4431;0.758046
0.395099;0.4757;0.407699;0.451;-0.0718619
0.451;0.3006;0.43;0.439999;1.8552
0.43;0.4057;0.18;0.27;-0.397151
0.279999;0.469999;0.5456;0.7;0.789047
0.76;0.559999;0.6609;0.449999;-0.163334
0.39;0.44;0.431;0.52;0.35536
0.509999;0.4514;0.432499;0.37;0.440506
0.38;0.3986;0.48;0.48;0.533239
0.48;0.435599;0.39;0.389999;1.45102
0.349699;0.4045;0.3;0.28;0.785399
0.3203;0.289899;0.419999;0.469999;0.989908
0.469999;0.563299;0.57;0.62;-0.760173
0.62;0.6467;0.5196;0.51;0.285459
0.5;0.430099;0.6004;0.559999;1.17188
0.420999;0.8399;0.420999;0.84;0.498406
1.0;0.64;0.999;0.51;0.299374
0.469999;0.424599;0.346399;0.389999;0.886858
0.399999;0.695399;0.543599;0.6;0.323195
0.58;0.3425;0.4277;0.52;-0.120994
0.5;0.357499;0.299399;0.31;0.945932
0.32;0.4048;0.5619;0.439999;-0.160595
0.419999;0.6352;0.530999;0.58;0.195265
0.58;0.364799;0.469;0.419999;1.01029
0.419999;0.6352;0.530999;0.58;0.967205
0.63;0.379999;0.42;0.329999;0.258011
0.329999;0.329999;0.449999;0.55;0.313446
0.382999;0.69;0.472999;0.509999;0.431225
0.657;0.3;0.257;0.09;1.00669
0.12;0.239999;0.4556;0.599999;0.508821
0.58;0.57;0.5944;0.52;0.271863
0.509999;0.5627;0.559999;0.595;0.897706
0.5474;0.388;0.4033;0.334999;-0.0833447
0.3626;0.633299;0.506699;0.609999;0.7105
0.67;0.446;0.4768;0.48;-0.0854726
0.447999;0.434999;0.5642;0.505;0.812465
0.492;0.5379;0.568999;0.311999;1.16014
0.337;0.5569;0.337;0.579;0.849283
0.753;0.5002;0.6634;0.734;-0.0417347
0.55;0.649999;0.6296;0.639999;0.365341
0.64;0.6067;0.629999;0.51;0.697446
0.48;0.6733;0.4788;0.719999;1.31388
0.75;0.4802;0.616499;0.39;0.181687
0.39;0.3598;0.4947;0.43;-0.0604774
0.469999;0.554199;0.37;0.44;1.44768
0.43;0.5458;0.557599;0.739999;1.17961
0.699999;0.5648;0.5969;0.4;-0.305181
0.449999;0.4554;0.465199;0.599999;0.645027
0.57;0.529799;0.6143;0.4614;0.746882
0.6448;0.65;0.6444;0.718599;1.31412
0.5252;0.739999;0.340199;0.58;0.402344
0.579999;0.701599;0.831399;0.84;-0.0463421
0.83;0.6796;0.82;0.449999;0.27203
0.449999;0.343;0.4173;0.51;0.766683
0.55;0.4158;0.3427;0.43;-0.279948
0.419999;0.43;0.489999;0.5;-0.68705
0.45;0.52;0.13;0.0;1.14104
0.049999;0.08;0.16;0.18;0.859827
0.248;0.183999;0.513999;0.464;0.511918
0.422;0.5772;0.526;0.596;-0.931271
0.579999;0.740199;0.559999;0.609999;-0.15625
0.6;0.5186;0.64;0.8;0.57304
0.789999;0.739999;0.789999;0.719999;1.11985
0.682;0.5;0.673;0.52;0.774539
0.468;0.94;0.477;0.84;1.38313
0.832999;0.585899;0.669999;0.5;0.316382
0.567;0.3519;0.553899;0.28;1.3267
0.3;0.392199;0.3259;0.46;-0.675377
0.449999;0.3804;0.5489;0.552;0.0285988
0.5804;0.5122;0.4294;0.398;1.35809
0.3796;0.4374;0.541499;0.5;0.12638
0.5;0.48;0.4604;0.48;1.51308
0.52;0.509999;0.5141;0.549999;0.425348
0.5;0.4855;0.335899;0.22;-0.0668014
0.25;0.4648;0.401299;0.48;0.00368106
0.469999;0.3127;0.517299;0.489999;0.00422049
0.49;0.567;0.5307;0.6;0.481233
0.625999;0.526;0.579699;0.510999;1.01138
0.474;0.483999;0.460999;0.568999;1.30427
0.58;0.58;0.37;0.21;0.505716
0.189999;0.315999;0.469999;0.53;0.406126
0.54;0.404;0.139;0.149999;0.127066
0.109999;0.131;0.311;0.399999;0.637052
0.419999;0.489;0.565999;0.62;1.4852
0.64;0.593;0.599;0.43;-0.123649
0.44;0.439;0.434999;0.379999;0.665302
0.41;0.488;0.48;0.64;1.18585
0.609999;0.439999;0.629999;0.48;1.08604
0.469999;0.51;0.48;0.5;0.160873
0.51;0.76;0.51;0.81;-0.538447
0.759999;0.579999;0.66;0.41;0.0741308
0.45;0.42;0.449999;0.489999;0.73036
0.479999;0.539999;0.538;0.609999;-0.0814463
0.6;0.68;0.59;0.609999;0.347144
0.59;0.359999;0.541999;0.39;0.926948
0.43;0.8;0.53;0.66;0.911433
0.68;0.521999;0.652;0.609999;1.79362
0.609999;0.408;0.468;0.33;-0.80147
0.3;0.43;0.405;0.609999;-0.128248
0.62;0.489999;0.574999;0.469999;1.15008
0.484999;0.494;0.509999;0.44;0.960643
0.414999;0.616;0.438;0.66;0.385321
0.67;0.549999;0.532;0.289999;-0.591808
0.289999;0.307;0.469999;0.51;0.497449
0.52;0.692999;0.539999;0.739999;0.436017
0.74;0.47;0.74;0.5;0.703452
0.479999;0.481999;0.299999;0.309999;0.187576
0.31;0.378;0.27;0.31;0.323686
0.329999;0.379999;0.539999;0.579999;1.42927
0.59;0.539999;0.529999;0.59;0.379435
0.63;0.56;0.56;0.449999;0.616479
0.389999;0.379999;0.529999;0.51;0.797737
0.5;0.5;0.5;0.48;0.187955
0.51;0.68;0.46;0.64;0.895966
0.629999;0.53;0.56;0.579999;0.88256
0.56;0.690999;0.639999;0.65;0.457463
0.66;0.669;0.64;0.669999;-0.267374
0.649999;0.44;0.449999;0.25;-0.0278111
0.27;0.279999;0.53;0.52;0.497112
0.5;0.48;0.5;0.48;0.218952
0.49;0.66;0.449999;0.609999;-0.0890042
0.609999;0.488;0.519;0.49;0.113103
0.509999;0.552;0.562999;0.509999;0.506831
0.5;0.705;0.577999;0.72;-0.0561978
0.72;0.555;0.69;0.5;1.1242
0.5;0.37;0.53;0.488;0.709409
0.48;0.509999;0.48;0.481999;0.865305
0.469999;0.55;0.414999;0.53;1.00331
0.53;0.553;0.555;0.539999;-0.209414
0.559999;0.556999;0.506999;0.59;0.378073
0.609999;0.504;0.573;0.419999;0.381864
0.41;0.417999;0.32;0.35;0.762117
0.34;0.318;0.55;0.48;0.824899
0.489999;0.558;0.449999;0.509999;0.892872
0.48;0.481999;0.42;0.49;1.37682
0.5;0.419999;0.436;0.329999;0.81063
0.34;0.44;0.439;0.43;0.0718896
0.45;0.495999;0.515;0.62;-0.00624907
0.599999;0.454;0.599999;0.48;1.1395
0.48;0.5;0.48;0.51;0.648401
0.51;0.8;0.51;0.759999;0.325492
0.759999;0.494;0.538999;0.46;0.314504
0.47;0.548;0.661;0.57;0.914824
0.559999;0.597999;0.489999;0.419999;0.375036
0.39;0.361;0.49;0.5;-0.587505
0.529999;0.488999;0.529999;0.58;-0.809139
0.56;0.5;0.55;0.46;1.19572
0.48;0.46;0.34;0.349999;1.00027
0.349999;0.539999;0.49;0.69;0.0995015
0.69;0.55;0.66;0.489999;0.0605558
0.5;0.57;0.509;0.55;0.454581
0.539999;0.43;0.460999;0.469999;1.33953
0.42;0.6;0.53;0.64;0.911391
0.68;0.539999;0.521999;0.32;0.743381
0.329999;0.34;0.455;0.46;0.0511889
0.46;0.55;0.492999;0.59;1.57857
0.57;0.69;0.57;0.75;0.43954
0.77;0.549999;0.669999;0.52;-0.362861
0.51;0.52;0.55;0.53;-0.349697
0.539999;0.47;0.539;0.413999;0.364218
0.5;0.5;0.521;0.526;0.870061
0.419999;0.46;0.399999;0.49;0.516794
0.49;0.489999;0.474;0.46;0.168118
0.489999;0.587;0.545999;0.629999;0.721023
0.62;0.722999;0.64;0.71;1.15406
0.69;0.58;0.652999;0.609999;-0.717327
0.599999;0.48;0.637;0.48;0.711164
0.51;0.509999;0.51;0.489999;0.956202
0.489999;0.631;0.489999;0.58;0.725684
0.57;0.489;0.489;0.419999;1.00133
0.43;0.609999;0.501;0.69;0.203029
0.68;0.49;0.57;0.399999;-0.0727142
0.42;0.799999;0.537999;0.92;1.19262
0.91;0.53;0.825;0.55;0.380406
0.55;0.523;0.456999;0.379999;-0.119018
0.389999;0.376999;0.25;0.189999;0.144849
0.18;0.36;0.5;0.66;0.182325
0.65;0.634;0.65;0.65;1.39598
0.64;0.579999;0.55;0.43;-0.00131083
0.449999;0.335999;0.257999;0.23;-0.764527
0.23;0.53;0.442;0.8;0.803042
0.8;0.564;0.8;0.5;1.72489
0.509999;0.745999;0.579999;0.789999;0.848842
0.76;0.522;0.708;0.489999;-0.152957
0.509999;0.477999;0.431999;0.449999;0.237167
0.43;0.673;0.559999;0.69;1.90803
0.72;0.497;0.527;0.379999;1.28773
0.379999;0.39;0.452999;0.52;-0.2294
0.44;0.460999;0.56;0.49;0.688619
0.549999;0.798999;0.549999;0.789999;1.29765
0.78;0.69;0.76;0.67;0.289306
0.699999;0.64;0.719999;0.549999;-0.340437
0.539999;0.469999;0.32;0.41;-1.21371
0.39;0.55;0.56;0.74;0.258273
0.73;0.62;0.779999;0.43;1.35213
0.46;0.399999;0.43;0.579999;-0.160634
0.579999;0.75;0.46;0.77;-0.314149
0.76;0.53;0.8;0.369999;1.26175
0.379999;0.506999;0.388999;0.53;1.03173
0.55;0.513;0.550999;0.64;0.351519
0.6;0.53;0.58;0.34;0.545407
0.359999;0.410999;0.379;0.48;0.663147
0.355;0.644;0.456;0.561999;1.62296
0.574999;0.331;0.574999;0.468;0.996662
0.609999;0.693999;0.609999;0.77;0.210858
0.76;0.681;0.75;0.669999;0.941617
0.669999;0.731999;0.649999;0.741;-0.248518
0.629;0.782;0.659;0.743;0.254098
0.698;0.759;0.698;0.465999;-0.36349
0.602999;0.456;0.512999;0.8;-0.0845219
0.76;0.952;0.727;0.57;-0.241583
0.609999;0.378;0.713;0.699999;0.599713
0.69;0.799999;0.649;0.609999;0.954384
0.609999;0.45;0.550999;0.51;-0.185096
0.52;0.329999;0.32;0.349999;0.372774
0.359999;0.34;0.405999;0.31;1.14956
0.309999;0.359999;0.434;0.469999;0.529531
0.45;0.41;0.408;0.32;0.185565
0.349999;0.91;0.541999;1.0;0.414712
1.0;0.635;0.97;0.559999;1.21899
0.59;0.564999;0.479999;0.4;0.649578
0.379999;0.42;0.45;0.469999;0.470368
0.48;0.419999;0.509999;0.55;-0.270411
0.58;0.968;0.67;1.0;1.45564
0.850999;0.717;0.850999;0.535;0.808669
0.673999;0.574999;0.561;0.43;0.0578676
0.391999;0.35;0.504999;0.689;-0.0275756
0.723;0.759999;0.702999;0.449999;1.30048
0.509999;0.289999;0.336;0.449999;1.16516
0.35;0.31;0.0;0.0;0.482911
0.0;0.189999;0.579999;0.69;0.261924
0.689999;0.73;0.73;0.8;0.383136
0.78;0.56;0.21;0.0;1.71304
0.0;0.0;0.196999;0.34;0.380567
0.279999;0.497999;0.533;0.56;-0.0903393
0.58;0.38;0.475999;0.32;-0.289264
0.34;0.573999;0.423999;0.759999;1.25948
0.739999;0.696;0.82;0.59;0.357166
0.62;0.39;0.4;0.32;0.463549
0.27;0.25;0.0;0.03;0.209028
0.059999;0.359999;0.559999;0.77;0.606302
0.78;0.55;0.55;0.3;0.162563
0.27;0.43;0.53;0.599999;0.366715
0.64;0.654;0.619999;0.74;-0.014853
0.71;0.625999;0.64;0.669999;-0.113108
0.66;0.66;0.56;0.26;0.870544
0.3;0.4;0.449999;0.68;0.233409
0.669999;0.515999;0.609999;0.532;1.13897
0.343;0.504999;0.396;0.315;0.627783
0.334;0.339;0.390999;0.532999;1.23593
0.683;0.609999;0.632999;0.57;0.802863
0.57;0.379999;0.23;0.15;1.24666
0.16;0.272;0.48;0.619999;-0.61413
0.609999;0.527999;0.576;0.46;1.03724
0.47;0.8;0.564;0.82;0.587726
0.849999;0.489999;0.73;0.399999;0.460196
0.37;0.69;0.489999;0.71;0.243214
0.69;0.42;0.56;0.39;-0.110185
0.0;0.479999;0.099999;0.57;0.246689
1.0;0.9;1.0;0.96;-0.311261
0.96;0.5;0.78;0.299999;0.67457
0.309999;0.559999;0.439999;0.58;0.537062
0.489999;0.379999;0.25;0.109999;0.67966
0.19;0.12;0.439;0.469999;-0.316047
0.48;0.94;0.311;0.36;1.07383
0.34;0.169999;0.438;0.529999;1.13211
0.51;0.38;0.611999;0.699999;0.42494
0.699999;0.539999;0.399999;0.14;0.4277
0.0;0.149999;0.0;0.41;1.12724
1.0;0.51;0.94;0.66;0.42933
0.64;0.71;0.645999;0.64;0.500796
0.63;0.739999;0.854;0.82;1.12559
0.829999;0.51;0.559999;0.32;-0.197011
0.309999;0.43;0.39;0.359999;0.57537
0.37;0.439999;0.529999;0.649999;0.533626
0.66;0.56;0.5;0.32;1.16604
0.309999;0.358999;0.42;0.5;0.846977
0.52;0.551;0.579999;0.65;0.411875
0.279999;0.789999;0.3;0.73;-0.284281
1.0;0.489999;0.97;0.379999;1.07704
0.369999;0.4;0.459999;0.609999;0.489718
0.61;0.629999;0.616;0.53;0.556416
0.539999;0.41;0.264;0.23;-0.285723
0.23;0.359999;0.5;0.609999;0.0621324
0.609999;0.52;0.466999;0.378;0.327224
0.238;0.69;0.401;0.841999;0.921935
0.972;0.579999;0.841999;0.37;1.22029
0.379999;0.343;0.46;0.53;-1.32292
0.509999;0.537;0.559999;0.5;1.14522
0.53;0.610999;0.149;0.319999;1.22598
0.309999;0.363;0.545;0.48;0.534928
0.48;0.422999;0.0;0.24;-0.0591065
0.24;0.265;0.973;0.509999;0.653819
0.5;0.600999;0.593999;0.59;0.801564
0.59;0.589;0.52;0.62;1.39768
0.629999;0.524999;0.58;0.43;0.640581
0.42;0.402;0.416999;0.57;-0.581854
0.579999;0.599;0.561;0.344;1.49877
0.344;0.667999;0.482;0.885999;0.661889
0.885999;0.582;0.753;0.46;0.109169
0.449999;0.459;0.532;0.52;0.546527
0.539999;0.706;0.540999;0.759999;-0.333869
