<OPEN>;<HIGH>;<LOW>;<CLOSE>;<VOL>;(predicted -> )<CLOSE>
0.472;0.0;0.0;0.306199;0.0;0.406056
0.325999;0.913499;0.662999;1.0;1.0;0.362389
1.0;1.0;1.0;1.0;0.0;0.275069
0.0;0.0;0.0;0.0;1.0;0.584643
0.659999;1.0;0.314999;1.0;1.0;0.237619
1.0;1.0;1.0;1.0;1.0;0.172596
1.0;1.0;0.350999;0.501899;1.0;0.307285
0.764;0.0;0.654;0.0;1.0;0.532102
0.0;0.537199;0.418099;0.305899;0.0;0.665038
0.301;0.0;0.0;0.471;0.0;0.365513
0.951;1.0;0.3196;1.0;1.0;0.0632575
0.530999;0.478999;0.905499;1.0;1.0;0.0818363
1.0;0.837999;1.0;0.0;1.0;0.633793
0.0;0.0;0.0;0.0;0.0;0.735085
0.0;0.0;0.0;0.0;1.0;0.769197
0.0;0.902;0.4915;1.0;1.0;0.640689
1.0;0.0;0.8147;0.3797;0.0;0.546347
1.0;1.0;1.0;0.494;1.0;0.635259
0.033;0.0;0.0;0.085299;1.0;0.792234
0.0;0.0;0.0;0.2782;1.0;0.687157
0.215;1.0;0.9004;1.0;1.0;0.647615
1.0;1.0;1.0;1.0;0.0;0.441968
0.853999;0.865899;0.0;0.658;0.0;0.279795
1.0;0.4541;1.0;0.494999;0.0;0.283717
0.0;0.0;0.0;0.542;1.0;0.144469
0.0;1.0;0.451;0.947299;1.0;0.29441
1.0;0.0;0.087;0.0;1.0;0.308417
0.0;0.0;0.0;0.0;1.0;0.581889
0.0;0.0;0.221;1.0;1.0;0.24054
1.0;0.695;1.0;0.0;0.0;0.659328
0.0;0.0;0.4629;0.7845;0.0;0.538748
0.714399;0.817999;0.337599;0.518;1.0;0.51673
0.5336;1.0;0.613;1.0;1.0;0.401055
1.0;1.0;0.915;1.0;1.0;0.276159
1.0;1.0;1.0;0.178899;0.0;0.61196
0.144999;0.0;0.0;0.664099;0.0;0.289368
0.0;0.0;0.7402;0.0;0.0;0.706606
1.0;1.0;1.0;1.0;1.0;0.400298
1.0;1.0;0.0;0.0;1.0;0.625067
0.0;0.0;0.0;0.0;1.0;0.693738
0.0;0.0;0.0;0.0;0.0;0.671892
0.0;0.0;0.3547;0.699;1.0;0.474941
0.798;1.0;0.0;1.0;1.0;0.200318
1.0;0.5728;1.0;0.2299;0.0;0.509571
0.158999;0.287999;0.0;0.0;1.0;0.757419
0.0;1.0;0.0;1.0;1.0;0.546955
1.0;0.527;1.0;0.391399;1.0;0.630825
0.406999;0.186999;0.160299;0.1717;0.0;0.674712
0.0584;0.747;0.3225;0.596;1.0;0.71476
0.0;0.078999;0.210499;0.0;0.0;0.939643
0.423999;0.0;0.668999;0.477999;0.0;0.766676
0.576999;1.0;0.576999;1.0;1.0;0.52812
1.0;0.222;0.0;0.0;1.0;0.544601
0.0;0.245599;0.0;0.0;0.0;0.741767
0.0;0.0224;0.0;1.0;1.0;0.255214
1.0;1.0;1.0;0.0;1.0;0.831013
0.0;0.375999;0.0;0.564499;1.0;0.793063
0.296999;0.0;1.0;0.608999;0.0;0.756251
0.7;0.441;0.016;0.0;1.0;0.805168
0.912999;1.0;0.147999;0.933399;1.0;0.374269
0.037;0.0;0.0;0.0;1.0;0.69155
0.0;0.0;0.230399;0.370999;1.0;0.722801
0.269;1.0;0.353999;0.566;0.0;0.838833
0.471999;0.0;0.0;0.2869;0.0;0.6092
0.299;0.046;1.0;0.963099;0.0;0.449174
0.899;0.494;0.882999;0.494;0.0;0.556468
0.501999;1.0;0.191;0.670999;1.0;0.486915
0.757;0.0;0.408;0.51;1.0;0.280612
0.379999;0.0;0.924999;0.578;1.0;0.382202
0.81;0.456;0.0;0.552999;0.0;0.202095
0.411;1.0;0.010399;0.0;0.0;0.582217
0.0;0.0;0.4936;0.588;0.0;0.499999
0.694;0.552999;1.0;0.564999;0.0;0.584864
0.557;1.0;0.486;0.884999;1.0;0.442695
0.897999;0.405;0.279999;0.0;1.0;0.601553
0.266;0.483;0.26;0.796199;1.0;0.351136
0.524;0.439999;0.0;0.0;0.0;0.494068
0.0;0.085999;0.616999;0.933999;1.0;0.293492
0.778;0.537999;1.0;0.940299;0.0;0.237869
0.0;0.7693;0.0;0.0;1.0;0.812816
0.741;0.0357;0.835599;0.031;1.0;0.900423
0.0;0.143;0.468;0.861;0.0;0.602602
0.891999;0.649999;0.589999;0.811999;1.0;0.345325
0.761;1.0;1.0;1.0;0.0;0.294124
0.979999;0.947;1.0;0.688;0.0;0.372099
0.986;0.238;0.813;0.546;0.0;0.302999
0.326999;0.513;0.525999;0.542;1.0;0.3147
0.631;1.0;0.209;1.0;1.0;0.0700525
1.0;1.0;1.0;0.888999;1.0;0.0905744
1.0;0.402999;1.0;1.0;1.0;-0.00769585
0.707999;1.0;0.888999;1.0;0.0;0.0375799
1.0;1.0;1.0;0.237499;1.0;0.436764
0.006;0.0;0.306899;0.128399;0.0;0.534557
0.1508;0.497;0.4297;0.4984;1.0;0.46935
0.973199;1.0;0.5574;1.0;1.0;0.145232
1.0;0.449999;1.0;0.677999;1.0;0.18326
0.299;0.299;0.210999;0.0;0.0;0.467443
0.0;0.102099;0.0;0.0;0.0;0.511741
0.155;0.0;0.0;0.0;1.0;0.557493
0.0;0.0;0.684899;0.575;0.0;0.58065
0.1253;1.0;0.4706;1.0;1.0;0.557964
1.0;0.814999;0.0;0.0;1.0;0.718998
0.0;0.0;0.576;0.900999;0.0;0.457602
0.849;0.67;0.635999;1.0;1.0;0.186454
1.0;0.665999;0.221;0.0;1.0;0.478541
0.0;0.372;0.610999;1.0;0.0;0.336509
1.0;0.5865;1.0;0.967799;0.0;0.171267
0.887299;0.5129;0.1251;0.0;1.0;0.376492
0.0;0.242599;0.0;0.2682;1.0;0.426274
0.400499;0.369;0.998199;0.791299;1.0;0.37834
0.933;0.67;0.888;0.644;1.0;0.416373
0.645999;0.658999;0.431999;0.593999;1.0;0.427794
0.616;0.469999;0.706;0.647999;0.0;0.362068
0.486999;0.271;0.7822;0.511;0.0;0.422793
0.527;0.451;0.3726;0.3395;1.0;0.457161
0.283799;1.0;0.4602;1.0;1.0;0.329893
1.0;0.748;1.0;0.153999;1.0;0.664305
0.214799;0.372;0.391;0.876999;1.0;0.425719
0.817999;0.575999;0.742999;0.5457;0.0;0.359654
0.575;0.427999;0.0;0.0;1.0;0.49529
0.0;0.0;0.491;0.857199;0.0;0.242143
0.39;0.1668;0.088999;0.0;0.0;0.417214
0.725999;1.0;0.109999;0.1655;1.0;0.581776
0.0;0.459999;0.501;1.0;1.0;0.415074
1.0;0.635999;1.0;0.631599;1.0;0.429993
0.641999;1.0;0.66;1.0;1.0;0.348609
1.0;0.498;0.385999;0.0;0.0;0.498491
0.0;0.0;0.602999;0.611;0.0;0.42647
0.308999;0.42;0.505;0.512999;1.0;0.476991
0.611;0.902;0.0;0.1863;1.0;0.623309
0.028;0.103999;0.444;0.773899;1.0;0.446694
1.0;0.608;0.584;0.0;1.0;0.680231
0.0;0.147999;0.054999;0.4575;1.0;0.65453
0.360999;0.858;0.0;1.0;1.0;0.337725
1.0;0.489;1.0;0.683499;0.0;0.277012
0.332;0.351999;0.004;0.364999;1.0;0.360947
0.534999;1.0;0.359999;0.495;1.0;0.497322
0.465;0.751;0.908;1.0;0.0;0.381224
1.0;0.526999;0.15;0.463299;1.0;0.271766
0.26;0.948;0.793999;0.0;0.0;0.832146
0.0;0.0;0.443899;1.0;0.0;0.414836
1.0;0.604599;0.7231;0.3789;0.0;0.466078
0.0;0.804;0.459999;0.0;1.0;0.980353
0.484;0.0;0.0;0.195999;1.0;0.684594
0.361999;0.379999;0.623;0.483;1.0;0.632422
0.379;0.355;0.0;0.0;1.0;0.794732
0.0;0.0;0.402;0.2059;0.0;0.851231
0.129;0.637999;0.393;1.0;1.0;0.573449
1.0;0.959;0.672499;0.0;0.0;0.869887
0.304;0.0;0.9385;1.0;0.0;0.547539
0.688699;1.0;0.364;0.3515;1.0;0.702273
0.893299;0.498999;0.082999;0.1067;1.0;0.636237
0.0;0.994;0.0;0.0;1.0;1.00312
0.0;0.0;0.251;0.488299;0.0;0.730055
0.363;1.0;0.451;0.5107;0.0;0.779538
0.531;0.0;0.448099;0.574399;0.0;0.5091
0.5;0.5468;0.8549;0.4757;1.0;0.664877
0.500999;0.726199;0.0;0.0;1.0;0.865465
0.0;0.0;0.346999;0.937299;1.0;0.441002
0.960999;0.444;0.618;0.026;0.0;0.600635
0.028;0.066;0.0;0.0;0.0;0.71023
0.0;0.280999;0.451;0.950999;0.0;0.463032
0.976999;0.591999;1.0;0.591999;0.0;0.522046
0.283;0.365;0.1875;0.2387;1.0;0.624703
0.53;0.647999;0.059499;0.091299;1.0;0.731634
0.0;0.233999;0.506;0.649;1.0;0.668972
0.918999;0.469999;0.484999;0.658;0.0;0.392591
0.648;1.0;0.9278;0.778;1.0;0.480526
0.658;0.156;0.0;0.0;0.0;0.513398
0.0;0.0;0.527;0.539999;0.0;0.470268
0.605;0.551;0.843299;0.4449;1.0;0.627374
0.417;0.848999;0.3177;0.9191;1.0;0.444733
0.988;0.577;0.275999;0.0;0.0;0.554406
0.0;0.094999;0.027;0.123;1.0;0.637453
0.204;0.183999;0.432999;0.381;0.0;0.629221
0.194999;0.0;0.019;0.162499;1.0;0.638901
0.388999;0.160999;0.659899;0.421499;0.0;0.700431
0.383;0.548;0.4457;0.5786;1.0;0.684278
0.542;0.639;0.3734;0.342399;1.0;0.791513
0.263999;0.328499;0.293;0.492;1.0;0.743138
0.571899;1.0;0.128299;0.970999;0.0;0.422149
1.0;0.554999;1.0;0.682;1.0;0.384133
0.370999;0.875;0.379;1.0;1.0;0.309878
1.0;0.5296;1.0;0.2222;0.0;0.523084
0.561999;0.354399;0.798299;0.853499;1.0;0.33161
0.576999;0.897;0.126999;0.829599;1.0;0.203644
0.812;1.0;0.657;0.916399;1.0;0.134831
0.975999;1.0;1.0;1.0;1.0;0.107752
1.0;0.393;0.8769;0.582999;0.0;0.181555
0.586999;1.0;0.6931;1.0;0.0;0.0724665
1.0;0.510999;1.0;0.674999;0.0;0.131171
0.763;0.361;0.0;0.0;1.0;0.207489
0.0;0.59;0.0;0.0;1.0;0.467753
1.0;0.409999;1.0;1.0;0.0;0.0612727
0.0;0.59;0.0;0.0;1.0;0.567739
0.0;0.0;0.435;0.364999;0.0;0.514345
0.334999;1.0;0.0;0.0;1.0;0.853502
0.0;0.0;0.1071;1.0;0.0;0.318228
1.0;1.0;1.0;0.667;1.0;0.408786
0.564;0.0;1.0;1.0;0.0;0.260561
0.6931;0.358;0.535;0.0648;0.0;0.527697
0.486899;0.57;0.0;0.060199;1.0;0.574403
0.0;0.214999;0.0;0.0;0.0;0.662374
0.0;0.0;0.309999;0.757999;1.0;0.37406
0.757999;0.0;0.551;0.296999;0.0;0.394779
0.296999;0.027;0.346;0.155;1.0;0.572335
0.093;0.275999;0.381799;0.415;0.0;0.714319
0.494;0.4792;0.6872;0.877799;0.0;0.5239
0.548;0.409099;0.0;0.0;1.0;0.686436
0.0;0.0;0.180999;0.262999;0.0;0.700091
0.239;0.813;0.4808;0.804;0.0;0.649308
0.774999;0.231999;0.7402;0.552;1.0;0.551116
0.544;1.0;0.719;1.0;1.0;0.44788
1.0;0.573;1.0;0.363999;0.0;0.605326
0.551;0.365799;0.226399;0.2639;0.0;0.531047
0.157999;1.0;0.0;0.9021;1.0;0.339388
0.788;0.548;1.0;1.0;1.0;0.167458
1.0;0.5;0.0;0.0;0.0;0.29121
0.0;0.0;0.16;0.734;0.0;0.0802985
0.733;0.932;0.978999;0.453999;1.0;0.430249
0.454999;0.325999;0.482199;0.491;0.0;0.468039
0.512;0.242;0.5811;0.326599;0.0;0.514894
0.316999;1.0;0.0;1.0;1.0;0.254112
1.0;0.695;1.0;0.320999;0.0;0.482368
0.378;0.284;0.097;0.085999;1.0;0.57733
0.085999;0.431999;0.0;0.0;0.0;0.703024
0.0;0.4466;0.0;0.0;0.0;0.873177
0.0;0.0;0.725999;0.708999;0.0;0.687974
0.547999;1.0;0.3973;0.282;0.0;0.908654
0.433;0.6717;0.0;0.0;1.0;1.02097
0.0;0.0;0.336999;0.0;0.0;1.06193
0.0;0.938;0.529;1.0;1.0;0.820296
1.0;0.3523;0.364999;0.0;1.0;0.899457
0.0;0.4187;0.001;1.0;0.0;0.46153
1.0;0.0;1.0;0.529999;0.0;0.376844
0.466999;0.588999;0.0;0.357;0.0;0.401854
0.471999;0.584499;0.400299;0.178999;1.0;0.633149
0.126999;0.0;0.08;0.0;1.0;0.780546
0.0;0.0;0.333999;0.408;0.0;0.728076
0.408;0.569;0.462;0.339999;0.0;0.837629
0.339999;0.643999;0.553999;0.628;1.0;0.792669
0.64;0.547;0.572;0.499;0.0;0.723433
0.636;0.223999;0.6906;0.552999;0.0;0.585341
0.427999;0.744999;0.2622;0.469999;1.0;0.595783
0.387;1.0;0.294199;0.221;1.0;0.858139
0.28;0.0;0.0;0.0;1.0;0.856268
0.0;0.0;0.828;0.8522;0.0;0.610023
1.0;1.0;0.610999;1.0;0.0;0.316494
1.0;0.331899;1.0;0.555999;0.0;0.357049
0.225;0.4884;0.503699;0.115;1.0;0.696026
0.405;0.486499;0.0326;0.0;1.0;0.767379
0.144999;0.0;0.0;0.0485;1.0;0.748741
0.0;0.130999;0.890999;0.491;0.0;0.829261
0.492999;0.420999;0.0;0.104999;1.0;0.844662
0.103;0.03;0.736;0.277999;0.0;0.971883
0.277999;0.306899;0.608999;0.456;0.0;0.925069
0.382;0.2111;0.586;0.481;0.0;0.818925
0.568999;1.0;0.2866;1.0;1.0;0.474077
1.0;0.761;0.932399;0.481999;1.0;0.596606
0.489999;0.371;0.538;0.274999;1.0;0.732206
0.267;0.409999;0.422899;0.234999;0.0;0.783252
0.237;0.532;0.5071;0.935;0.0;0.476467
0.920999;0.455999;0.878;0.573999;0.0;0.445144
0.335999;0.375999;0.396;0.167;0.0;0.609385
0.415999;1.0;0.099199;0.802;1.0;0.390016
0.803;1.0;0.8748;0.677999;1.0;0.462513
0.677999;0.0;0.404699;0.099;0.0;0.514196
0.097;0.983999;0.4513;0.860999;1.0;0.458359
0.865;0.306;0.767;0.604999;0.0;0.349777
0.653999;0.440999;0.902999;0.702;0.0;0.320684
0.633;0.720999;0.439;0.562999;1.0;0.340234
0.580999;0.6385;0.372;0.172;1.0;0.540995
0.172;0.163499;0.286;0.845999;1.0;0.24169
0.884999;1.0;1.0;0.971;1.0;0.167673
0.933;0.176;0.457;0.074999;0.0;0.360416
0.070999;0.198999;0.713999;0.771999;0.0;0.297462
0.417;0.5362;0.352899;0.0;0.0;0.641297
0.663;0.794799;0.340899;0.6811;1.0;0.409084
0.351999;0.941;0.322;1.0;0.0;0.257289
1.0;0.588999;1.0;0.31;1.0;0.504952
0.31;0.239999;0.0;0.0;0.0;0.572347
0.0;0.0;0.655;0.3284;1.0;0.660872
0.282;0.112999;0.638;0.448599;0.0;0.656336
0.501999;0.521;0.57;0.629399;0.0;0.555616
0.582;1.0;0.0;0.163;1.0;0.725602
0.158;0.0;0.533;0.637;1.0;0.529795
0.636;0.556999;0.539999;0.378;0.0;0.57277
0.364999;0.314;0.158;0.015;0.0;0.697463
0.028;0.035;0.0;0.0;1.0;0.775843
0.0;0.0;0.376899;0.543999;0.0;0.647466
0.413999;0.482999;0.439;0.493499;0.0;0.671749
0.611;0.707;0.1661;0.0;1.0;0.902348
0.0;0.0;0.0;0.0;1.0;0.991707
0.0;0.0;0.056999;0.826;0.0;0.545322
0.826;0.95;1.0;1.0;0.0;0.431137
1.0;1.0;0.933999;1.0;0.0;0.322788
1.0;0.535999;1.0;0.381;0.0;0.497895
0.509999;0.405;0.261;0.0;0.0;0.605797
0.493;0.477;0.517899;0.5465;1.0;0.455098
0.0;0.048999;0.0;0.0;1.0;0.643455
0.0;0.313;0.298999;1.0;0.0;0.318753
1.0;0.482999;1.0;0.197;0.0;0.572746
0.197;1.0;0.659999;1.0;1.0;0.489168
1.0;0.6065;1.0;0.525999;0.0;0.527172
0.46;0.176499;0.6171;0.469;0.0;0.483816
0.531999;0.428;0.0;0.288;1.0;0.384664
0.291;0.870999;0.730999;0.759;1.0;0.440889
0.759;0.187;0.2645;0.153999;0.0;0.444966
0.153999;0.518999;0.692499;0.859;0.0;0.34902
0.856999;0.85;0.909;0.522999;1.0;0.521844
0.524999;0.466;0.656999;0.833;0.0;0.355529
0.442;0.447799;0.491999;0.374599;0.0;0.46358
0.43;1.0;0.142;0.0674;1.0;0.74588
0.4;0.0;0.280999;0.364999;1.0;0.525116
0.373999;0.889;0.698;1.0;0.0;0.32817
1.0;1.0;0.859;1.0;1.0;0.223046
1.0;0.564999;1.0;0.683999;0.0;0.254684
0.597999;0.843499;0.923999;0.705999;0.0;0.318449
1.0;0.5766;0.331099;0.0168;0.0;0.44124
0.0;0.426399;0.4039;0.428199;1.0;0.449215
0.457;0.4405;0.463999;0.582;0.0;0.318997
0.575999;0.2418;0.411;0.453;1.0;0.266068
0.546;0.199199;0.0;0.0;1.0;0.376057
0.0;0.146;0.073;0.0;0.0;0.58661
0.0;0.0;0.562999;0.661899;0.0;0.510924
0.4919;0.5669;0.608;0.5358;1.0;0.600385
0.6141;0.859999;0.484999;0.4191;1.0;0.74585
0.406999;0.921999;0.472999;1.0;1.0;0.529223
1.0;1.0;1.0;0.410999;1.0;0.704925
0.457999;0.0;0.143;0.0225;0.0;0.704049
0.034999;0.228999;0.0;0.0;0.0;0.727074
0.088;0.0;0.6111;0.567699;0.0;0.627493
0.462;0.771999;0.485899;1.0;1.0;0.395822
0.830999;1.0;1.0;0.567;1.0;0.629895
0.471;0.286999;0.441;0.411;1.0;0.659364
0.408999;0.161;0.0;0.0;0.0;0.62791
0.0;0.0;0.0;0.0;1.0;0.731992
0.0;0.0;0.430999;0.5498;0.0;0.65478
0.541;0.073999;0.7879;0.605199;0.0;0.582456
0.515499;0.584;0.3767;0.41;1.0;0.648611
0.361499;0.988999;0.3414;0.502699;1.0;0.78923
0.609999;0.325;0.55;0.351199;1.0;0.783109
0.459;0.311;0.338;0.7851;0.0;0.455206
0.686;0.634;0.777999;0.317;1.0;0.663369
0.295999;1.0;0.576999;1.0;1.0;0.539558
1.0;0.323999;1.0;0.3582;0.0;0.584733
0.463;0.616;0.597299;0.6308;1.0;0.524091
0.680999;0.669999;0.328;0.4619;1.0;0.472211
0.327999;0.311;0.319;0.3106;1.0;0.541287
0.236;0.51;0.324999;0.905699;0.0;0.299989
1.0;0.657499;0.111;0.0;0.0;0.38315
0.0;0.0;0.414999;0.412799;0.0;0.405394
0.511;0.2862;0.565799;0.5112;0.0;0.401633
0.601099;0.631799;0.5852;0.645799;1.0;0.388592
0.5469;0.976999;0.189999;0.0962;1.0;0.741773
0.203;0.576;0.475;1.0;1.0;0.452273
1.0;0.949;1.0;0.682;1.0;0.467735
0.728699;0.418999;0.604999;0.114999;0.0;0.666749
0.118;0.5407;0.463;1.0;0.0;0.363432
0.899999;0.499299;1.0;0.655999;0.0;0.361442
0.9633;1.0;0.241;0.884799;1.0;0.116544
0.712699;0.420999;0.497;0.0;1.0;0.44313
0.0;0.491;0.612;1.0;0.0;0.268518
1.0;1.0;1.0;1.0;1.0;0.183879
1.0;0.902;1.0;0.234999;0.0;0.517302
0.192999;0.301;0.582;0.547899;0.0;0.459384
0.631999;0.127699;0.6843;0.6678;0.0;0.262957
0.5169;0.5603;0.5056;0.3332;1.0;0.41142
0.4971;0.486999;0.240199;0.581099;1.0;0.263183
0.484;0.75;0.7159;0.730999;1.0;0.307303
0.774999;0.654;0.597999;0.436;1.0;0.423168
0.524;1.0;0.772999;1.0;1.0;0.317865
1.0;1.0;1.0;0.117799;0.0;0.630282
0.139;0.0;0.649;0.5172;0.0;0.559508
0.3827;0.996299;0.4307;0.6777;1.0;0.514739
0.8943;0.2807;0.301299;0.261299;1.0;0.427728
0.010999;0.334699;0.329999;0.375;1.0;0.537561
0.478;0.240299;0.0;0.0;1.0;0.605988
0.0;0.0;0.0;0.028999;1.0;0.761633
0.042999;0.356999;0.536999;0.777999;0.0;0.619113
0.832999;0.313;0.776499;0.645;0.0;0.473844
0.451999;0.689;0.6315;0.469299;1.0;0.652026
0.68;0.366999;0.0;0.0;1.0;0.708722
0.0;1.0;0.626999;1.0;1.0;0.638722
1.0;1.0;1.0;1.0;1.0;0.430833
1.0;1.0;1.0;0.675;1.0;0.514578
0.673999;0.0;0.344;0.228;0.0;0.47906
0.580999;0.463999;0.692999;0.696099;0.0;0.290774
0.083;0.227;0.1663;0.2353;1.0;0.460195
0.589999;0.847999;0.2897;0.3339;1.0;0.534319
0.329;0.31;0.325;0.2507;1.0;0.650965
0.222999;0.1152;0.444999;0.740099;1.0;0.43829
0.643999;0.9848;0.573;0.8869;1.0;0.36103
1.0;0.544999;0.641;0.0;0.0;0.599348
0.0;0.0;0.5383;0.5471;0.0;0.553881
0.329299;1.0;0.435199;1.0;1.0;0.401132
1.0;0.488999;0.3795;0.0;1.0;0.608145
0.0;0.052;0.343;0.7733;1.0;0.402336
0.726999;0.878;0.817999;0.816699;0.0;0.34123
0.853999;0.299999;0.347;0.108199;0.0;0.432234
0.069;0.716999;0.631999;1.0;0.0;0.31163
1.0;0.442;1.0;0.4649;0.0;0.429385
0.375999;0.61;0.537999;0.444499;1.0;0.52176
0.725999;0.552999;0.0;0.406;1.0;0.344913
0.191;0.348999;0.784999;0.421999;1.0;0.559818
0.499;1.0;0.547;1.0;0.0;0.356256
1.0;0.460499;0.677;0.0;0.0;0.588148
0.087;0.0309;0.414999;0.6721;1.0;0.352954
0.513999;0.427599;0.5341;0.545899;0.0;0.34747
0.3077;0.521999;0.559699;0.492;1.0;0.48263
0.685299;0.777999;0.5242;0.492999;1.0;0.521438
0.606;0.3293;0.386999;0.515999;1.0;0.422244
0.473999;1.0;0.652;0.7752;0.0;0.410878
0.711;0.411;0.038299;0.765799;0.0;0.110721
0.855999;0.602999;1.0;0.456;0.0;0.278293
0.576;0.473;0.812299;0.759;0.0;0.239014
0.552999;0.564999;0.5221;0.557;1.0;0.290327
0.548999;1.0;0.354799;1.0;1.0;0.132453
1.0;1.0;1.0;1.0;1.0;0.0872067
1.0;1.0;1.0;1.0;0.0;0.0707379
1.0;0.560999;0.932;0.0172;0.0;0.45362
0.082;0.076999;0.018599;0.134;0.0;0.352048
0.138999;0.036;0.7753;0.402699;0.0;0.396334
0.445;0.537;0.6191;0.6403;1.0;0.3735
0.495999;0.844999;0.0;0.0;1.0;0.677531
0.0;1.0;0.0;1.0;1.0;0.441985
1.0;0.956;1.0;0.624899;1.0;0.462221
0.501;0.822;0.499;1.0;0.0;0.290876
1.0;1.0;0.454999;0.0;0.0;0.563877
0.0;0.0;0.0;0.718999;0.0;0.181865
0.515;0.425;0.4586;0.0;1.0;0.536912
0.517999;1.0;0.53;1.0;1.0;0.324898
0.805;0.370099;1.0;0.709999;1.0;0.340944
0.417;0.728899;0.518;1.0;1.0;0.24017
1.0;0.862;1.0;1.0;0.0;0.116175
1.0;0.866999;1.0;0.679199;1.0;0.251185
0.717999;0.313;0.7163;0.3823;0.0;0.341504
0.276;0.615099;0.5177;0.5595;1.0;0.368111
0.613999;0.4529;0.317999;0.366;1.0;0.349223
0.359;1.0;0.458999;1.0;1.0;0.219642
1.0;0.426;0.264;0.0;1.0;0.399171
0.0;0.0;0.0;0.3268;0.0;0.322019
0.404999;0.028999;0.5604;0.0;0.0;0.535547
0.0;0.0;0.498199;0.6253;0.0;0.475614
0.4112;0.564;0.5216;0.4499;1.0;0.613414
0.5428;1.0;0.384199;0.900399;1.0;0.469982
0.925999;1.0;0.711;0.8653;1.0;0.369435
0.899;0.125;0.617999;0.0;0.0;0.554012
0.0;0.248999;0.319;1.0;1.0;0.228446
1.0;0.98;1.0;1.0;0.0;0.131219
1.0;0.512499;1.0;0.662999;0.0;0.216942
0.412;0.8783;0.349499;0.344;1.0;0.446253
0.471;0.923199;0.5662;1.0;1.0;0.242608
1.0;0.668999;0.956299;0.435999;1.0;0.40214
0.377;0.216999;0.295999;0.4681;1.0;0.368672
0.429;0.521;0.353;0.188899;1.0;0.521844
0.302999;0.575;0.619999;1.0;0.0;0.278961
0.976999;0.409999;0.9733;0.3142;0.0;0.42569
0.348;0.8855;0.5947;0.6533;1.0;0.478326
0.570999;1.0;0.407299;1.0;1.0;0.269478
1.0;0.841999;1.0;0.996;1.0;0.137877
0.972;1.0;1.0;0.968499;1.0;0.13849
1.0;0.424;0.731;0.387;0.0;0.245409
0.337;0.304999;0.0;0.0;0.0;0.304197
0.0;0.0;0.654499;0.301699;0.0;0.40062
0.408;0.688;0.4809;0.6145;1.0;0.395273
0.6153;0.884;0.5686;0.816499;1.0;0.328743
0.777699;0.32;0.039;0.0275;0.0;0.36835
0.030999;0.204099;0.727999;0.773899;1.0;0.306766
0.9;0.6029;0.301999;0.6171;1.0;0.19217
0.531;0.601999;1.0;0.5057;1.0;0.480645
0.457999;0.323;0.421999;0.218599;0.0;0.623416
0.203099;0.483999;0.5381;0.584699;1.0;0.593369
0.7389;0.558999;0.0623;0.5146;1.0;0.385802
0.412;0.523099;0.459599;0.0172;0.0;0.696956
0.0;0.0;0.0;0.315799;0.0;0.563156
0.314999;0.246;0.383;0.046199;1.0;0.794744
0.054;0.363;0.469999;0.377899;1.0;0.930755
0.397999;0.0;0.410899;0.5253;0.0;0.696837
0.1653;0.642;0.407399;0.4805;1.0;0.821244
0.8327;0.917;0.5587;1.0;1.0;0.47506
1.0;0.528999;0.658;0.0964;0.0;0.653904
0.125;0.456999;0.616;0.7695;1.0;0.569766
0.736999;0.624;0.724;0.522499;1.0;0.580238
0.564999;0.474999;0.423999;0.542;0.0;0.486534
0.554;0.399;0.6135;0.376;0.0;0.523584
0.469999;0.697;0.386499;0.735099;1.0;0.379275
0.564;0.585999;0.575;0.5953;1.0;0.404727
0.609999;1.0;0.829999;0.905299;1.0;0.37921
0.930999;0.040099;0.0;0.0;0.0;0.320493
0.0;0.0;0.0;0.161999;1.0;0.364303
0.250999;0.0;0.0;0.0;1.0;0.523715
0.0;0.0;0.463999;0.561;0.0;0.572502
0.518;0.617999;0.492;0.555999;1.0;0.612198
0.587999;1.0;0.608999;0.988;1.0;0.503408
1.0;0.578;0.4692;0.242999;1.0;0.623398
0.129999;0.109999;0.592799;0.457999;0.0;0.690441
0.465999;0.441;0.2719;0.407;1.0;0.619732
0.519;1.0;0.8141;1.0;1.0;0.486909
1.0;0.412999;1.0;0.665999;0.0;0.43612
0.421999;0.510999;0.423;0.298999;1.0;0.592827
0.370999;0.49;0.0;0.0;1.0;0.718646
0.036;0.533999;0.521;1.0;0.0;0.433325
1.0;0.853999;0.798;0.3709;1.0;0.587814
0.347999;0.03;0.038999;0.1726;0.0;0.514828
0.197999;0.655;0.736;0.785499;1.0;0.491308
0.784999;0.427;0.7853;0.795;0.0;0.349217
0.301;0.304999;0.494699;0.063999;1.0;0.704055
0.576;1.0;0.4375;1.0;1.0;0.378596
1.0;0.923;1.0;0.774799;1.0;0.371753
0.844499;0.423;0.126199;0.0;0.0;0.463473
0.091999;0.025999;0.3678;0.497999;1.0;0.358187
0.417;0.447;0.0;0.056;0.0;0.466131
0.042;0.0;0.9038;0.586999;0.0;0.557785
0.384;0.536;0.287999;0.057;1.0;0.837081
0.194999;0.543999;0.106099;0.3001;1.0;0.850575
0.33;0.132;0.3534;0.544899;1.0;0.646805
0.602999;0.555;0.629499;0.6047;0.0;0.575673
0.584999;0.695999;0.7254;0.4033;1.0;0.751483
0.43;0.274999;0.198599;0.282599;1.0;0.724649
0.182;0.1066;0.572999;0.5314;0.0;0.64358
0.481999;0.4144;0.307;0.3172;1.0;0.658374
0.344999;0.576999;0.0;0.4402;1.0;0.609236
0.581999;0.697;1.0;0.710599;0.0;0.593018
0.6052;0.471;0.4542;0.299499;1.0;0.705742
0.353799;0.109999;0.098799;0.3215;1.0;0.579875
0.266999;0.95;0.711;1.0;0.0;0.460958
1.0;0.378199;1.0;0.5276;0.0;0.481503
0.584;0.5508;0.3228;0.305699;1.0;0.52812
0.403999;0.881999;0.520199;0.9133;1.0;0.367283
0.584;0.492;0.547;0.4741;0.0;0.427954
0.734999;0.549;0.649299;0.614899;1.0;0.352096
0.536999;0.478999;0.459699;0.2755;1.0;0.51543
0.231999;0.282199;0.0;0.0;0.0;0.603609
0.011;0.0;0.642;0.4452;0.0;0.619607
0.275999;0.366;0.347999;0.446299;1.0;0.617152
0.512799;0.617999;0.1623;0.3971;1.0;0.610768
0.430199;0.385999;0.6297;0.448799;1.0;0.685476
0.417;0.658;0.045;0.8018;1.0;0.448828
0.822;0.918;1.0;0.647;1.0;0.533049
0.539599;0.319999;0.421899;0.361999;1.0;0.641959
0.491399;0.228999;0.5779;0.549999;0.0;0.499015
0.332999;0.507;0.4512;0.281;1.0;0.677859
0.534;0.498;0.3417;0.4368;1.0;0.60771
0.447;0.631;0.5738;0.776899;1.0;0.490271
0.73;0.863999;0.6435;0.946299;1.0;0.329142
0.922999;0.643;0.191999;0.0;1.0;0.565635
