<bid>;<ask>;(predicted -> )<ask>

1.0;0.0;-0.9357256
2.415999;0.0;-0.9399987
1.0;0.0;-0.9421412
2.416;0.0;-0.9448052
1.0;0.0;-0.94541585
2.415999;0.0;-0.94677466
1.0;0.0;-0.946715
2.416;0.0;-0.9476651
1.0;0.0;-0.94737494
2.415999;0.0;-0.9481768
1.0;0.0;-0.947868
2.416;0.0;-0.9487358
1.0;0.0;-0.9485174
2.416;0.0;-0.9493826
9.999993;0.0;-0.94957066
1.0;0.0;-0.9496437
1.0;0.0;-0.9493037
2.416;0.0;-0.9498678
1.0;0.0;-0.94975394
0.0;-1.0;-0.9459233
0.0;1.0;-0.93765616
2.415999;0.0;-0.9410135
1.0;0.0;-0.9413813
2.416;0.0;-0.94508153
1.0;0.0;-0.94564635
2.416;0.0;-0.94754595
9.999993;0.0;-0.9483133
2.416;0.0;-0.949459
1.0;0.0;-0.9495885
2.416;0.0;-0.95013815
1.0;0.0;-0.95016295
2.415999;0.0;-0.95054805
1.0;0.0;-0.9505791
2.416;0.0;-0.950855
1.0;0.0;-0.9508778
2.415999;0.0;-0.95107466
1.0;0.0;-0.9510891
2.416;0.0;-0.9512278
1.0;0.0;-0.9512425
2.415999;0.0;-0.9513581
1.0;0.0;-0.9514174
2.416;0.0;-0.9515725
1.0;0.0;-0.95171714
2.416999;0.0;-0.95195353
2.416;0.0;-0.95222235
1.0;0.0;-0.9524003
2.416;0.0;-0.95261645
9.999993;0.0;-0.952537
2.417;0.0;-0.9528498
2.416;0.0;-0.9528405
1.0;0.0;-0.9530034
2.415999;0.0;-0.9530536
1.0;0.0;-0.9530671
2.416;0.0;-0.95313233
1.0;0.0;-0.95313984
2.415999;0.0;-0.9531851
1.0;0.0;-0.95321584
2.417;0.0;-0.9532468
2.416999;0.0;-0.95328456
2.416;0.0;-0.953301
1.0;0.0;-0.95331234
2.416999;0.0;-0.95331115
2.416;0.0;-0.9533372
1.0;0.0;-0.95330304
2.416;0.0;-0.95332384
9.999993;0.0;-0.9530759
1.0;0.0;-0.92806274
1.0;0.0;-0.95331675
2.415;0.0;-0.95333207
2.417;0.0;-0.953356
9.999993;0.0;-0.95334584
2.0;0.0;-0.9533631
2.414;0.0;-0.95338416
1.0;0.0;-0.9533837
2.416;0.0;-0.9533978
1.0;0.0;-0.9533941
1.999999;0.0;-0.95341355
2.414;0.0;-0.953431
1.0;0.0;-0.95343196
1.187;0.0;-0.9534272
1.0;0.0;-0.95340025
1.187;0.0;-0.9533619
9.999993;0.0;-0.9533423
1.188;-1.0;-0.9533182
0.0;1.0;-0.9531431
1.187;0.0;-0.95291406
1.0;-1.0;-0.952227
1.187;1.0;-0.9519417
9.999993;-1.0;-0.95200133
0.0;1.0;-0.95186985
1.188;0.0;-0.9516241
1.187;0.0;-0.9513611
1.0;0.0;-0.95092744
1.187;0.0;-0.95067745
9.999993;0.0;-0.9509047
1.187;0.0;-0.95113903
1.0;0.0;-0.9509138
1.187;0.0;-0.9506962
1.0;0.0;-0.95018893
1.187;0.0;-0.9498269
9.999993;0.0;-0.95027506
1.187;0.0;-0.95069295
1.0;0.0;-0.9505579
1.187;0.0;-0.95028645
1.0;0.0;-0.9497976
1.186999;0.0;-0.94944376
1.0;0.0;-0.94895905
1.187;0.0;-0.94875985
1.0;0.0;-0.94846475
1.187;0.0;-0.9484601
1.0;0.0;-0.94832283
1.187999;0.0;-0.94841945
1.0;0.0;-0.9483173
3.0;0.0;-0.9495862
1.183999;0.0;-0.95008713
1.0;0.0;-0.9500536
2.0;0.0;-0.9505491
1.184999;0.0;-0.9507317
1.0;0.0;-0.9506051
1.999999;0.0;-0.9509794
1.0;0.0;-0.9509513
2.0;0.0;-0.95125103
1.184999;0.0;-0.95142853
1.0;0.0;-0.9512703
1.0;0.0;-0.95100445
1.186;0.0;-0.9507848
1.0;0.0;-0.9504307
1.186999;0.0;-0.9501574
2.0;0.0;-0.95043826
1.0;0.0;-0.95032257
0.00396;0.0;-0.94799817
1.0;0.0;-0.9454505
1.186;0.0;-0.9435899
1.0;0.0;-0.94104403
2.0;0.0;-0.942295
1.0;0.0;-0.941566
1.183999;0.0;-0.94103944
2.0;0.0;-0.9425217
1.0;0.0;-0.9425455
1.185999;0.0;-0.94228905
1.0;0.0;-0.94127053
1.187;0.0;-0.9404318
2.0;0.0;-0.94233006
1.187;0.0;-0.9428603
2.999999;0.0;-0.94541025
1.186;0.0;-0.9463778
1.0;0.0;-0.94638616
2.0;0.0;-0.9476407
1.0;0.0;-0.9477919
1.186;0.0;-0.9477333
1.999999;0.0;-0.94863445
1.0;0.0;-0.9487017
1.186;0.0;-0.9487572
1.0;0.0;-0.94838303
2.0;0.0;-0.9490971
1.186;0.0;-0.9493117
1.0;0.0;-0.94916725
9.999993;0.0;-0.9495488
1.186;0.0;-0.9499376
1.0;0.0;-0.9497249
2.0;0.0;-0.9501579
1.184999;0.0;-0.95023483
2.0;0.0;-0.95069
1.0;0.0;-0.9506965
1.184999;0.0;-0.95066696
1.999999;0.0;-0.9510531
1.0;0.0;-0.95107716
1.186;0.0;-0.9510566
2.0;0.0;-0.951382
1.0;0.0;-0.95140415
1.186;0.0;-0.9513832
1.0;0.0;-0.95119286
1.999999;0.0;-0.95144325
1.187;0.0;-0.9515287
1.0;0.0;-0.95141166
1.186;0.0;-0.95132416
1.0;0.0;-0.9510619
1.0;0.0;-0.95069766
1.186;0.0;-0.95046175
1.0;0.0;-0.9500376
2.999999;0.0;-0.9506091
2.0;0.0;-0.95110315
1.0;0.0;-0.9511839
1.186;0.0;-0.95119905
1.0;0.0;-0.95099163
9.999993;0.0;-0.9510457
1.0;0.0;-0.95111036
1.184999;0.0;-0.95098996
1.0;0.0;-0.95063496
2.0;0.0;-0.95095
2.0;0.0;-0.95131
1.183999;0.0;-0.95147085
2.0;0.0;-0.9517411
1.0;0.0;-0.9517559
0.0;-1.0;-0.94982076
1.185999;0.0;-0.94864005
-9.99999;0.0;-0.9383425
1.187999;0.0;-0.92426884
-1.18499;0.0;-0.86217016
0.0;-1.187;-0.7879254
0.0;1.188;-0.75256675
0.0;-1.189;-0.73919785
1.187;0.0;-0.80654615
2.0;0.0;-0.8570034
1.187;0.0;-0.8794304
1.999999;0.0;-0.89418757
1.187;0.0;-0.9005555
2.0;0.0;-0.907797
1.187;1.189;-0.9158045
1.999999;-1.0;-0.91311306
1.187;0.0;-0.9106034
2.0;0.0;-0.914036
1.187;1.999999;-0.92571735
2.0;-9.99999;-0.79132706
1.186999;0.0;-0.6478626
0.0;-1.0;-0.4781803
1.0;0.0;-0.5279038
0.0;-0.00499;-0.56008935
1.187;0.0;-0.68605167
0.0;-1.0;-0.68343735
1.0;0.0;-0.76321393
0.0;0.004999;-0.7782244
1.187;2.999999;-0.79500496
2.989999;0.0;-0.83593297
1.187999;0.0;-0.8489088
1.0;0.0;-0.8425811
1.486;0.0;-0.84613925
0.0;9.0;-0.8804483
0.0;1.0;-0.87653935
0.0;-1.0;-0.7416517
1.0;0.0;-0.6250539
1.486;0.0;-0.634281
-1.486;0.0;-0.44475198
1.486;0.0;-0.46463433
-5.351;0.0;-0.33598158
5.352;0.0;-0.47103196
1.486;0.0;-0.6589035
1.0;0.0;-0.7671239
1.486;0.0;-0.8294901
1.0;0.0;-0.84900945
1.486;0.0;-0.86322033
5.414999;0.0;-0.8755016
5.33;0.0;-0.8875092
1.0;0.0;-0.88864136
1.486;0.0;-0.8918487
1.0;0.0;-0.88301593
1.486;0.0;-0.8843547
1.0;0.0;-0.87544405
1.486;0.0;-0.88022095
9.999993;0.0;-0.8994105
1.486;0.0;-0.9126171
1.0;0.0;-0.9130897
1.486;0.0;-0.9161942
1.0;0.0;-0.9124664
1.486;0.0;-0.91503614
1.0;0.0;-0.91169673
1.486;0.0;-0.9150124
1.0;0.0;-0.9125488
2.0;0.0;-0.92180854
1.483999;0.0;-0.9277511
-1.48399;0.0;-0.8997992
1.486;0.0;-0.88898885
-1.0;0.0;-0.8070272
1.486;0.0;-0.79301554
1.0;0.0;-0.79779726
0.01936;0.0;-0.7375266
1.486;0.0;-0.7764797
0.0;-0.00199;-0.74230945
0.0;-1.0;-0.67079765
-1.486;0.0;-0.60451823
1.810999;0.0;-0.72433496
1.0;0.0;-0.8178326
1.810999;0.0;-0.86595744
1.0;0.0;-0.88301736
1.810999;0.0;-0.8950664
-1.80999;0.0;-0.8588
1.810999;-0.00999;-0.8648149
0.049945;0.0;-0.8449485
0.0;-1.0;-0.78494596
1.811;0.0;-0.8092169
0.0;1.0;-0.8143928
0.0;-1.0;-0.7372558
9.999993;0.0;-0.7651525
1.811;0.0;-0.8233582
0.099963;0.0;-0.81124485
1.0;0.0;-0.8163521
2.0;0.0;-0.84963423
-3.0;0.0;-0.78760487
4.0;0.0;-0.8233326
0.049999;0.0;-0.81154037
0.0;0.012;-0.76617956
0.0;1.218999;-0.74560267
0.0;0.019987;-0.6642922
-0.04999;0.0;-0.56939155
-9.99999;0.0;-0.45607975
0.0;0.057275;-0.46531168
1.810999;1.810999;-0.5591756
0.0;-1.81099;-0.4059485
1.0;1.810999;-0.40066323
0.0;-3.62199;-0.20826375
0.019981;0.0;-0.17674607
0.0;1.810999;-0.17331603
1.810999;0.0;-0.3387244
-1.806;0.0;-0.2472511
1.807;0.0;-0.44023094
-1.807;0.0;-0.40974835
1.810999;0.0;-0.634058
1.0;0.0;-0.7943031
-5.99999;0.0;-0.7918341
5.999999;-1.0;-0.8418052
0.0;1.0;-0.8659973
0.0;-1.0;-0.84078735
0.0;1.0;-0.81821215
1.810999;0.0;-0.8437474
0.0;-1.812;-0.74846065
0.0;1.812;-0.6573991
0.237239;1.810999;-0.654269
-0.23722;-1.81099;-0.39206415
1.810999;0.0;-0.4614058
0.0;1.810999;-0.58802146
0.0;-1.81099;-0.3980102
-1.80699;0.0;-0.26190674
-1.81099;0.0;-0.19312051
2.994999;0.0;-0.34684816
6.239999;0.0;-0.62702364
0.0;1.810999;-0.7878689
0.0;-1.18799;-0.7041464
1.188;0.0;-0.7467772
1.0;0.0;-0.8078026
1.187999;0.0;-0.8515167
0.0;-1.188;-0.7972815
1.0;0.0;-0.8052458
0.0;1.188;-0.801584
1.188;0.0;-0.82009435
0.237173;1.187999;-0.8343292
-0.23717;-7.45399;-0.5752715
1.0;0.0;-0.51728785
0.0;-1.18799;-0.50694287
1.188;0.0;-0.6697135
-1.184;0.0;-0.6729784
1.184999;0.0;-0.75589365
1.188;0.0;-0.8199128
1.0;0.0;-0.85016525
1.188;0.0;-0.86786556
0.0;1.187999;-0.8675067
1.0;0.0;-0.86293715
0.0;0.00278;-0.8007105
0.0;0.01;-0.6621957
1.187999;0.0;-0.6427869
1.0;0.0;-0.6733011
1.188;0.0;-0.7243544
1.0;0.0;-0.74733305
1.187999;0.0;-0.7663789
1.0;0.0;-0.7632701
1.188;0.0;-0.76415247
1.0;0.0;-0.748044
1.187999;0.0;-0.7422243
0.0;-5.0;-0.41170648
-2.37299;0.0;-0.21708718
2.373999;0.0;-0.29346445
1.188;0.0;-0.49229562
-1.187;0.0;-0.4819378
1.188;0.0;-0.6445954
1.187999;0.0;-0.7783467
-1.18499;0.0;-0.7464249
1.186;0.0;-0.7994926
1.188;0.0;-0.84544057
0.0;-0.00999;-0.8357554
-1.187;0.0;-0.751608
1.188;0.0;-0.7718433
1.188;0.0;-0.819007
9.999993;0.0;-0.8338709
1.188;0.0;-0.85024893
-2.373;0.0;-0.760673
2.374;0.0;-0.79859847
2.246999;0.0;-0.8530448
1.0;0.0;-0.87123203
2.247;0.0;-0.8902131
-2.244;0.0;-0.8396406
2.244999;0.0;-0.8537876
2.247;0.0;-0.8791517
-2.246;0.0;-0.8251123
2.247;0.0;-0.8454386
2.246999;0.0;-0.8766929
2.0;0.0;-0.89597255
2.999999;0.0;-0.9082738
2.244;0.0;-0.9167472
-2.244;0.0;-0.890132
2.247;0.0;-0.89520895
-0.00037;0.0;-0.8605413
0.000397;0.0;-0.7668319
-0.06039;-0.23966;-0.61395425
0.060375;0.239642;-0.5334629
2.999999;0.0;-0.68952626
0.0;-0.00268;-0.69871557
0.0;-2.24699;-0.61191756
0.0;-1.0;-0.6932208
0.0;-2.24699;-0.82122904
0.0;-1.0;-0.8720567
-0.06037;0.0;-0.8700834
0.060375;0.0;-0.846334
0.0;-2.247;-0.8536335
0.0;-9.99999;-0.8871256
0.0;9.999993;-0.87705255
0.0;-2.24799;-0.84904903
0.0;-1.0;-0.82078254
0.0;2.248;-0.7170666
0.0;-2.247;-0.57962906
-0.06037;0.0;-0.46641415
0.0;-1.0;-0.46467903
0.060375;0.0;-0.46382126
0.0;-2.24699;-0.56466377
0.0;-1.0;-0.6783501
2.0;0.0;-0.76055145
0.0;-2.24699;-0.79809976
0.0;-1.0;-0.82828164
0.0;-2.24699;-0.87219256
0.0;2.246999;-0.8175991
0.0;-2.24699;-0.76102674
0.0;4.490999;-0.6180681
0.0;-4.492;-0.37587643
0.0;-2.247;-0.36528578
5.0;0.0;-0.4625417
0.0;-1.0;-0.48627743
0.0;-2.24699;-0.5480813
0.0;-1.0;-0.647261
1.999999;-2.24699;-0.81616217
0.0;-1.0;-0.858743
0.0;-2.24699;-0.887474
0.0;-1.0;-0.8928412
0.0;-2.133;-0.9076011
5.0;-1.0;-0.91542715
0.0;-2.13299;-0.9173488
0.0;-1.0;-0.9145036
0.0;-2.133;-0.9199278
1.0;0.0;-0.90709776
0.0;-1.0;-0.89629894
0.0;-2.13299;-0.89893204
0.0;-1.0;-0.89338833
-1.0;-2.133;-0.90091527
-0.06037;0.0;-0.86439466
0.0;-1.0;-0.84178126
0.0;-2.13299;-0.86219245
0.060375;0.0;-0.8217087
-0.06037;0.0;-0.7486442
0.0;-1.0;-0.72171855
0.0;-2.133;-0.7893352
0.0;-1.0;-0.8261384
0.0;-2.13299;-0.8723086
0.0;-1.0;-0.8833266
0.0;-2.133;-0.90330863
0.0;-1.0;-0.9054881
0.0;1.0;-0.84590393
0.0;-1.0;-0.79232204
0.0;-1.0;-0.7855846
0.0;-2.13199;-0.84197474
0.0;-1.0;-0.86562765
0.0;-2.133;-0.89636475
0.0;-1.0;-0.9037397
0.0;-2.13299;-0.91776896
0.0;-1.0;-0.9197661
0.0;-2.133;-0.92771095
0.0;-1.0;-0.92795014
0.0;-2.13299;-0.93317235
0.0;-1.0;-0.93272644
0.0;-2.133;-0.93652093
0.0;-1.0;-0.9357699
0.0;-2.13399;-0.9387262
0.0;-2.133;-0.94132733
0.0;-1.0;-0.9405915
0.0;-2.13299;-0.94247943
0.0;-1.0;-0.9415088
0.0;-2.133;-0.9430817
0.0;-1.0;-0.9420587
0.0;-2.13299;-0.94349957
0.0;-1.0;-0.9424831
0.0;-2.133;-0.94384336
0.0;-1.0;-0.94284886
-0.011;0.0;-0.93466115
0.0;-2.13399;-0.9342394
0.0;-2.133;-0.93711
0.0;-1.0;-0.9364452
0.0;-2.13299;-0.93944067
0.0;-1.0;-0.9388334
0.0;-2.133;-0.94120085
0.0;-1.0;-0.9404772
0.0;-2.13299;-0.9424144
0.0;-1.0;-0.94162816
0.0;-2.134;-0.9432658
0.0;-2.13299;-0.9447824
0.0;-1.0;-0.9440646
0.0;-2.134;-0.94526094
0.0;-1.812;-0.94600916
0.0;0.000252;-0.94149804
1.812;0.0;-0.9254708
0.0;-1.812;-0.9147697
0.0;1.812;-0.841503
1.0;2.450999;-0.7487421
0.0;1.812;-0.7042724
0.0;-6.07499;-0.3938739
1.813;-1.0;-0.4346718
1.812;-1.812;-0.6090204
-3.626;0.0;-0.64641404
0.0;-1.0;-0.7246976
0.0;-1.812;-0.8055703
-1.812;1.812;-0.7103205
1.812;5.757999;-0.63741
0.0;0.00061;-0.45083272
0.0;-0.00068;-0.28669
0.0;3.621999;-0.29872435
0.0;0.000649;-0.15648997
0.0;0.002706;-0.05092138
5.0;0.0;-0.16212472
1.0;0.0;-0.31564215
1.810999;0.0;-0.57652855
0.0;0.009999;-0.5756497
0.0;1.0;-0.54639137
-1.81099;0.0;-0.34781224
0.0;0.009999;-0.23984489
1.812;0.0;-0.4156174
1.0;0.0;-0.6495044
1.812;0.0;-0.8081643
1.0;0.0;-0.8575474
1.812;0.0;-0.8835188
0.04613;0.0;-0.86256534
1.812;0.0;-0.8694672
0.0;0.02;-0.81914335
0.0;0.009999;-0.6925856
0.354841;0.0;-0.5698
-0.35484;0.049999;-0.43003905
0.0;1.0;-0.38187206
1.812;0.0;-0.54729843
1.0;0.0;-0.6730628
0.0;0.01;-0.63763285
-1.812;0.0;-0.47553903
1.812;0.0;-0.59467095
0.0;-0.0101;-0.62487787
1.0;0.0;-0.73698217
1.812;0.0;-0.8343297
9.999993;0.0;-0.86391836
1.812;0.0;-0.88790816
1.0;0.0;-0.89297533
1.812;0.0;-0.9069414
0.0;0.0101;-0.88075304
1.0;0.0;-0.8565073
0.0;0.019981;-0.7668046
0.0;0.002418;-0.61850923
1.812;0.0;-0.6824683
0.0;0.006599;-0.6405018
1.0;0.0;-0.69302315
1.812;0.0;-0.80588806
0.0;-1.812;-0.73779196
1.0;0.0;-0.7786571
1.812;0.0;-0.84967244
1.0;0.0;-0.8794313
1.812;0.0;-0.89987487
1.0;0.0;-0.9059743
1.812;0.0;-0.91368884
0.0;-1.1;-0.86877346
0.0;-1.82299;-0.7658304
1.0;-1.812;-0.79783994
0.0;-1.1;-0.845716
1.812;-1.812;-0.90065336
0.0;-1.1;-0.91276383
0.0;-1.812;-0.920908
0.0;-1.1;-0.9224951
0.0;-1.812;-0.92763853
0.0;-1.09999;-0.927794
1.0;-1.812;-0.9335435
0.0;-1.1;-0.93363166
2.028999;0.0;-0.9226694
-2.02499;0.0;-0.8950209
2.024999;0.0;-0.8717884
0.0;-2.03999;-0.85106367
1.0;0.0;-0.841252
2.029;0.0;-0.86078596
0.0;-2.04;-0.85202307
0.0;-2.029;-0.86847675
0.0;-1.09999;-0.88272643
0.0;-2.029;-0.9020347
1.0;0.0;-0.8884382
2.028999;0.0;-0.88118476
0.0;-1.0;-0.87358063
1.0;0.0;-0.87448
2.029;0.0;-0.88946277
0.0;0.000188;-0.8883771
0.0;-9.99999;-0.86492807
1.0;-1.0;-0.8764305
0.0;1.0;-0.849803
0.0;-1.0;-0.8087735
0.0;-2.029;-0.8143234
2.029;0.0;-0.8262731
0.0;-1.0;-0.8336919
-6.084;0.0;-0.8039857
2.028;0.0;-0.79974496
0.0;-2.028;-0.7835792
0.0;-1.09999;-0.80826
1.0;0.0;-0.82164836
0.0;-2.029;-0.8440091
2.030999;0.0;-0.85135716
2.029;0.0;-0.87396437
0.0;-1.0;-0.8731601
0.0;-1.0;-0.87479764
1.0;0.0;-0.8798584
2.029;-2.029;-0.90676755
0.0;-1.0;-0.9129789
1.0;0.0;-0.9101196
0.0;1.0;-0.8910252
0.403436;0.000101;-0.8687967
0.0;0.000999;-0.83092153
0.0;0.032734;-0.776038
0.0;0.017265;-0.71244323
0.0;0.009999;-0.6581309
0.0;0.02;-0.62744135
-0.40335;0.0;-0.5866538
2.029;0.0;-0.69963884
1.0;0.0;-0.7847185
2.028999;0.0;-0.8421457
0.174263;-1.0;-0.8078099
0.0;1.0;-0.7662277
0.0;-1.0;-0.64563984
0.0;1.0;-0.56166625
0.0;0.018;-0.4768644
0.0;-1.0;-0.45002297
-0.17416;0.0;-0.5172988
2.029;0.0;-0.70095944
1.0;0.0;-0.802296
3.0;0.0;-0.8594451
-3.0;0.0;-0.8190204
2.029;0.0;-0.8484666
-2.02599;-0.06526;-0.79803824
2.027;-1.0;-0.84836775
1.694999;0.0;-0.885051
1.0;0.0;-0.9001257
1.695;0.0;-0.9091869
1.0;0.0;-0.91183156
1.694999;0.0;-0.9150362
1.0;0.0;-0.91445035
1.695;0.0;-0.9164926
1.0;0.0;-0.9147429
1.694999;0.0;-0.91669077
0.0;0.065265;-0.89645326
1.0;0.0;-0.87556547
0.174036;0.0;-0.8031826
0.0;1.0;-0.71048796
0.0;-0.25738;-0.52978384
0.0;0.06027;-0.3879978
-0.17385;0.0;-0.2881716
1.242;0.0;-0.40405717
2.0;0.0;-0.6564681
0.003936;0.0;-0.7074972
1.0;0.0;-0.7765019
1.241999;0.0;-0.82913506
1.0;0.0;-0.85105026
1.242;0.0;-0.8643983
0.497878;0.199109;-0.8527443
1.0;0.02;-0.84118223
0.0;0.031163;-0.7521963
0.0;0.019345;-0.58605695
0.0;0.019491;-0.4251645
0.0;0.004134;-0.31797507
0.0;0.005765;-0.25803268
0.0;1e-04;-0.23236373
0.0;0.008665;-0.23224425
0.0;0.023643;-0.25178075
-1.0;0.0;-0.19814059
1.0;0.0;-0.30142137
0.134469;0.01769;-0.40954772
1.0;0.002274;-0.6075908
-0.13384;0.097725;-0.66479737
1.0;0.012959;-0.753351
-1.0;0.02009;-0.6848548
0.28458;0.002027;-0.6635361
-0.28458;1.241999;-0.62838626
9.999993;0.018049;-0.7137969
-9.99999;0.12686;-0.59631646
0.292863;0.0;-0.3813911
0.0;0.032008;-0.22222573
1.0;0.001851;-0.28409845
0.008603;0.0;-0.3660866
9.999993;0.0;-0.56216526
-9.99999;0.0;-0.48364395
9.999993;0.0;-0.504933
1.0;0.0;-0.6170289
1.0;0.0;-0.7328152
1.0;0.0;-0.8092424
1.0;0.0;-0.8481547
0.0;-1.0;-0.7735488
0.0;1.0;-0.69080067
1.0;0.0;-0.67600346
1.0;0.0;-0.6987924
1.0;0.0;-0.7230979
1.0;0.0;-0.735435
-9.0;0.0;-0.6089785
-0.02;-0.16386;-0.49465635
0.0;0.16386;-0.48793
-0.11955;0.0;-0.5483714
0.0;-0.00185;-0.64687186
-0.06034;0.0;-0.7155736
0.0;0.001851;-0.74880075
0.0;-0.00187;-0.7522563
1.0;0.0;-0.7831502
1.0;0.0;-0.8121091
2.307999;0.0;-0.85405415
0.0;0.001874;-0.82506025
-9.41999;0.0;-0.6998453
-2.30799;0.0;-0.49383506
-0.10336;0.0;-0.40859872
0.0;-0.06386;-0.4444767
-0.01106;0.0;-0.53687465
0.0;-1.99999;-0.6589827
1.0;-1.0;-0.79957354
-1.0;0.0;-0.80163944
2.0;0.0;-0.81710744
1.0;0.0;-0.8390726
9.999993;0.0;-0.83122903
-9.99999;0.0;-0.7511281
9.999993;0.0;-0.7200311
-9.99999;0.0;-0.59326273
9.999993;0.0;-0.5677676
-3.99999;2.999999;-0.37444752
1.0;-1.99999;-0.11215627
2.0;0.0;-0.13315427
9.999993;0.0;-0.26020762
1.0;1.999999;-0.55414885
1.0;-2.99999;-0.22283891
2.0;0.0;-0.22777334
2.0;0.0;-0.41596198
2.0;0.0;-0.6408562
-1.2;0.0;-0.58799845
1.299999;2.999999;-0.70153064
1.0;0.0;-0.7246191
2.0;0.0;-0.77909607
1.0;0.0;-0.7818183
1.0;0.0;-0.7614709
1.0;0.0;-0.73055637
-1.9;0.0;-0.525993
0.0;-2.99999;-0.3316951
-0.21557;0.06386;-0.29443687
-0.17;0.0;-0.33141416
0.0;-0.46386;-0.45517436
2.307999;0.0;-0.6792237
1.0;-1.0;-0.79708314
-1.0;0.0;-0.78632873
1.0;0.1;-0.81351507
-1.0;0.052685;-0.76066977
-2.30799;0.0;-0.66066587
0.1;0.0;-0.64723116
1.0;0.0;-0.7237985
1.099999;-2.30799;-0.7852494
1.0;0.327193;-0.8098355
1.2;0.020144;-0.8323497
0.399999;0.0;-0.8246945
1.0;0.0;-0.83025944
1.1;0.0;-0.84310675
1.199999;0.0;-0.85640544
1.0;0.0;-0.86068916
2.283999;0.0;-0.87751603
1.0;0.0;-0.8793659
-1.0;0.0;-0.7997533
2.308999;0.0;-0.8093592
1.2;0.0;-0.82262576
2.307999;0.0;-0.8550858
1.2;0.0;-0.8659569
2.295999;0.0;-0.88484496
1.2;0.0;-0.89054775
1.1;0.0;-0.88909703
1.0;0.0;-0.88120174
2.306999;-0.03799;-0.8955285
1.0;0.0;-0.8961283
-9.27;0.0;-0.82244706
1.0;0.0;-0.7624179
-1.0;0.0;-0.60847306
1.0;0.0;-0.6390291
-1.0;0.0;-0.6103576
1.2;0.037991;-0.73880744
1.0;0.0;-0.8305997
1.099999;0.0;-0.8706463
2.308;0.0;-0.8916373
1.099999;0.0;-0.89911366
1.2;0.0;-0.90219873
1.0;0.0;-0.90074605
2.305999;0.0;-0.9057183
1.0;0.0;-0.9038073
1.1;0.0;-0.89952457
2.296999;0.0;-0.905368
-9.99999;4.999999;-0.8709347
1.199999;0.0;-0.8439721
0.000606;0.0;-0.77258843
1.0;0.0;-0.7663999
-1.0;0.0;-0.66159296
2.308999;0.0;-0.739735
1.2;0.0;-0.8122514
1.0;0.0;-0.8477614
-1.0;0.0;-0.7943831
1.2;0.0;-0.80445087
9.999993;0.0;-0.81847113
2.296;0.0;-0.8488882
1.0;0.0;-0.854443
1.1;0.0;-0.85124075
1.0;0.0;-0.83901906
1.099999;0.0;-0.82716703
1.0;0.0;-0.80999994
1.2;0.0;-0.8045431
1.099999;0.0;-0.79842216
2.284;0.0;-0.8369013
9.999993;0.00404;-0.8608719
1.1;0.08596;-0.87771374
0.0;0.009999;-0.8282718
0.09923;0.0;-0.698488
1.199999;0.0;-0.64578867
0.306339;0.0;-0.5418719
-0.04426;0.0;-0.39749923
-0.26207;0.0;-0.2509955
1.0;0.0;-0.2512035
-1.0;0.009999;-0.21257228
1.0;0.011369;-0.36759153
-1.0;0.090472;-0.4542514
0.0;-0.11184;-0.6077632
1.0;-1.0;-0.7948746
-1.0;-3.99999;-0.84531677
1.0;0.0;-0.8629286
0.099999;0.0;-0.85361016
9.999993;0.0;-0.82651794
-9.99999;0.0;-0.7390735
9.999993;0.0;-0.70879775
-9.99999;4.999999;-0.57746494
9.999993;-1.0;-0.5502012
0.0;0.116476;-0.5135093
-9.99999;0.053523;-0.36681056
1.199999;0.083077;-0.35232663
0.099999;0.0;-0.32316023
0.0;-0.0531;-0.319892
-0.09999;0.01;-0.3556189
1.0;0.090023;-0.5417991
0.0;-1.09999;-0.5843725
-1.0;0.0;-0.57398266
0.199999;-0.09999;-0.6519766
1.0;0.0;-0.75753564
-1.0;-1.0;-0.7474085
-0.19997;0.0;-0.75358534
-2.33299;1.0;-0.6535498
0.0;-1.175;-0.6810712
9.999993;-1.09999;-0.74580526
2.342;-1.0;-0.844868
1.199999;0.0;-0.88492596
1.0;1.199999;-0.8976059
1.1;-1.99999;-0.8570279
1.172999;-1.0;-0.8451822
1.0;0.0;-0.84912276
1.1;0.0;-0.85979724
0.196673;0.0;-0.8424444
9.999993;0.0;-0.8431684
-9.99999;3.999999;-0.7865943
0.003291;-0.09998;-0.61132264
1.0;1.0;-0.54484916
-1.0;-1.0;-0.37217456
1.0;0.0;-0.47258165
-1.0;0.0;-0.5176966
1.0;0.0;-0.70243555
-1.0;0.0;-0.7449495
1.0;1.0;-0.7834173
-1.0;-1.0;-0.7334993
1.0;0.0;-0.78551936
0.0;-5.0;-0.7803467
-1.0;-1.99999;-0.81998295
0.0;-1.0;-0.8557605
1.0;2.999999;-0.7851206
-1.0;6.0;-0.7373985
0.0;-1.0;-0.511413
1.0;0.0;-0.427976
-1.0;0.0;-0.24234357
1.0;0.0;-0.26933363
-0.2;1.0;-0.30599022
0.0;0.099988;-0.2775289
0.191402;1.174;-0.34075034
1.0;0.0;-0.45181927
0.008026;0.099999;-0.41784373
9.999993;0.0;-0.6070705
0.0;-1.29999;-0.41711536
-0.00802;-2.2;-0.2293725
-1.0;-0.40099;-0.16605312
1.0;0.0;-0.27554116
-1.0;0.0;-0.3179114
1.0;0.0;-0.5110934
-1.0;0.0;-0.54681075
1.0;-1.0;-0.7089133
-1.0;0.0;-0.7253275
-0.29899;0.0;-0.7098915
1.0;0.0;-0.7480153
-0.03532;-0.30665;-0.7384293
0.035335;0.680171;-0.70693904
1.0;-0.27251;-0.7353687
-1.0;0.0;-0.63698435
1.0;0.0;-0.677967
-0.03534;-0.40764;-0.6645056
1.175;0.0;-0.74853605
-1.175;0.407646;-0.6935242
1.0;0.0;-0.7406884
-1.0;0.0;-0.67434734
1.0;0.0;-0.7349934
-1.0;0.0;-0.6899971
1.0;0.0;-0.75652087
-1.0;0.0;-0.7209108
1.0;0.0;-0.77603596
-1.0;0.0;-0.7365484
1.0;0.0;-0.7805279
1.0;0.0;-0.8264861
1.0;0.0;-0.8534225
1.0;0.0;-0.86654073
1.0;0.0;-0.8713845
-5.0;0.0;-0.8085035
1.0;0.0;-0.80550706
1.0;0.0;-0.83464366
2.0;0.0;-0.8689285
1.0;0.0;-0.88184077
1.0;0.0;-0.88442963
1.0;0.0;-0.8806068
-7.0;0.0;-0.8144423
1.0;0.0;-0.79823387
-1.0;0.0;-0.71129537
2.0;0.0;-0.76960397
1.0;0.0;-0.83134204
1.0;0.0;-0.8655325
-4.0;0.0;-0.8310206
5.0;0.0;-0.84484667
1.0;0.0;-0.8701327
-6.0;0.0;-0.8423373
-0.05706;0.0;-0.8222052
1.0;0.0;-0.8446665
1.173999;0.0;-0.87132585
0.0;-0.1;-0.8674668
0.0;0.1;-0.8504987
0.0;-1.1;-0.8136478
0.0;-1.0;-0.8073263
0.0;-1.17399;-0.83730304
0.0;-1.0;-0.8654935
0.0;-1.09999;-0.88394266
0.0;-1.0;-0.89235973
0.0;1.999999;-0.8206407
0.0;-1.17599;-0.7287475
0.0;2.373;-0.5843
0.0;0.089988;-0.38545436
0.099988;0.0;-0.24701384
0.0;-1.0;-0.19807342
1.0;0.0;-0.33378312
0.0;-1.17399;-0.47833303
0.0;-1.0;-0.66928023
1.173999;0.0;-0.7919557
0.0;-1.17399;-0.830787
0.0;-1.0;-0.85313576
0.0;-1.17399;-0.8723315
0.0;-1.0;-0.88368315
0.0;-1.17399;-0.89382404
0.0;-1.0;-0.8989
0.0;-0.0006;-0.8781891
0.0;-1.17399;-0.87215185
0.0;-1.0;-0.8738162
0.0;-1.17399;-0.8833294
0.0;-1.0;-0.89016366
0.0;-1.17399;-0.8983289
0.0;-1.0;-0.9025302
0.0;-1.174;-0.90767264
0.0;-1.17599;-0.91207546
0.0;-0.00029;-0.8935036
0.0;-1.0;-0.88492215
0.0;-1.17299;-0.8883205
0.0;1.172999;-0.8171327
0.0;-1.17399;-0.7616925
0.0;-1.0;-0.7702923
-1.17399;0.0;-0.72490025
1.099999;0.0;-0.71624994
-1.09999;0.0;-0.64916104
0.0;-1.17399;-0.68510973
0.0;-1.0;-0.7684824
0.0;-1.1;-0.83295316
1.0;-1.0;-0.87777025
9.999993;-1.09999;-0.8683014
0.0;-1.0;-0.87084454
0.0;-1.1;-0.8683096
0.0;-1.162;-0.8786059
0.0;-1.09999;-0.89027214
0.0;-1.0;-0.89666224
0.0;-1.173;-0.90201765
0.0;-1.09999;-0.90422225
0.0;-1.2;-0.9063786
0.0;-1.17299;-0.90754837
0.0;-1.2;-0.90863556
0.0;-1.162;-0.90900445
0.0;-1.09999;-0.90830505
0.0;-1.0;-0.9058777
0.0;-2.2;-0.91560984
0.173641;-1.09999;-0.91633207
0.0;-1.14;-0.9162221
0.0;-2.19999;-0.9235533
0.0;-1.1;-0.92291725
0.0;-2.19999;-0.92880094
0.0;-1.163;-0.9284147
0.0;-2.19999;-0.9329775
0.0;-1.1;-0.93189305
0.0;-2.19999;-0.9355085
0.0;-1.1;-0.93432283
-0.17364;-1.1;-0.93224543
0.0;-2.19999;-0.93548685
-2.99999;-1.48;-0.93534994
0.0;-2.19999;-0.9378706
0.0;-1.1;-0.9369678
0.0;-1.53499;-0.93765074
0.0;-0.48886;-0.93184346
0.0;0.489999;-0.90068793
0.0;-0.00113;-0.834645
0.0;0.001139;-0.735734
0.0;-1.1;-0.71784216
0.0;-0.00082;-0.70859075
0.0;-1.0;-0.7724494
0.0;-2.19999;-0.8561592
0.0;-1.1;-0.8879487
-0.09998;-1.1;-0.90287536
0.0;-1.0;-0.91017866
0.0;-2.09999;-0.9220042
0.0;-1.53599;-0.9281543
0.0;-0.08915;-0.92071855
0.0;-1.2;-0.9193307
0.0;-2.19999;-0.92652124
-1.557;-2.19999;-0.9322369
0.0;-1.0;-0.9321305
0.0;-2.1;-0.936666
0.0;-1.0;-0.9367993
1.557;0.0;-0.92813236
-1.557;-2.19999;-0.92564005
0.0;2.199999;-0.8751756
0.0;-1.1;-0.8092716
1.557;0.0;-0.78093123
0.0;-1.55699;-0.769654
1.099999;-1.2;-0.83769107
-1.56799;0.0;-0.82467926
0.0;-1.557;-0.85011697
0.0;-0.001;-0.831072
0.0;-0.09896;-0.7978411
0.0;-1.29999;-0.8077731
0.0;-1.557;-0.8480906
0.0;-1.09999;-0.8727503
-0.02;0.0;-0.8545887
0.0;-0.19998;-0.82312393
0.0;-1.0;-0.82041144
-0.03705;0.0;-0.7891375
-0.02214;0.0;-0.7443042
-1.557;0.0;-0.6604259
-0.02079;0.0;-0.61072135
1.0;0.0;-0.660743
0.0;-0.09999;-0.6746533
1.557;-1.0;-0.78829974
1.0;0.0;-0.84040004
-0.1853;-1.1;-0.8312051
1.557;0.0;-0.84895885
0.0;-1.546;-0.84200084
0.0;-1.09999;-0.85280466
0.0;-1.557;-0.8782713
0.0;-1.1;-0.8908128
0.0;-1.557;-0.9030001
0.0;-1.09999;-0.90583247
-0.01472;-1.2;-0.90789324
0.014724;0.0;-0.8808928
0.0;1.1;-0.78660667
-0.0447;-1.568;-0.6961673
0.0;-1.09999;-0.7068875
1.0;0.0;-0.7338614
0.0;1.578999;-0.6942565
1.1;0.0;-0.708561
-1.1;0.0;-0.5972038
0.009984;0.0;-0.5170573
-0.00999;0.0;-0.5011463
1.0;0.0;-0.6372857
9.999993;0.0;-0.74012
0.0;-0.10047;-0.75735223
-1.99999;0.0;-0.64022875
0.0;-1.99999;-0.56602997
0.0;-1.0;-0.67057467
0.0;-0.06948;-0.7692063
0.0;-1.0;-0.8357891
0.0;-1.00399;-0.8694837
0.0;-1.0;-0.88627446
1.0;-1.00399;-0.90299094
0.0;-1.0;-0.90855896
0.0;-1.00399;-0.91050977
0.0;-1.0;-0.9112791
0.0;-1.00399;-0.91166073
0.0;4.02;-0.8472484
0.0;-1.00399;-0.727519
0.0;1.003999;-0.5559297
1.003999;0.0;-0.51215947
9.999993;-1.00399;-0.5992261
1.004;0.0;-0.69755554
9.999993;0.0;-0.7554503
1.004;0.0;-0.7902249
9.999993;0.0;-0.8164314
1.004;0.0;-0.8304912
9.999993;0.0;-0.8499798
1.003999;0.0;-0.8603781
1.0;0.0;-0.84544
1.003999;0.0;-0.81457126
1.0;0.0;-0.7788118
1.003999;0.0;-0.7455745
1.0;0.0;-0.7148733
1.005;0.0;-0.6871139
1.003999;0.0;-0.66070867
1.0;0.0;-0.63635457
1.003999;0.0;-0.61742955
1.0;0.0;-0.6061833
1.003999;0.0;-0.6059633
1.0;0.0;-0.6168572
1.003999;0.0;-0.6382617
1.0;0.0;-0.6659796
1.003999;0.0;-0.69658303
1.0;0.0;-0.72577626
1.003999;0.0;-0.7518015
1.0;0.0;-0.77310574
0.0;1.003999;-0.7653471
1.003999;0.069471;-0.7642503
1.0;1.003999;-0.80469054
0.0;-0.0695;-0.7254211
1.003999;0.0;-0.6840597
0.0;0.069501;-0.5621812
1.0;0.0;-0.55696005
1.003999;0.0;-0.615017
1.0;0.0;-0.6834315
1.003999;0.0;-0.7360349
0.0;0.100518;-0.68795
0.0;0.1;-0.5942162
1.0;0.099999;-0.6319295
0.029819;0.0;-0.5943403
9.999993;0.0;-0.70375353
1.1;0.0;-0.7704587
1.0;0.0;-0.7890637
1.1;0.0;-0.7951862
0.099999;0.0;-0.70154536
1.2;0.0;-0.68209475
1.0;0.0;-0.6840341
1.1;0.0;-0.7036793
9.929999;0.0;-0.7680565
1.1;0.0;-0.80208033
1.0;0.0;-0.79522485
1.099999;0.0;-0.77946377
1.0;0.0;-0.7542205
1.002999;0.0;-0.7292659
1.1;0.0;-0.7208291
1.0;0.0;-0.7095177
1.1;0.0;-0.71117586
9.929999;0.0;-0.7910463
1.1;0.0;-0.8304372
1.0;0.0;-0.83148193
1.099999;0.0;-0.8240937
1.003999;0.0;-0.80876017
1.0;0.0;-0.7901352
1.1;0.0;-0.7814726
9.929999;0.0;-0.83750033
1.1;0.0;-0.8673036
1.2;0.0;-0.87740564
2.199999;0.0;-0.8988052
1.0;0.0;-0.9040998
6.9;0.0;-0.9147738
9.349999;0.0;-0.919706
1.1;0.0;-0.92500997
6.399999;0.0;-0.9306742
9.4;0.0;-0.9333429
8.9;0.0;-0.93608713
0.0;0.029989;-0.93526
0.099927;0.0;-0.92808485
1.0;0.0;-0.9218072
0.0;1.003999;-0.90703225
0.0;-1.005;-0.8596951
0.0;1.0;-0.7763657
0.0;-0.03711;-0.63268363
0.0;-1.00399;-0.4674688
0.020792;-1.1;-0.4274117
1.0;0.0;-0.55976206
0.0;-0.03151;-0.6864346
0.0;-2.314;-0.79053175
0.0;0.068674;-0.817472
0.0;-2.31499;-0.85797626
0.0;1.0;-0.8126462
0.0;-1.0;-0.78136146
-1.0;1.0;-0.6302161
1.0;0.0;-0.5753277
0.0;3.139999;-0.58232284
0.0;-3.13999;-0.28778645
0.0;3.139999;-0.17092434
0.0;-3.14999;-0.030079871
0.0;3.149999;0.005218059
0.0;-3.13999;0.061896145
0.0;-1.1;0.05801022
2.314;0.0;-0.008620083
1.0;1.1;-0.23258236
2.313999;0.0;-0.5757924
1.0;0.0;-0.7405113
2.314;0.0;-0.8257795
9.999993;0.0;-0.8440188
1.1;0.0;-0.8540777
1.2;3.139999;-0.895893
1.0;-3.14999;-0.7092012
1.099999;0.0;-0.5126055
1.0;0.0;-0.4286068
2.313;0.0;-0.5727493
1.0;0.0;-0.6140831
2.312999;0.0;-0.72579944
1.1;0.0;-0.7444737
1.0;0.0;-0.722177
2.313;-1.1;-0.7327405
1.0;0.0;-0.72382724
1.099999;0.0;-0.7115531
0.0;1.1;-0.6765962
2.314;0.0;-0.76212645
1.1;1.0;-0.8234123
0.0;-2.337;-0.62405765
-1.1;0.0;-0.3846796
1.199999;0.0;-0.3113098
0.0;-2.314;-0.23339716
0.0;-1.09999;-0.331132
2.314;0.0;-0.5880503
1.0;0.0;-0.77191263
2.313999;0.0;-0.85499394
1.1;-2.314;-0.8429348
1.0;-1.1;-0.86528504
2.313;0.0;-0.88643813
1.0;0.0;-0.8995433
0.0;-2.31399;-0.8811838
0.0;-1.1;-0.8781086
1.099999;0.0;-0.8792439
0.0;1.1;-0.85296386
-0.00023;0.0;-0.7990053
0.0;-2.32499;-0.73963946
0.0;0.000119;-0.6998713
0.0;-3.14999;-0.7622168
0.0;-1.0;-0.8192681
0.0;1.0;-0.7634554
0.0;-2.315;-0.7578101
0.0;-9.99999;-0.8181423
2.314;9.999993;-0.8082301
0.0;-2.31499;-0.7208085
-2.314;0.0;-0.60221386
2.314;0.0;-0.6139616
-2.314;0.0;-0.5315722
0.0;4.63;-0.5272592
2.314;0.0;-0.6636888
0.0;1.0;-0.72384214
-2.314;0.0;-0.5784782
0.0;3.139999;-0.6126988
0.0;-3.14999;-0.33089805
2.314;0.0;-0.40682206
0.0;3.149999;-0.6062553
0.0;-3.13999;-0.3380312
0.0;3.139999;-0.2764052
0.0;-3.14999;-0.124495864
0.0;1.0;-0.09105128
-2.314;0.0;-0.025525898
0.0;3.139999;-0.018296182
0.0;1.998999;-0.03947112
0.0;1.0;-0.023692936
2.294;0.0;-0.15645012
0.0;-2.295;-0.00799337
1.0;0.0;-0.0074813664
1.1;1.0;-0.11591563
2.294;0.0;-0.4168009
1.099999;0.0;-0.6503122
2.294;0.0;-0.8006084
1.1;0.0;-0.83370465
-6.916;0.0;-0.7368492
2.294;0.0;-0.77959347
-2.294;0.0;-0.6693227
2.294;0.0;-0.75416493
-2.294;0.0;-0.7018734
-0.16009;0.0;-0.7090513
1.1;0.0;-0.8075442
0.0;-0.12997;-0.84448564
2.293999;0.0;-0.879582
1.1;0.0;-0.89662004
2.305;0.0;-0.9080567
2.294;0.0;-0.91584176
1.099999;0.0;-0.9177513
0.0;-0.0149;-0.9016178
2.305;0.0;-0.90336406
0.0;-2.294;-0.8080521
2.305;0.0;-0.7915579
2.304999;0.0;-0.8319126
2.294;0.0;-0.87093467
1.1;2.294;-0.9027185
0.0;-2.294;-0.7823312
2.294;0.0;-0.75035393
1.099999;0.0;-0.75462765
2.305;0.0;-0.81413543
2.294;0.0;-0.8588484
1.099999;0.0;-0.87342745
2.294;0.0;-0.8932741
1.1;0.0;-0.89905375
2.305;0.0;-0.91158295
2.294;0.0;-0.92256606
1.099999;0.0;-0.9258556
2.294;0.0;-0.9326875
1.1;0.0;-0.9346013
2.294;0.0;-0.93934786
1.099999;0.0;-0.9407186
2.294;0.0;-0.9438951
1.1;0.0;-0.9448833
2.294;0.0;-0.94688785
-6.915;0.0;-0.9383303
2.294;0.0;-0.93633884
1.1;0.0;-0.93498003
2.304999;0.0;-0.9374936
2.294;0.0;-0.9400407
-4.60999;0.0;-0.9266234
0.0;2.294;-0.91935366
0.0;-2.294;-0.8094719
2.294;0.0;-0.7762017
-2.294;0.0;-0.6484967
0.0;2.294;-0.62708825
0.0;0.014909;-0.58301646
0.439019;0.099469;-0.6436902
-0.32932;-1.1;-0.6322019
0.0;-2.294;-0.73734415
0.0;-1.09999;-0.83377796
2.294;-2.294;-0.9011854
0.0;-1.1;-0.91475874
0.0;-2.294;-0.9252378
0.0;-1.1;-0.9276778
0.0;-2.294;-0.93408394
1.0;0.0;-0.9288467
2.294;0.0;-0.9189234
1.0;0.0;-0.90820825
0.0;0.000622;-0.8814262
2.294;0.0;-0.8829472
1.0;0.029977;-0.89232653
0.049986;0.0;-0.88131654
1.0;2.294;-0.88435024
0.0;-2.29199;-0.7615497
0.0;2.291999;-0.620646
2.293;0.069977;-0.68193537
2.291999;0.0;-0.77501523
1.0;0.0;-0.79819536
2.291999;0.0;-0.83416826
1.0;0.0;-0.8355337
0.0;1.0;-0.81568146
0.0;2.290999;-0.82731
2.293;0.0;-0.85613006
0.000583;0.0;-0.80923533
1.0;0.0;-0.76314926
2.291999;0.0;-0.8145637
1.0;0.0;-0.8216864
2.291999;0.0;-0.858549
1.0;0.0;-0.8661703
2.291999;0.0;-0.88953096
1.0;0.0;-0.89591295
2.291999;0.0;-0.9113076
1.0;0.0;-0.9167564
2.291999;0.0;-0.92662466
1.0;0.0;-0.93100244
2.291999;0.0;-0.9371561
0.175365;0.0;-0.9353739
1.0;-1.0;-0.92258775
-0.17545;0.0;-0.8785594
-4.586;0.0;-0.7202011
2.291999;0.0;-0.71509063
0.0;-9.99999;-0.6313116
0.0;-1.0;-0.68701774
-0.00067;0.0;-0.74175847
1.0;0.0;-0.7888168
2.291999;-0.03799;-0.82955194
0.0;-1.1;-0.799228
0.0;-0.112;-0.7647649
-2.293;-1.0;-0.73509246
1.0;0.0;-0.772944
2.291999;0.0;-0.83116156
1.0;0.0;-0.8642885
-4.58499;0.112008;-0.83830285
6.876999;0.0;-0.8386222
1.0;-1.0;-0.85472494
0.0;-2.29099;-0.8211307
2.291999;0.0;-0.8436724
-2.29199;0.0;-0.81848973
0.0;-0.36198;-0.80991036
0.0;-1.0;-0.83054215
2.291999;1.0;-0.8264792
1.0;0.0;-0.84648913
0.0;0.361962;-0.8418406
2.291999;0.0;-0.86618006
1.0;0.0;-0.881201
0.0;-2.30299;-0.82133853
2.291999;-2.303;-0.8680679
1.0;0.0;-0.89111453
2.291999;0.0;-0.90364575
0.0;-2.29199;-0.8869209
0.0;-1.0;-0.88246137
-0.00016;0.0;-0.8695434
0.00016;0.0;-0.84578526
0.0;-2.29199;-0.8537744
1.0;0.0;-0.85414714
0.0;-1.0;-0.8586145
-1.0;0.0;-0.8264715
2.293;-0.11187;-0.82796943
0.0;0.11187;-0.8181249
1.0;0.0;-0.83415
2.291999;0.0;-0.8669081
1.0;0.000115;-0.88584125
-1.0;-0.00013;-0.86234987
1.0;0.0;-0.8626982
2.291999;0.0;-0.8818248
1.0;0.0;-0.8925377
1.0;0.0;-0.89796156
2.290999;0.0;-0.906933
0.0;-2.293;-0.84854615
1.0;0.0;-0.81455076
4.0;0.0;-0.8405797
1.999999;-2.29199;-0.8376969
1.0;-1.0;-0.8463564
2.291999;0.0;-0.87465966
1.0;0.0;-0.8916524
2.0;0.0;-0.9074369
2.289999;0.0;-0.9189601
0.0;-2.29199;-0.8873355
0.0;-1.0;-0.8500599
-6.88699;0.0;-0.77723396
1.0;0.0;-0.7492634
1.0;0.0;-0.76627123
1.0;0.0;-0.80121595
2.0;-1.1;-0.84604126
1.0;-1.0;-0.86459035
2.288999;0.0;-0.8830902
0.0;-2.27999;-0.85130894
2.0;-1.0;-0.8813854
2.290999;0.0;-0.9027876
0.0;-2.29199;-0.89798725
2.0;-1.1;-0.91682106
2.0;0.0;-0.92593396
0.008932;0.0;-0.9255145
2.0;0.0;-0.92801416
2.289999;0.0;-0.9315256
1.0;-2.29199;-0.92539096
1.0;0.0;-0.92294186
1.0;0.0;-0.92238826
2.290999;-1.1;-0.9282225
2.0;0.0;-0.9329366
1.0;0.0;-0.9349198
2.290999;0.0;-0.9375086
0.0;-2.29199;-0.9243341
0.009931;-1.1;-0.9117042
1.0;0.0;-0.9084872
1.0;0.0;-0.90966934
2.0;0.0;-0.9160746
2.239999;0.0;-0.9230749
1.0;-2.25299;-0.9143021
1.0;0.0;-0.9118437
2.0;0.0;-0.9165596
9.999993;-2.253;-0.9221082
1.0;0.0;-0.92571795
2.242;0.0;-0.9301995
0.0;-2.242;-0.91007686
0.0;-1.1;-0.8881089
1.0;0.0;-0.8834537
2.242;0.0;-0.89501894
1.0;0.0;-0.9055393
0.009932;0.0;-0.90176284
9.999993;-2.24199;-0.9099747
1.0;-1.1;-0.9132178
2.242;0.0;-0.9209998
1.0;-2.242;-0.9123789
1.0;-1.1;-0.91517377
1.0;0.0;-0.9182513
2.240999;0.0;-0.9229051
1.0;-2.25299;-0.91848123
-1.0;0.0;-0.90177935
2.243;0.0;-0.8990493
-2.24099;0.0;-0.8751449
1.0;0.0;-0.8711363
2.242;-2.242;-0.8943231
-1.0;-1.1;-0.89720446
1.0;0.0;-0.897997
-0.00999;0.0;-0.8897274
-1.0;-2.242;-0.8851241
1.0;-1.1;-0.9000344
-1.0;0.0;-0.88804114
-2.242;0.0;-0.8542171
4.485;0.0;-0.8231245
1.0;0.0;-0.83819366
2.0;-2.25299;-0.863751
1.0;0.0;-0.87904173
2.240999;0.0;-0.8940069
9.999993;-2.253;-0.90334123
1.0;0.0;-0.9096608
2.240999;0.0;-0.9169521
1.0;-2.242;-0.894464
1.0;-1.1;-0.88560385
2.242;0.0;-0.8942059
1.0;-2.242;-0.8864363
-1.0;-1.09999;-0.87751424
2.243;0.0;-0.8865799
1.0;0.0;-0.8983206
2.0;0.0;-0.91144675
9.999993;-2.242;-0.91907436
1.0;0.0;-0.92424226
-0.00013;0.0;-0.9204597
1.0;-1.1;-0.9163288
0.000157;0.0;-0.9059758
1.0;0.0;-0.9019175
-0.00013;0.0;-0.8864897
1.0;0.0;-0.8810456
1.1;-2.242;-0.858741
1.199999;0.0;-0.85929614
2.23;-1.1;-0.88312614
1.0;0.0;-0.8963943
1.099999;0.0;-0.9035048
1.0;0.0;-0.9067066
-1.0;-2.25299;-0.8701955
1.0;0.0;-0.86031616
-4.509;0.0;-0.8125489
6.751;0.0;-0.8155221
0.0;-2.242;-0.73539513
1.0;-1.1;-0.7789704
-4.50799;0.0;-0.7727817
0.0;-2.242;-0.8284291
1.0;-1.1;-0.8761431
1.0;0.0;-0.88066363
2.240999;0.0;-0.8829792
1.0;-2.25299;-0.8757723
-1.0;0.0;-0.8319675
2.243;0.0;-0.8277121
0.0;-2.242;-0.8104445
9.999993;-1.1;-0.8329503
1.0;0.0;-0.87926817
2.0;0.0;-0.90821457
1.0;0.0;-0.92096573
-0.27011;0.0;-0.9182052
0.279999;-2.242;-0.9015784
9.999993;0.0;-0.90091634
1.0;-0.26123;-0.9126491
2.240999;0.0;-0.92521596
0.0;-0.11664;-0.9265297
-9.99999;0.0;-0.90808487
2.999999;0.0;-0.9033504
1.0;0.0;-0.9065563
2.0;0.0;-0.9150669
1.0;0.0;-0.9192757
-2.24899;0.0;-0.89887136
4.489999;0.0;-0.89974296
1.0;0.0;-0.90572184
1.0;0.0;-0.9101785
1.999999;0.0;-0.9163253
2.239999;0.0;-0.9215903
2.0;0.0;-0.92594886
2.0;0.0;-0.9299233
1.0;0.0;-0.9305393
-6.738;0.0;-0.9066874
2.241;0.0;-0.9039785
9.999993;0.0;-0.90019506
1.0;0.0;-0.90620047
1.0;0.0;-0.90951556
1.0;0.0;-0.90993994
1.0;0.0;-0.90813607
2.239999;0.0;-0.9141917
1.0;0.0;-0.91408116
1.0;0.0;-0.91068506
2.242;0.0;-0.91602755
1.0;0.0;-0.91499984
1.0;0.0;-0.9103868
9.999993;0.0;-0.91598755
2.240999;0.0;-0.925031
1.0;0.0;-0.9259889
-8.975;-0.03326;-0.8852663
-9.99999;0.0;-0.75359255
9.999993;0.0;-0.77865833
-9.99999;0.03326;-0.6903832
2.999999;0.0;-0.736397
1.0;0.0;-0.78800833
1.0;0.0;-0.8254555
-4.99999;0.0;-0.7513664
9.999993;0.0;-0.7578976
-0.27997;0.0;-0.7242559
9.999993;0.0;-0.7561033
1.0;0.0;-0.8099316
2.0;0.0;-0.863539
1.0;-1.0;-0.84461105
-2.24699;0.0;-0.71314496
4.487999;0.0;-0.7563544
0.0;1.0;-0.7901389
1.0;-1.0;-0.75000507
2.0;0.0;-0.80233634
1.0;0.0;-0.8307811
9.999993;0.0;-0.8450819
1.0;0.0;-0.8530739
-2.25;-0.3133;-0.7393626
1.0;0.0;-0.68899196
-0.06941;-8.51699;-0.4396894
-1.0;0.0;-0.31808937
1.0;0.0;-0.4258088
0.0;1.0;-0.5160772
2.242;0.0;-0.69011307
-0.00063;0.0;-0.67661405
0.000611;0.0;-0.59751093
-0.00061;0.0;-0.52866066
-0.11353;0.0;-0.49637878
0.0;-1.0;-0.5490739
-0.00587;0.0;-0.64888656
0.0;1.0;-0.6799751
0.0;-1.0;-0.65719086
0.0;-1.0;-0.699868
-0.08059;1.0;-0.66124356
0.0;-1.0;-0.6178445
0.0;-1.0;-0.6509848
0.0;-1.0;-0.7218853
-0.00479;1.0;-0.6640261
0.0;-1.0;-0.60033274
0.0;-1.99999;-0.65769756
5.0;0.0;-0.7389977
0.0;-1.0;-0.77309006
0.0;-1.0;-0.8029796
1.308999;0.0;-0.8402349
0.0;1.0;-0.82300043
0.0;-1.0;-0.76691
-1.30699;0.0;-0.6506911
1.308999;0.0;-0.67180043
0.0;-2.0;-0.6860015
0.0;1.0;-0.6389053
1.0;0.0;-0.6772436
0.0;-1.49999;-0.6426488
1.309;-1.0;-0.7670526
9.999993;0.0;-0.8045687
1.309;0.0;-0.8621017
1.0;0.0;-0.8905918
1.309;0.0;-0.9071016
9.999993;0.0;-0.90736353
1.309;0.0;-0.91374844
1.0;0.0;-0.9163134
1.308999;0.0;-0.91986686
1.0;0.0;-0.9204257
1.309;0.0;-0.9226389
1.0;0.0;-0.92249304
-6.545;1.599999;-0.88249904
1.308999;0.0;-0.8619119
0.0;-2.1;-0.7406632
0.004757;0.0;-0.66265774
1.309;0.0;-0.73791814
0.0;-9.99999;-0.70137763
-0.00477;0.0;-0.70306885
1.308999;0.0;-0.760888
0.0;9.999993;-0.7841813
0.0;8.537;-0.8384946
0.0;0.162689;-0.8062752
1.1;0.0;-0.76600426
1.309;0.0;-0.73333734
1.099999;0.0;-0.68260825
1.309;0.0;-0.64512056
1.1;0.0;-0.5853307
0.0;-0.16277;-0.34022403
-2.646;0.0;-0.11918658
3.954999;0.0;-0.14564106
-3.95499;-1.0;-0.016950011
1.308999;0.0;-0.011482537
1.339;0.0;-0.08838245
1.308999;0.0;-0.2854447
0.0;1.0;-0.49971262
0.274663;0.162774;-0.5438478
-0.27466;0.0;-0.43464932
1.308999;0.0;-0.5370153
-2.62899;0.0;-0.44852254
1.308999;0.0;-0.6088615
-1.334;0.0;-0.60844326
2.656;0.0;-0.7699353
1.309;0.0;-0.85512346
0.0;0.167252;-0.868288
-1.309;-1.09999;-0.82574964
0.104691;0.0;-0.8168533
0.0;-1.309;-0.8363781
1.0;-1.1;-0.88241935
1.309999;0.0;-0.89320594
0.0;-1.30899;-0.89012116
0.0;-1.1;-0.88943213
1.309;0.0;-0.88119006
1.0;0.0;-0.87964654
0.0;-1.30899;-0.86754566
0.0;-1.1;-0.86742425
1.308999;0.0;-0.8669893
1.0;0.0;-0.87562627
0.0;-1.309;-0.8714971
-1.0;-1.09999;-0.8675274
1.0;0.0;-0.8638282
1.309;0.0;-0.87341195
1.0;0.0;-0.8849097
1.308999;0.0;-0.89683515
1.0;0.0;-0.9042438
0.0;-1.309;-0.8878316
0.0;-1.1;-0.8775425
0.0;1.1;-0.8405781
0.0;-1.31999;-0.79988754
1.877;0.0;-0.8161822
0.069825;-1.1;-0.8174742
1.876999;0.0;-0.8501255
0.0;-1.876;-0.8527403
0.0;-1.09999;-0.87017304
1.876;0.0;-0.88256216
0.0;-1.876;-0.89090204
0.0;-1.1;-0.9009165
0.0;-1.87599;-0.9149662
-1.876;-1.1;-0.9160276
3.751999;0.0;-0.89630765
1.0;0.0;-0.8972057
0.0;-1.87599;-0.8932623
0.0;-1.1;-0.8974755
1.876;0.0;-0.89690006
1.0;0.0;-0.90245926
1.875999;0.0;-0.911003
1.0;-1.876;-0.9125408
1.876;0.0;-0.91659164
9.999993;0.0;-0.9122743
1.877;0.0;-0.9203909
1.875999;0.0;-0.9289858
1.0;0.0;-0.9331531
1.876;0.0;-0.93744004
1.0;0.0;-0.9394143
1.875999;0.0;-0.9420233
1.0;0.0;-0.9431437
1.876;0.0;-0.94492996
1.0;-1.09999;-0.9421184
1.875999;0.0;-0.94309473
1.0;-1.876;-0.9348492
0.0;-1.0;-0.9174117
1.876;-1.1;-0.91922414
9.999993;-1.29999;-0.924874
1.876;-1.0;-0.9318279
1.0;-1.875;-0.9322919
0.0;-1.09999;-0.9303863
1.875999;-1.0;-0.9360732
1.0;-1.875;-0.93988085
0.0;-1.0;-0.94042414
-9.38199;0.0;-0.92953473
0.000112;-1.09999;-0.9220407
1.0;-1.2;-0.9192906
0.0;-1.2;-0.91731983
0.0;-1.29999;-0.9177698
0.0;-1.1;-0.9176502
1.875999;-1.1;-0.91954887
1.0;-2.19999;-0.92558146
0.0;-1.1;-0.9252814
0.0;-1.821;-0.9280067
0.0;-1.09999;-0.9267452
0.0;-2.2;-0.9307055
0.0;-1.1;-0.9294268
1.876;-1.09999;-0.92769694
1.0;-2.2;-0.9314128
0.0;-1.79899;-0.9331031
0.0;-1.0;-0.9308609
0.0;-2.2;-0.9335801
1.875999;-1.09999;-0.93204075
1.0;-1.1;-0.93098354
0.0;-7.69999;-0.93297404
0.0;-3.8;-0.9343925
0.0;-3.69999;-0.9378542
1.876;-1.839;-0.9422428
9.999993;-6.1;-0.94826156
1.876;-4.99999;-0.949326
1.0;-1.77599;-0.95031685
0.0;-1.1;-0.95011747
0.0;-4.99999;-0.950758
1.876999;-1.826;-0.951473
0.0;-7.49999;-0.9516953
0.0;-6.39999;-0.9516809
1.876;-1.43;-0.95221174
1.0;-6.9;-0.9522627
0.0;-6.49999;-0.9522335
0.0;-1.26999;-0.95223045
0.0;-7.3;-0.9524284
0.0;-8.99999;-0.9522729
1.875999;-8.2;-0.95206696
0.0;-5.3;-0.95203996
0.0;-1.31999;-0.9520844
0.0;-1.378;-0.952206
1.0;-1.0;-0.9522727
0.0;-8.19999;-0.9523724
0.0;-1.21;-0.9522428
0.0;-6.2;-0.9523519
0.0;-5.4;-0.9522802
0.0;-1.55699;-0.95224047
0.0;-1.1;-0.9522069
-3.74999;-1.29;-0.9519581
1.0;-7.0;-0.9521438
5.625;-5.89999;-0.9526861
1.0;-1.34999;-0.95275825
0.0;-7.0;-0.95266336
0.0;-1.41499;-0.9525616
0.0;-1.1;-0.95249355
0.0;-1.3;-0.95235896
0.0;-9.09999;-0.95246875
1.875999;-8.6;-0.95234025
1.0;-8.1;-0.9521455
0.029601;-1.47699;-0.95211214
0.0;-9.29999;-0.9520806
1.0;-1.64;-0.9521218
1.874999;-1.1;-0.9523727
0.0;-1.71199;-0.9524448
0.0;-9.6;-0.95236874
0.0;-9.39999;-0.9519939
-1.87499;-1.64;-0.9518285
1.874999;-8.8;-0.9517896
0.0;-1.61999;-0.9516643
0.0;-1.368;-0.9516495
1.0;-7.8;-0.95130026
0.0;-1.09999;-0.95118743
0.0;-1.19999;-0.9513323
0.0;-6.3;-0.9508749
1.876;-5.69999;-0.95019567
0.0;-1.13;-0.95019674
0.0;-1.512;-0.95047134
0.0;-7.59999;-0.9506148
-1.877;-5.4;-0.94992286
-1.87599;-1.16999;-0.9499514
0.0;-1.716;-0.9500208
0.0;-1.09999;-0.9503095
1.875999;-5.2;-0.9506477
-1.87599;-5.59999;-0.95077026
1.876999;-5.09999;-0.95078146
2.0;-1.678;-0.9512637
1.0;-4.89999;-0.95123535
0.0;-1.19999;-0.95123154
0.0;-7.69999;-0.95110935
1.875999;-7.0;-0.9506095
0.0;-1.669;-0.9503183
0.0;-8.09999;-0.9500182
1.0;-1.70999;-0.94943786
-3.75699;-1.705;-0.94921875
1.0;-1.05999;-0.94934696
0.0;-8.9;-0.94905084
0.0;-9.5;-0.9487205
1.874999;-1.89;-0.9486743
1.0;-9.0;-0.94838357
0.0;-1.32899;-0.94823456
0.0;-1.01999;-0.9482652
0.0;-1.01999;-0.94834274
1.876;-1.05;-0.94865113
1.0;-1.67999;-0.9488133
-1.0;-2.39999;-0.9488719
1.876999;-1.09999;-0.9492207
0.0;-1.655;-0.94933724
1.0;-1.09999;-0.9493889
0.0;-1.22;-0.94948256
0.0;-1.74299;-0.94957334
0.0;-1.32;-0.94963473
0.0;-1.21;-0.9497449
1.876;-1.16999;-0.9501811
0.0;-1.52799;-0.9503378
0.0;-1.31;-0.9502104
0.0;-1.745;-0.9501768
0.0;-1.09999;-0.95014155
0.0;-8.6;-0.950198
0.0;-1.835;-0.95005727
0.0;-5.59999;-0.94984
0.0;-4.4;-0.949632
0.0;-3.6;-0.94962144
0.0;-5.5;-0.9495422
0.0;-1.69699;-0.94955045
0.0;-4.09999;-0.94944745
-1.876;-2.1;-0.94911987
0.0;-3.19999;-0.949135
2.337;-1.1;-0.9494341
1.0;-2.19999;-0.9495664
0.0;-1.1;-0.9496937
0.0;-1.1;-0.9497194
0.0;-2.20999;-0.94989985
0.0;-6.6;-0.94992787
0.0;-6.99999;-0.9495897
0.0;-5.99999;-0.94941497
0.0;-1.19999;-0.94935423
2.337;-4.9;-0.94941705
0.0;-5.99999;-0.9493671
1.0;-2.04799;-0.94940853
0.0;-1.0;-0.94943887
2.336999;0.0;-0.9499238
1.0;-1.1;-0.95039856
0.0;-2.19999;-0.9505268
0.0;-0.09924;-0.9504777
0.0;-1.0;-0.9502817
-1e-04;-2.337;-0.95020336
0.0;-2.99999;-0.95034534
0.0;-2.337;-0.95043397
-2.337;0.0;-0.9490815
2.337;-2.337;-0.9491799
0.0;-1.0;-0.9480849
0.0;-2.337;-0.94775563
-2.337;-1.0;-0.9471565
-0.02955;-3.99999;-0.94831574
2.337;3.999999;-0.9374049
0.0;-2.33799;-0.92012054
2.999999;0.0;-0.8872903
-2.99999;0.0;-0.8206306
0.0;-2.337;-0.79357433
0.0;-1.0;-0.80998135
-2.334;0.0;-0.77519745
2.337;0.0;-0.76040894
-2.99999;0.0;-0.7106323
2.999999;0.0;-0.75324225
1.0;-2.337;-0.7683907
0.0;-1.0;-0.795183
2.337;0.0;-0.8268597
1.0;0.0;-0.8592918
0.0;-2.337;-0.85008574
0.0;-1.0;-0.85662323
-1.0;0.0;-0.8234613
-2.34199;0.0;-0.75286067
0.0;-2.33699;-0.8089554
0.0;-1.0;-0.8416773
4.999999;0.0;-0.81891894
0.0;-2.337;-0.80155027
0.0;-1.0;-0.81756264
2.337;0.0;-0.8421207
0.0;-2.337;-0.8575418
0.0;-1.0;-0.87122273
-2.337;-2.337;-0.89178485
0.0;-1.0;-0.89308053
0.0;-2.33699;-0.908766
0.0;-1.0;-0.90857345
0.0;-2.337;-0.9188781
0.0;-1.0;-0.9171261
0.0;-2.337;-0.92472064
0.0;-1.0;-0.9224885
-0.00055;0.0;-0.8983388
0.0;-2.337;-0.90136117
0.0;-1.0;-0.8980628
0.0;-2.33799;-0.9117358
0.000558;0.0;-0.8895416
0.0;-2.337;-0.89923394
0.0;-1.0;-0.89868534
0.0;-2.337;-0.9129871
0.0;-1.0;-0.913249
0.0;-2.337;-0.92308855
0.0;-1.0;-0.9223231
0.0;-2.33699;-0.92912644
0.0;-1.0;-0.9278537
0.0;-2.337;-0.93299866
0.0;-1.0;-0.9315614
4.999999;0.0;-0.8980372
0.0;-2.337;-0.88085693
0.0;-1.0;-0.8757326
0.0;-2.338;-0.8978969
0.0;-2.33799;-0.9142375
0.0;-2.337;-0.9248142
0.0;-1.0;-0.92423147
0.0;-2.337;-0.93054175
0.0;-1.0;-0.92865866
0.0;-2.337;-0.93333983
0.0;-2.99999;-0.9383862
2.0;-2.337;-0.94381434
0.0;-1.0;-0.9437167
0.0;-2.337;-0.94481266
0.0;-1.0;-0.943145
0.0;-2.337;-0.94420695
0.0;-1.0;-0.94240093
0.0;-2.33799;-0.9437251
-0.00055;-0.32884;-0.93835354
0.0;-1.0;-0.9338298
0.000558;0.328822;-0.90688246
-0.07046;0.0;-0.8500747
0.0;-2.34799;-0.8509972
0.0;-2.337;-0.8863885
0.0;-1.1;-0.89906937
0.0;-2.348;-0.9168262
0.0;-2.34799;-0.92698497
0.0;-2.337;-0.93346494
0.0;-1.1;-0.9332133
0.0;-0.06637;-0.92011887
0.0;-2.337;-0.9227457
0.0;-1.09999;-0.9216067
-0.09995;0.0;-0.9000558
0.0;-2.348;-0.90707314
-2.337;0.0;-0.8826408
0.0;-1.506;-0.88846123
0.0;-1.09999;-0.89640844
1.506;0.0;-0.8749014
0.0;-1.506;-0.87626815
0.0;-1.1;-0.8868858
0.0;-1.50599;-0.90370184
0.0;-1.1;-0.9115306
0.0;-1.506;-0.919587
0.0;-1.09999;-0.92213106
0.0;-1.517;-0.9264111
0.0;-1.50599;-0.9297761
0.0;-1.1;-0.9300842
0.0;-1.517;-0.9322842
0.0;-1.51699;-0.9343251
0.0;-1.506;-0.936014
0.0;-1.09999;-0.9356013
0.0;-1.517;-0.93679166
0.0;-1.50599;-0.9379925
0.0;-1.1;-0.9374236
0.0;-1.506;-0.93836606
0.0;-1.09999;-0.93786424
0.0;-1.517;-0.9388202
0.0;-1.51699;-0.93987626
0.0;-1.51699;-0.940846
0.0;-1.506;-0.94166166
0.0;-1.1;-0.94112945
0.0;-1.50599;-0.94169813
0.0;-1.1;-0.94113564
0.0;-1.506;-0.9417407
0.0;-1.09999;-0.94130033
0.0;-1.506;-0.94195175
0.0;-1.1;-0.9416038
0.0;-1.50599;-0.9423016
0.0;-1.1;-0.9420084
0.0;-1.506;-0.942767
0.0;-1.09999;-0.94254273
0.0;-1.517;-0.9432564
0.0;-1.50599;-0.9439502
0.0;-1.1;-0.9437094
0.0;-1.506;-0.9442298
0.0;-1.09999;-0.9439329
0.0;-1.506;-0.944501
0.0;-1.1;-0.94419366
0.0;-1.50599;-0.9447271
0.0;-1.1;-0.94445586
0.0;-1.506;-0.9449911
-1.506;-1.1;-0.9441668
3.011999;0.0;-0.93056583
0.0;-1.50599;-0.9234235
0.0;-1.1;-0.922935
-3.01199;0.0;-0.9099539
1.506;0.0;-0.88587165
0.0;-1.506;-0.8855907
0.0;-1.09999;-0.8956659
0.0;-1.517;-0.9109931
0.0;-1.51699;-0.92065483
0.0;-1.506;-0.92638826
0.0;-1.09999;-0.9272039
0.0;-1.506;-0.9298827
0.0;-1.1;-0.9296224
-1.506;0.0;-0.91320014
0.0;-1.50599;-0.91177714
0.0;-1.1;-0.9133663
1.506;0.0;-0.88985395
0.0;-1.506;-0.8875719
0.0;-1.09999;-0.8942903
0.0;-1.0;-0.902289
-2.338;0.0;-0.8830386
0.0;-1.517;-0.89182633
0.0;-1.99999;-0.9099515
0.0;-1.0;-0.91371584
0.0;-1.514;-0.9202851
0.0;-1.0;-0.92112005
0.0;-1.50699;-0.9251678
0.0;-1.1;-0.9260101
0.0;-1.505;-0.92908436
0.0;-1.09999;-0.9294963
0.0;-1.0;-0.92882353
0.0;-1.516;-0.9311128
0.0;-1.0;-0.930739
0.0;-1.50599;-0.9328494
0.0;-1.2;-0.93358403
0.0;-1.1;-0.9335623
0.0;-1.50599;-0.93534434
0.0;-1.0;-0.934822
0.0;-1.517;-0.9364418
0.0;-1.99999;-0.9392699
0.0;1.999999;-0.91576403
0.0;-1.51699;-0.89653844
0.0;-1.0;-0.89130396
-1.506;-1.51599;-0.8999011
0.0;-1.0;-0.9070084
0.0;-1.505;-0.9182289
0.0;-1.1;-0.92335737
0.0;-1.50599;-0.9289812
0.0;-1.1;-0.9311396
0.0;-0.01197;-0.9219636
0.0;-1.0;-0.91817874
0.0;-1.50599;-0.9224643
0.0;-1.1;-0.9257387
0.0;-1.0;-0.92783034
0.0;-1.51699;-0.9319821
0.0;-1.506;-0.935449
0.0;-1.1;-0.93668103
0.0;-1.99999;-0.93988895
0.0;-1.0;-0.93992084
0.0;-1.514;-0.9410886
0.0;-1.0;-0.940718
0.0;-1.51599;-0.9415678
0.0;-1.0;-0.94108355
0.0;-1.516;-0.94185716
0.0;-1.0;-0.94136584
0.0;-1.51599;-0.94210637
0.0;-1.0;-0.94161946
0.0;-1.51599;-0.9423327
0.0;-1.0;-0.94183946
0.0;-1.506;-0.94250894
0.0;-1.1;-0.9423144
0.0;-1.99999;-0.9438092
0.0;-1.504;-0.9444758
0.0;-1.1;-0.9442143
0.0;-1.0;-0.94348615
0.0;-1.50599;-0.9438225
0.0;-1.1;-0.9434672
0.0;-1.0;-0.9427999
0.0;-0.00983;-0.93600047
0.0;-1.1;-0.93261397
0.0;-1.0;-0.9320474
0.0;-0.22596;-0.92484146
0.0;-1.0;-0.9238284
-0.00479;1.0;-0.89086676
-0.0226;0.0;-0.8296406
0.027405;0.0;-0.7535193
-0.0274;0.0;-0.695352
-1.75899;0.0;-0.6424384
1.758999;0.0;-0.7112717
0.0;0.073256;-0.7471503
-0.10257;0.0;-0.75755596
0.0;-1.75899;-0.79002583
0.0;1.758999;-0.74471587
0.0;-1.75899;-0.70337105
-0.07001;0.0;-0.6899969
1.758999;0.0;-0.7525618
0.0;1.758999;-0.7639963
0.0;-1.75899;-0.60515773
0.0;-1.0;-0.56289494
0.0;-1.0;-0.6727486
0.0;-1.75799;-0.80355406
0.0;-1.0;-0.8563688
0.009982;0.0;-0.8525703
0.0;-1.75899;-0.8702407
1.758999;0.0;-0.8701227
0.0;-1.0;-0.8669504
0.0;-1.75899;-0.8782198
-1.75899;0.0;-0.84139836
1.200999;0.0;-0.8055941
0.000987;0.0;-0.7528356
0.103125;0.0;-0.6935334
0.0;-0.17488;-0.64591736
0.0;0.17488;-0.61172265
0.0;-1.20099;-0.63748765
0.0;-1.0;-0.73208505
0.0;-1.20099;-0.81584686
0.0;-1.0;-0.8564266
-0.10312;-1.20099;-0.87937933
1.200999;0.0;-0.87538445
0.0;-1.1;-0.87443477
0.0;-1.20099;-0.8796646
0.0;-1.1;-0.8867815
0.0;1.1;-0.8220364
0.0;1.211;-0.69599926
0.0;-1.222;-0.5236383
0.0;-1.20099;-0.51316106
0.0;-1.1;-0.64329374
0.0;-1.21199;-0.7741841
0.0;-1.201;-0.8424047
0.009972;-1.09999;-0.87351054
-0.00997;0.0;-0.8621711
0.0;-1.2;-0.867194
0.0;-1.0;-0.8752322
0.0;-1.1;-0.8860832
0.0;-1.18899;-0.8970732
0.0;-1.2;-0.905969
0.0;-1.19999;-0.9126692
0.0;-1.189;-0.9175415
0.0;-1.1;-0.9203508
0.0;-1.99999;-0.92778116
0.0;-1.1;-0.9294069
0.0;-1.2;-0.93077016
0.0;-1.178;-0.93157345
0.0;-1.09999;-0.9316441
0.0;-1.2;-0.93213636
0.0;-1.0;-0.9314258
0.0;-1.09999;-0.9311343
0.0;-1.0;-0.93030113
0.0;-1.188;-0.9307127
0.0;-2.19999;-0.9354116
0.0;-1.1;-0.93585396
0.0;-1.1;-0.93574876
0.0;-2.19999;-0.9390349
0.0;-1.1;-0.93894416
0.0;-1.179;-0.93876386
0.0;-1.09999;-0.93804955
0.0;-1.1;-0.9371914
0.0;-2.2;-0.9398595
0.0;-1.17899;-0.9398942
0.0;-2.2;-0.94224215
0.0;-1.09999;-0.94191504
0.0;-1.1;-0.9412033
0.0;-2.2;-0.94295913
0.0;-1.15699;-0.9426223
0.0;-0.1747;-0.9367695
0.0;-1.0;-0.93263054
0.0;-1.0;-0.9302799
0.0;-2.99999;-0.93592346
0.0;-1.198;-0.93673736
0.0;-1.0;-0.93651855
0.0;-1.20099;-0.9368151
0.0;-1.0;-0.93616444
0.0;-1.20099;-0.9363891
0.0;-1.0;-0.935871
0.0;-1.20099;-0.9363122
0.0;-1.0;-0.9360131
0.0;-1.20099;-0.9366125
0.0;-1.0;-0.93643135
0.0;-1.20099;-0.9370787
0.0;-1.0;-0.93694377
0.0;-1.20099;-0.937618
0.0;-1.0;-0.93749744
0.0;-1.20099;-0.9381143
0.0;-1.0;-0.9380557
0.0;-1.20099;-0.93868864
0.0;-1.0;-0.93867326
0.0;-1.20099;-0.93930376
0.0;-1.0;-0.93928826
0.0;-1.20099;-0.9398965
0.0;-1.0;-0.9398814
0.0;-1.20099;-0.9404366
0.0;-1.0;-0.9404524
0.0;-1.20099;-0.9410196
0.0;-1.0;-0.94100624
0.0;-1.20099;-0.94160956
0.0;-1.0;-0.9415905
0.0;-1.20099;-0.94211245
0.0;-1.0;-0.94210213
0.0;-1.20099;-0.94267815
0.0;-1.0;-0.94266313
0.0;-1.20199;-0.9430932
0.0;-1.20099;-0.94354165
0.0;-1.0;-0.94346935
0.0;-1.20099;-0.9437863
0.0;-1.0;-0.94380116
0.0;-1.20199;-0.94400555
0.0;-1.20099;-0.9443351
0.0;-1.0;-0.9442394
0.0;-1.20199;-0.9445124
0.0;-1.20099;-0.944861
0.0;-1.0;-0.9447688
-1.20099;0.0;-0.9398528
1.936;0.0;-0.92557895
0.0;-1.937;-0.9198595
0.0;-1.93599;-0.9274683
0.0;-1.0;-0.9311015
0.0;-1.936;-0.9365955
0.0;-1.0;-0.93734425
0.0;-1.93599;-0.9400615
0.0;-1.0;-0.9396165
0.0;-1.936;-0.941538
0.0;-1.99999;-0.9431578
0.0;-1.0;-0.94242895
0.0;0.000233;-0.9351942
-1.936;-0.00017;-0.9207991
0.0;-1.93599;-0.9221338
0.0;0.000194;-0.90892494
0.0;-1.0;-0.90769047
0.0;-1.93599;-0.9192639
0.0;-1.0;-0.92440647
1.936;0.0;-0.913559
-1.936;-0.00017;-0.88957965
1.936;0.0;-0.86919534
0.0;-1.0;-0.8578173
0.0;1.0;-0.8090129
-1.936;1.938999;-0.6540245
0.0;0.175176;-0.4884759
1.936;0.0;-0.5797008
0.009965;-9.99999;-0.4579889
0.0;-1.2;-0.50692713
0.0;-1.1;-0.6748936
1.935999;0.0;-0.78718704
0.0;-1.93599;-0.8213419
0.0;-1.1;-0.84833777
2.0;0.0;-0.85774565
3.0;0.0;-0.87590146
0.0;1.970999;-0.87357205
0.0;-3.91799;-0.73945546
0.0;-1.0;-0.63531166
0.0;-1.1;-0.6730163
1.935999;0.0;-0.7632594
0.0;-1.93599;-0.80240524
0.0;-1.1;-0.8414984
-1.93599;0.0;-0.81483096
1.935999;-1.936;-0.87499976
0.0;-1.09999;-0.8890601
0.0;-1.2;-0.8952739
0.0;-1.2;-0.8990876
0.0;-1.92299;-0.90939844
0.0;-1.0;-0.90860987
0.0;-1.09999;-0.9079181
0.0;-1.925;-0.9157001
0.0;-1.1;-0.9155481
-1.941;0.0;-0.88895375
0.0;-1.93599;-0.8933427
-0.03098;-1.1;-0.89538056
-1.936;0.0;-0.8639226
0.021019;-0.12331;-0.8151691
-0.01098;0.0;-0.7464033
0.020984;0.0;-0.672307
0.0;-0.01165;-0.61311114
1.935999;0.0;-0.68363273
0.0;-0.03975;-0.69011635
2.0;0.0;-0.7788974
-1.936;-0.2613;-0.74407566
0.0;0.2613;-0.7319123
0.0;-1.93599;-0.735454
0.0;1.935999;-0.700675
1.936;0.0;-0.7629476
4.999999;0.0;-0.81361294
1.933;0.0;-0.8493439
-1.93599;0.0;-0.78417844
1.387999;0.0;-0.7889345
7.999999;0.0;-0.8156853
1.381999;0.0;-0.8411138
1.0;0.0;-0.8436097
1.387999;0.0;-0.8508284
0.0;-1.0;-0.71412194
0.0;1.0;-0.560655
1.0;0.0;-0.51743025
1.0;0.0;-0.552714
1.387;0.0;-0.6509468
1.0;0.0;-0.69587123
1.387999;0.0;-0.7446871
1.0;0.0;-0.75288415
1.387999;0.0;-0.77383506
0.0;-1.0;-0.58417714
0.0;1.0;-0.44665858
1.0;0.0;-0.42316255
1.387999;0.0;-0.52294004
1.0;0.0;-0.59100306
1.388;0.0;-0.6760626
1.0;0.0;-0.7016407
1.387999;0.0;-0.73980856
1.388999;0.0;-0.7709439
1.0;-1.0;-0.66667974
0.0;1.0;-0.57124925
1.387999;-1.0;-0.5057943
1.0;0.0;-0.5309853
1.388;0.0;-0.6244109
0.0;-1.0;-0.4713792
0.0;-9.99999;-0.39552954
0.0;9.999993;-0.5326197
0.0;-1.38899;-0.5527724
0.0;-1.0;-0.64291906
-1.383;0.0;-0.6635561
0.0;1.0;-0.64280677
0.0;-1.38899;-0.63390666
1.387999;0.0;-0.6902755
1.0;-1.0;-0.75475156
1.387999;-1.38799;-0.8285631
-1.38699;0.0;-0.79327494
0.0;-1.0;-0.7871338
3.999999;0.0;-0.817218
1.388;0.0;-0.8603222
-2.77999;-1.388;-0.8318861
-1.395;0.0;-0.7594773
0.0;-9.99999;-0.77971363
0.0;-1.388;-0.8055012
-0.04118;0.0;-0.77961874
0.0;-1.0;-0.7797271
0.0;-1.38799;-0.81211036
0.0;-1.0;-0.83632964
0.0;-2.381;-0.87960726
0.0;1.384;-0.8267041
-0.03;-1.385;-0.78446394
0.0;-2.38099;-0.82169574
0.0;-1.0;-0.84266436
0.0;-2.381;-0.8843881
0.0;7.142999;-0.8354697
0.0;-7.14399;-0.76774466
0.0;-2.381;-0.77825975
0.0;-9.99999;-0.8273026
2.381;0.0;-0.8740206
0.0;-2.38;-0.8753417
0.0;2.38;-0.80257016
0.0;-2.381;-0.6825216
0.0;2.376999;-0.48200616
0.0;-2.381;-0.26935336
