10540,62;11812,95060762;1888336,09040267;10573,15;261,76015505;3726490,30919511;(predicted -> )10573,15
0.5;0.541895;1.0;0.499997;0.527593;1.0;0.3701743483543396
0.5;0.779907;1.0;0.0;0.49875;0.0;0.3859688639640808
1.0;0.472944;0.0;0.5;0.461406;0.0;0.4001156985759735
0.499999;0.423812;0.0;1.0;0.530778;1.0;0.374470591545105
0.5;0.26179;0.0;1.0;0.466506;0.0;0.3546789586544037
0.5;0.737237;1.0;0.499997;0.565191;1.0;0.32852092385292053
0.5;0.573151;1.0;0.499996;0.485999;0.0;0.3312523365020752
0.5;0.173577;0.0;0.499997;0.509691;1.0;0.3159588873386383
0.5;0.431121;0.0;0.499996;0.616002;1.0;0.29416099190711975
0.5;0.416464;0.0;0.499996;0.298887;0.0;0.3011210262775421
0.5;0.676658;1.0;0.499996;0.672612;1.0;0.29505810141563416
0.5;0.829844;1.0;0.499996;0.507;1.0;0.2896108627319336
0.5;0.543526;1.0;0.499997;0.513077;1.0;0.2865986227989197
0.5;0.450535;0.0;0.499996;0.114902;0.0;0.31221452355384827
0.5;0.367273;0.0;0.499996;0.473307;0.0;0.33551737666130066
0.5;0.325051;0.0;0.499996;0.595399;1.0;0.3280993402004242
0.499999;0.739377;1.0;0.499997;0.586689;1.0;0.31569746136665344
0.5;0.267992;0.0;0.499996;0.318689;0.0;0.32555729150772095
0.5;0.611046;1.0;0.262515;0.825852;1.0;0.32100364565849304
0.5;0.489124;0.0;0.0;0.840872;1.0;0.3113929331302643
0.5;0.521166;1.0;1.0;0.428083;0.0;0.32137036323547363
0.5;0.0;0.0;0.0;0.0;0.0;0.35909998416900635
0.5;1.0;1.0;0.499999;0.539655;1.0;0.368660032749176
0.5;0.483132;0.0;0.499998;0.556272;1.0;0.3555229902267456
0.5;0.676381;1.0;0.499999;0.504278;1.0;0.34153541922569275
0.5;0.45343;0.0;0.499972;0.501799;1.0;0.3252095580101013
0.5;0.519684;1.0;0.5;0.694893;1.0;0.31102848052978516
0.5;0.644412;1.0;1.0;0.509205;1.0;0.29972395300865173
0.5;0.170911;0.0;0.0;0.333106;0.0;0.3240970969200134
0.5;0.328409;0.0;0.499997;0.0;0.0;0.36012759804725647
0.5;1.0;1.0;0.499997;1.0;1.0;0.36322832107543945
0.50001;0.478121;0.0;0.499998;0.484613;0.0;0.3728488087654114
0.5;0.499449;0.0;0.5;0.526238;1.0;0.35832294821739197
0.5;0.351761;0.0;0.499997;0.454788;0.0;0.35766932368278503
0.5;0.679699;1.0;0.499997;0.641413;1.0;0.34199607372283936
0.499999;0.488635;0.0;0.0;0.475817;0.0;0.3516242504119873
0.0;0.469189;0.0;0.489562;0.668412;1.0;0.3319038450717926
0.5;0.530052;1.0;0.5;0.489921;0.0;0.3396731913089752
0.5;0.470407;0.0;0.499999;0.450406;0.0;0.35219934582710266
0.5;0.487762;0.0;0.5;0.379854;0.0;0.36471208930015564
0.5;0.529929;1.0;1.0;0.507513;1.0;0.34591957926750183
0.499999;0.472382;0.0;0.499999;0.507365;1.0;0.31821054220199585
0.5;0.262135;0.0;0.499999;0.584415;1.0;0.289206326007843
0.0;0.0;0.0;0.499995;1.0;1.0;0.25081661343574524
0.5;0.489719;0.0;0.499977;0.39034;0.0;0.2535072863101959
0.436652;0.397351;0.0;0.499981;0.316972;0.0;0.2728829085826874
0.0;0.0;0.0;0.499973;0.788733;1.0;0.2573851943016052
0.5;0.74756;1.0;0.49997;0.705572;1.0;0.24674946069717407
0.0;0.0;0.0;0.0;0.370356;0.0;0.26888251304626465
0.5;1.0;1.0;1.0;0.0;0.0;0.3075993061065674
0.0;0.52379;1.0;0.499999;0.705581;0.0;0.3415222465991974
0.0;0.33096;0.0;0.499993;0.272647;0.0;0.37146660685539246
0.501;0.591829;1.0;0.49999;0.884016;1.0;0.36865121126174927
0.598999;1.0;1.0;0.49999;0.789437;1.0;0.35793742537498474
1.0;0.0;0.0;0.499991;0.225775;0.0;0.3715328574180603
0.539298;1.0;1.0;0.0;0.0;0.0;0.41376441717147827
0.516;0.0;0.0;0.499999;1.0;1.0;0.39834970235824585
1.0;0.658496;1.0;0.5;0.0;0.0;0.411581814289093
0.0;0.434499;0.0;0.0;0.673599;1.0;0.39539724588394165
1.0;0.630333;1.0;1.0;0.668988;1.0;0.3677404224872589
0.502;0.473964;1.0;0.5;0.502657;0.0;0.36776605248451233
1.0;0.471496;0.0;1.0;0.02609;0.0;0.3788868188858032
0.500002;0.52718;1.0;1.0;0.948874;1.0;0.3558606505393982
0.500001;0.590836;1.0;0.499906;0.076689;0.0;0.3675258159637451
0.500002;0.445451;0.0;0.499936;0.950618;1.0;0.3499479293823242
0.5;0.539553;1.0;0.49992;0.0;0.0;0.37019798159599304
0.5;0.0;0.0;0.499927;0.786439;1.0;0.35494011640548706
0.5;0.602399;1.0;0.499912;0.672419;1.0;0.33726662397384644
0.5;1.0;1.0;0.499947;0.553008;1.0;0.32646405696868896
1.0;0.237812;0.0;0.499954;0.687414;1.0;0.31726595759391785
0.0;0.84265;1.0;0.499947;0.0;0.0;0.34832918643951416
0.499992;0.34253;0.0;0.49995;1.0;1.0;0.34553274512290955
0.5;0.488239;1.0;0.499945;0.285358;0.0;0.3697131872177124
0.5;0.577019;1.0;0.499932;0.474099;0.0;0.39832803606987
0.0;0.62462;1.0;0.499957;0.742937;1.0;0.3968517780303955
0.546671;0.268208;0.0;0.499996;0.677864;1.0;0.37849271297454834
0.595344;0.543422;1.0;0.499997;0.503436;1.0;0.36310404539108276
0.658911;1.0;1.0;0.499997;0.489208;0.0;0.37669771909713745
1.0;0.676922;1.0;0.499998;0.318986;0.0;0.4030325710773468
0.5;0.0;0.0;0.0;0.035411;0.0;0.4395870864391327
0.54768;1.0;1.0;1.0;0.708573;1.0;0.4327966868877411
0.62715;0.586524;1.0;0.499999;0.932854;1.0;0.40593889355659485
1.0;0.464112;0.0;0.500779;0.123143;0.0;0.40892764925956726
0.501;0.0;0.0;0.5;0.893475;1.0;0.37781453132629395
1.0;0.801545;1.0;1.0;0.0;0.0;0.3777681291103363
0.0;0.274613;0.0;0.0;0.645611;1.0;0.35592755675315857
1.0;0.448481;0.0;0.5;0.341602;0.0;0.35737332701683044
0.5;0.308872;0.0;0.5;0.496678;0.0;0.3593467175960541
0.499999;1.0;1.0;1.0;0.511271;1.0;0.34063154458999634
0.499999;0.0;0.0;0.493999;0.725677;1.0;0.30868685245513916
0.0;1.0;1.0;0.47598;0.411781;0.0;0.31599393486976624
0.5;0.0;0.0;0.0;0.667856;1.0;0.31167903542518616
0.5;0.552571;1.0;0.499983;0.640655;1.0;0.30489686131477356
0.5;0.464382;0.0;0.0;0.071407;0.0;0.33693864941596985
0.499999;0.814816;1.0;0.0;1.0;1.0;0.34831172227859497
0.5;0.187421;0.0;0.5;0.475105;0.0;0.3627137243747711
0.5;0.478589;0.0;0.5;0.563108;1.0;0.3509043753147125
0.5;0.498991;0.0;0.5;0.529321;1.0;0.32862359285354614
0.499999;0.510133;1.0;0.0;0.50898;1.0;0.31816181540489197
0.0;0.092566;0.0;1.0;1.0;1.0;0.28475791215896606
0.290903;0.483093;0.0;0.5;0.070422;0.0;0.2965613603591919
0.5;0.486339;0.0;0.5;0.954455;1.0;0.2878516614437103
0.5;0.54136;1.0;0.5;0.0;0.0;0.3192671835422516
0.210108;0.487055;0.0;0.5;1.0;1.0;0.3143317997455597
0.499999;0.472392;0.0;0.5;0.05051;0.0;0.33566680550575256
0.501;0.655168;1.0;0.5;0.892588;1.0;0.3309955894947052
0.499999;0.468784;0.0;0.5;0.0;0.0;0.35168224573135376
0.5;0.582885;1.0;0.5;0.932497;1.0;0.3435159921646118
1.0;0.465499;0.0;0.499999;0.069683;0.0;0.3603842258453369
1.0;0.72094;1.0;0.5;0.881952;1.0;0.3520644009113312
0.5;0.494279;0.0;0.5;0.480278;0.0;0.35271382331848145
1.0;0.529483;1.0;0.5;0.498437;0.0;0.36260220408439636
1.0;0.678505;1.0;0.5;0.093432;0.0;0.3841090500354767
0.5;0.517134;1.0;0.5;0.352595;0.0;0.4021950364112854
0.0;0.755572;1.0;0.5;0.628613;1.0;0.3904738128185272
0.5;0.514498;1.0;0.5;0.395613;0.0;0.39852696657180786
0.5;0.483919;0.0;0.5;0.700736;1.0;0.38069286942481995
0.5;0.48222;0.0;0.5;0.470938;0.0;0.3784169554710388
0.5;0.5672;1.0;0.5;0.516066;1.0;0.36264148354530334
0.5;0.030999;0.0;0.5;0.523031;1.0;0.3364756405353546
0.5;0.507782;1.0;0.5;0.390699;0.0;0.34382233023643494
0.5;0.950616;1.0;0.5;0.889657;1.0;0.3380495607852936
0.0;0.504182;1.0;0.5;0.695043;1.0;0.3251688480377197
0.5;0.488895;0.0;0.5;0.323463;0.0;0.340103417634964
0.5;0.512202;1.0;0.5;0.050208;0.0;0.37768951058387756
0.5;0.305498;0.0;0.5;0.910073;1.0;0.37233129143714905
0.0;0.613122;1.0;0.0;0.491258;0.0;0.3966861665248871
0.500001;0.333135;0.0;1.0;0.762872;1.0;0.37986788153648376
0.500001;0.488967;0.0;0.5;0.0;0.0;0.3922524154186249
0.499997;1.0;1.0;0.5;1.0;1.0;0.38105788826942444
0.5;0.584748;1.0;0.0;0.516586;1.0;0.37283772230148315
1.0;0.742448;1.0;1.0;0.0;0.0;0.3894505202770233
0.5;0.431467;0.0;0.5;0.501478;0.0;0.4002324640750885
0.5;0.48915;0.0;0.499999;0.5295;1.0;0.3821786642074585
0.0;0.587909;1.0;0.499999;1.0;1.0;0.3498742878437042
0.499999;0.317037;0.0;0.499998;0.0;0.0;0.3587163984775543
0.5;0.53555;1.0;0.499998;1.0;1.0;0.3447323739528656
0.5;0.466239;0.0;0.499998;0.0;0.0;0.3608216643333435
0.5;0.322001;0.0;0.500004;0.905808;1.0;0.3436243236064911
0.5;0.746642;1.0;0.499999;0.422871;0.0;0.3529893755912781
0.5;0.474331;0.0;0.499998;0.714306;1.0;0.3387143015861511
0.5;0.441509;0.0;0.499998;0.29614;0.0;0.34539011120796204
0.5;0.441999;0.0;0.487998;0.107325;0.0;0.3633356988430023
0.5;0.353143;0.0;0.112004;0.262997;0.0;0.3847244083881378
0.5;0.614057;1.0;0.9;1.0;1.0;0.3636431396007538
0.499999;0.592578;1.0;0.499999;0.332445;0.0;0.368116557598114
0.5;0.353384;0.0;0.5;0.484516;0.0;0.37248316407203674
1.0;0.490142;0.0;0.5;0.695487;1.0;0.3543868958950043
1.0;0.361996;0.0;0.499999;0.690471;1.0;0.32772698998451233
0.5;0.459794;0.0;0.5;0.352725;0.0;0.32385602593421936
0.5;0.766789;1.0;0.5;0.134351;0.0;0.3436197340488434
1.0;0.379175;0.0;0.5;0.503248;1.0;0.33796247839927673
0.5;0.341093;0.0;0.5;0.816837;1.0;0.3121630549430847
1.0;0.398194;0.0;0.5;0.182941;0.0;0.31866973638534546
1.0;0.639161;1.0;0.5;0.076119;0.0;0.3429661989212036
1.0;1.0;1.0;0.489632;0.266683;0.0;0.36694011092185974
0.25;0.468271;0.0;0.5;0.50813;1.0;0.3530827462673187
0.33;0.0;0.0;0.489631;0.496295;0.0;0.3457779586315155
0.5;1.0;1.0;0.499999;0.515483;1.0;0.33123430609703064
0.0;0.97217;1.0;0.0;0.680214;1.0;0.32322752475738525
0.5;0.0;0.0;0.0;0.521171;1.0;0.31726300716400146
1.0;0.537079;1.0;1.0;0.532265;1.0;0.3106165826320648
0.5;0.471505;0.0;0.0;0.434553;0.0;0.3302411139011383
1.0;0.538721;1.0;1.0;0.318367;0.0;0.35138601064682007
1.0;0.591783;1.0;0.5;1.0;1.0;0.3460598289966583
0.53;0.488636;0.0;0.0;0.257978;0.0;0.3638980984687805
0.0;0.505206;1.0;0.0;0.936682;1.0;0.35956329107284546
1.0;1.0;1.0;1.0;0.0;0.0;0.37590786814689636
1.0;0.0;0.0;1.0;0.293051;0.0;0.385287344455719
0.0;1.0;1.0;0.0;1.0;1.0;0.3754393458366394
0.5;0.0;0.0;0.5;0.40944;0.0;0.375806987285614
1.0;0.54971;1.0;1.0;0.647057;1.0;0.3562169671058655
1.0;0.577633;1.0;0.0;0.331026;0.0;0.3716084957122803
0.0;0.438747;0.0;0.0;1.0;1.0;0.35647329688072205
0.0;0.48912;0.0;0.0;0.082392;0.0;0.37605422735214233
0.469999;0.400752;0.0;0.0;0.533;1.0;0.371487557888031
0.0;0.641248;1.0;0.0;0.306433;0.0;0.40185439586639404
1.0;0.468955;0.0;1.0;0.504999;1.0;0.3929101228713989
0.619999;0.576307;1.0;0.5;0.689366;1.0;0.37172481417655945
1.0;1.0;1.0;0.5;0.123713;0.0;0.38498440384864807
0.5;0.397542;0.0;0.5;0.346305;0.0;0.39721909165382385
0.5;0.0;0.0;0.499999;0.894293;1.0;0.36910536885261536
0.959999;0.566672;1.0;0.5;0.504016;1.0;0.3446894884109497
0.0;0.277437;0.0;0.0;0.757907;1.0;0.3157575726509094
1.0;0.457501;0.0;1.0;0.283417;0.0;0.3146345317363739
1.0;0.66415;1.0;0.0;0.072715;0.0;0.3477272093296051
1.0;0.345447;0.0;1.0;0.0;0.0;0.37229323387145996
1.0;0.655737;1.0;0.499998;1.0;1.0;0.361598402261734
1.0;0.403662;0.0;1.0;0.693037;1.0;0.33432313799858093
0.0;0.0;0.0;0.0;0.015549;0.0;0.3447452783584595
0.0;0.850386;1.0;0.0;1.0;1.0;0.3398091495037079
1.0;0.717498;1.0;1.0;0.660519;1.0;0.32731807231903076
1.0;0.534437;1.0;1.0;0.613499;1.0;0.3143467903137207
1.0;1.0;1.0;1.0;0.49881;0.6707;0.3092500865459442
0.0;0.273476;0.0;0.0;0.080053;0.0;0.3355471193790436
0.0;0.295311;0.0;0.0;0.57707;1.0;0.33635327219963074
1.0;0.563534;1.0;0.0;0.688242;1.0;0.33796757459640503
0.499999;0.408102;0.0;1.0;0.502078;1.0;0.3236849904060364
0.5;0.632601;1.0;1.0;0.705415;1.0;0.30584290623664856
0.5;0.498503;0.0;0.0;0.0;0.0;0.3341357707977295
0.0;0.480732;0.0;0.0;0.508759;1.0;0.33958691358566284
1.0;0.519716;1.0;1.0;0.0;0.0;0.3651045560836792
1.0;1.0;1.0;0.493999;1.0;1.0;0.3651934266090393
0.0;0.38833;0.0;0.0;0.619967;1.0;0.35092756152153015
1.0;0.643452;1.0;1.0;0.0;0.0;0.3660449981689453
1.0;0.352482;0.0;0.0;0.470774;0.0;0.3882404565811157
0.0;0.666509;1.0;0.5;1.0;1.0;0.37559378147125244
1.0;0.339474;0.0;0.5;0.752308;1.0;0.35292166471481323
0.0;1.0;1.0;0.5;0.443819;0.0;0.3617939352989197
1.0;0.0;0.0;1.0;0.266774;0.0;0.37363001704216003
1.0;0.457931;0.0;0.0;0.9997;1.0;0.3652972877025604
0.5;1.0;1.0;1.0;0.661675;1.0;0.3430483341217041
0.5;0.0;0.0;0.0;0.477678;0.0;0.3495473861694336
0.5;0.592589;1.0;0.0;0.497716;0.0;0.3764553368091583
0.51034;0.542357;1.0;0.0;0.036461;0.0;0.4234975278377533
0.5;0.474303;0.0;0.0;0.5772;1.0;0.4289465844631195
0.5;0.470224;0.0;1.0;0.552376;1.0;0.40018099546432495
0.5;0.340999;0.0;0.0;0.103452;0.0;0.4083540141582489
1.0;0.622685;1.0;1.0;0.934846;1.0;0.38548749685287476
0.0;0.51261;1.0;0.0;0.068026;0.0;0.4060550034046173
0.0;0.544367;0.0;0.0;0.904773;1.0;0.3951089084148407
1.0;0.445861;0.0;0.0;0.035536;0.0;0.41791531443595886
0.0;0.419225;0.0;0.0;0.76777;1.0;0.4044259190559387
0.5;0.0;0.0;0.0;0.612384;1.0;0.3775574266910553
1.0;0.905147;1.0;1.0;0.07933;0.0;0.3803401291370392
1.0;0.992329;1.0;0.5;0.458496;0.0;0.3920956552028656
0.0;0.465116;0.0;0.0;1.0;1.0;0.37086015939712524
1.0;0.567548;1.0;1.0;0.508307;1.0;0.34409576654434204
0.5;0.569064;1.0;0.0;0.50653;1.0;0.3304309546947479
1.0;0.46374;0.0;1.0;0.0;0.0;0.34233471751213074
0.0;0.080801;0.0;0.5;0.493642;0.0;0.34779495000839233
1.0;0.029399;0.0;0.0;0.498721;0.0;0.36236992478370667
1.0;0.941926;1.0;0.67;0.746992;1.0;0.35283783078193665
0.0;0.161833;0.0;1.0;1.0;1.0;0.30900439620018005
1.0;0.731868;1.0;1.0;0.0;0.0;0.31025052070617676
0.5;1.0;1.0;1.0;0.690825;1.0;0.29678016901016235
1.0;0.0;0.0;1.0;1.0;1.0;0.2761955261230469
1.0;0.491324;1.0;1.0;0.0;0.0;0.2924709916114807
1.0;0.546178;1.0;0.0;0.979115;1.0;0.2975039780139923
0.0;1.0;1.0;0.0;0.734491;1.0;0.3020371198654175
1.0;0.0;0.0;0.0;0.504877;1.0;0.30940839648246765
1.0;0.008288;0.0;0.84;0.0;0.0;0.33693888783454895
1.0;0.740327;1.0;1.0;0.0;0.0;0.36647820472717285
1.0;1.0;1.0;0.5;1.0;1.0;0.3648620843887329
0.43;0.0;0.0;1.0;0.254235;0.0;0.3642509877681732
1.0;1.0;1.0;1.0;0.666623;1.0;0.3471772074699402
1.0;0.0;0.0;1.0;0.0;0.0;0.3537197411060333
1.0;1.0;1.0;1.0;0.480841;0.0;0.35696232318878174
0.0;0.0;0.0;0.0;0.0;0.0;0.3779947757720947
1.0;0.437627;0.0;1.0;1.0;1.0;0.35936322808265686
0.5;0.428917;0.0;0.5;0.734795;1.0;0.3271927237510681
0.0;1.0;1.0;1.0;0.275148;0.0;0.3252747356891632
0.5;0.0;0.0;0.49;0.52514;1.0;0.3110382854938507
0.5;0.459057;0.0;0.0;0.691969;1.0;0.29913634061813354
0.5;0.484549;0.0;0.2;0.54826;1.0;0.2901003658771515
0.0;1.0;1.0;0.499999;0.681799;1.0;0.2839004695415497
0.799999;0.588736;1.0;0.0;0.29553;0.0;0.3236669600009918
0.909999;0.462064;0.0;0.0;0.728169;1.0;0.34150001406669617
1.0;0.51456;1.0;0.5;0.091403;0.0;0.376555472612381
0.0;0.0;0.0;0.0;0.307443;0.0;0.4067246615886688
0.739999;0.371716;0.0;1.0;0.528989;1.0;0.3935774266719818
0.56;1.0;1.0;0.0;0.70551;1.0;0.37905851006507874
0.539999;0.531608;1.0;0.0;0.515123;1.0;0.3696536719799042
0.51;0.130901;0.0;0.899999;0.676843;1.0;0.3443932831287384
1.0;0.539321;1.0;0.499999;0.091697;0.0;0.3606756329536438
1.0;0.484405;0.0;0.5;0.914001;1.0;0.35392963886260986
1.0;0.567981;1.0;1.0;0.230298;0.0;0.36324915289878845
1.0;0.0;0.0;0.500004;0.584649;1.0;0.3525488078594208
1.0;0.512135;1.0;0.5;0.501499;1.0;0.33958062529563904
0.0;1.0;1.0;0.0;0.462416;0.0;0.35688406229019165
1.0;0.448933;0.0;1.0;0.2775;0.0;0.3731718361377716
0.0;0.0;0.0;0.0;0.959662;1.0;0.3539712131023407
0.5;0.48328;0.0;0.0;0.0;0.0;0.3744576573371887
0.5;1.0;1.0;0.0;1.0;1.0;0.3762822449207306
1.0;0.53211;1.0;0.0;0.227625;0.0;0.4066225588321686
0.499999;0.0;0.0;0.5;0.349672;0.0;0.4217899441719055
0.0;0.462551;0.0;0.0;0.307536;0.0;0.438491553068161
0.0;1.0;1.0;0.0;0.67229;1.0;0.4356626570224762
1.0;0.0;0.0;0.0;0.167872;0.0;0.4514182209968567
1.0;0.530631;1.0;1.0;0.166894;0.0;0.4591372609138489
1.0;0.0;0.0;0.0;1.0;1.0;0.4300207495689392
1.0;0.783465;1.0;0.0;0.808895;1.0;0.4016833007335663
0.0;1.0;1.0;0.0;0.059977;0.0;0.42279288172721863
0.5;0.0;0.0;1.0;0.287551;0.0;0.4277803301811218
1.0;1.0;1.0;1.0;0.939823;1.0;0.4055916965007782
1.0;0.0;0.0;0.499999;0.657269;1.0;0.37407562136650085
1.0;0.478139;0.0;1.0;0.0;0.0;0.3707040250301361
1.0;0.46171;0.0;1.0;0.309829;0.0;0.3681851923465729
0.0;1.0;1.0;1.0;1.0;1.0;0.33617687225341797
0.5;0.0;0.0;1.0;0.5022;1.0;0.2990685701370239
0.5;0.526378;1.0;0.23;0.480309;0.0;0.303888738155365
0.0;1.0;1.0;0.0;0.5181;1.0;0.31172317266464233
1.0;0.372359;0.0;1.0;0.240248;0.0;0.33145299553871155
1.0;0.0;0.0;1.0;0.730943;1.0;0.32290148735046387
1.0;1.0;1.0;0.0;0.496021;0.0;0.3416804075241089
1.0;0.495971;1.0;0.0;0.533787;1.0;0.34823063015937805
0.5;0.575435;1.0;0.5;0.486677;0.0;0.3650459349155426
0.5;0.0;0.0;0.5;0.290089;0.0;0.3805723190307617
0.5;0.47847;0.0;0.499999;0.34313;0.0;0.3918776214122772
0.5;0.542876;1.0;0.5;0.496168;0.0;0.4029351770877838
0.5;1.0;1.0;0.5;0.887509;1.0;0.3889830708503723
0.5;0.0;0.0;0.5;0.499221;0.0;0.38303062319755554
0.5;0.860638;1.0;0.5;0.486356;0.0;0.391300767660141
0.5;1.0;1.0;0.5;0.52562;1.0;0.3818546533584595
1.0;0.648991;1.0;1.0;0.474312;0.0;0.3818683624267578
1.0;0.426799;0.0;0.0;0.534788;1.0;0.3732775151729584
0.0;0.954953;1.0;0.0;0.503099;1.0;0.3653888404369354
1.0;0.0;0.0;1.0;0.461708;0.0;0.36482539772987366
1.0;1.0;1.0;0.0;0.501754;1.0;0.36307233572006226
0.0;0.766172;1.0;0.0;0.516649;1.0;0.35932907462120056
1.0;0.0;0.0;1.0;0.377816;0.0;0.3648067116737366
0.5;0.511508;0.0;1.0;0.611478;1.0;0.3435198962688446
1.0;0.556745;1.0;1.0;0.477642;1.0;0.32221660017967224
1.0;1.0;1.0;0.0;0.502699;1.0;0.31622472405433655
1.0;0.0;0.0;0.0;0.018769;0.0;0.3488919734954834
0.5;0.585662;1.0;0.199999;0.848771;1.0;0.3522777855396271
0.0;1.0;1.0;0.0;0.435816;0.0;0.3821726143360138
0.5;0.0;0.0;0.01;0.143475;0.0;0.42141419649124146
0.5;0.411164;0.0;0.12;0.875391;1.0;0.41712525486946106
0.0;1.0;1.0;0.0;0.446077;0.0;0.44213980436325073
1.0;0.0;0.0;1.0;0.540089;1.0;0.42409002780914307
0.5;1.0;1.0;0.25;0.248136;0.0;0.4368087947368622
0.5;0.0;0.0;0.75;0.729637;1.0;0.40794670581817627
0.5;0.51605;1.0;0.5;0.640699;1.0;0.3769524395465851
0.0;1.0;1.0;0.0;0.0;0.0;0.4036653935909271
0.299999;0.0;0.0;0.499999;0.524499;1.0;0.3949069380760193
0.0;0.507643;1.0;0.5;0.73412;1.0;0.3768986761569977
0.5;1.0;1.0;0.0;0.8609;1.0;0.37179630994796753
0.5;0.0;0.0;0.0;0.10792;0.0;0.40450432896614075
0.0;0.376637;0.0;0.0;0.472545;0.0;0.43500185012817383
0.5;1.0;1.0;0.0;0.497441;0.0;0.4728875756263733
1.0;0.439505;0.0;1.0;0.543348;1.0;0.4588613510131836
0.500001;0.0;0.0;0.0;0.284552;0.0;0.4608164131641388
0.500001;0.537767;1.0;0.45;0.894259;1.0;0.4313599467277527
0.500001;1.0;1.0;0.369999;0.282008;0.0;0.43449661135673523
0.999685;0.0;0.0;0.0;0.917204;1.0;0.41302743554115295
1.0;0.543617;1.0;1.0;0.372495;0.0;0.4057321846485138
1.0;0.466931;0.0;1.0;0.612888;1.0;0.3782130181789398
1.0;1.0;1.0;0.5;0.07323;0.0;0.38257575035095215
1.0;0.0;0.0;0.0;0.718104;1.0;0.36866435408592224
1.0;0.51777;1.0;1.0;0.0;0.0;0.3762291669845581
0.499999;0.451223;0.0;0.5;0.530247;1.0;0.35712605714797974
1.0;1.0;1.0;0.499999;0.89513;1.0;0.335436075925827
0.0;0.0;0.0;0.5;0.88212;1.0;0.29811108112335205
1.0;0.370137;0.0;0.5;0.792479;1.0;0.27597367763519287
0.5;1.0;1.0;0.5;0.50189;1.0;0.26777008175849915
1.0;0.526387;1.0;0.5;0.496092;1.0;0.270573228597641
0.0;0.480929;0.0;1.0;0.48621;0.0;0.2792782783508301
0.5;0.0;0.0;0.499999;1.0;1.0;0.26850149035453796
0.5;0.489361;0.0;0.499999;0.8456;1.0;0.25563421845436096
0.5;1.0;1.0;0.5;0.118698;0.0;0.2846345901489258
0.5;0.543558;1.0;0.5;0.691132;1.0;0.29435375332832336
0.979999;0.0;0.0;0.5;0.482173;0.0;0.31718188524246216
0.0;1.0;1.0;0.0;0.757959;1.0;0.32816237211227417
0.0;0.459233;0.0;0.0;0.062721;0.0;0.36664608120918274
1.0;0.524564;1.0;1.0;0.759785;1.0;0.3667376935482025
0.5;0.0;0.0;0.5;0.445637;0.0;0.3724043369293213
0.0;1.0;1.0;0.0;0.087044;0.0;0.41087228059768677
1.0;0.0;0.0;0.5;0.526411;1.0;0.40754783153533936
1.0;0.562986;1.0;0.0;1.0;1.0;0.39291760325431824
0.0;0.573582;1.0;0.5;0.542704;1.0;0.3724437654018402
0.0;1.0;1.0;0.25;0.0;0.0;0.40221264958381653
0.0;0.543798;1.0;0.0;1.0;1.0;0.4095405638217926
1.0;0.54738;1.0;0.499999;0.294389;0.0;0.43660932779312134
0.0;0.436511;0.0;0.5;0.300807;0.0;0.45864754915237427
0.829999;0.528626;1.0;0.499999;0.452463;0.0;0.4756850004196167
0.0;0.0;0.0;0.5;0.297273;0.0;0.4806288480758667
1.0;0.551833;1.0;1.0;0.684875;1.0;0.45112231373786926
1.0;1.0;1.0;0.5;1.0;1.0;0.4167642593383789
1.0;0.029333;0.0;1.0;0.0;0.0;0.40960532426834106
0.0;0.504954;1.0;0.0;0.962078;1.0;0.3848568797111511
0.5;0.0;0.0;0.5;0.680047;1.0;0.349515825510025
0.5;1.0;1.0;0.0;0.557339;1.0;0.33612099289894104
1.0;0.618005;1.0;0.0;0.019604;0.0;0.3719581067562103
0.0;0.0;0.0;0.5;0.522446;1.0;0.36558669805526733
1.0;1.0;1.0;0.5;0.897658;1.0;0.3542841374874115
0.0;0.525779;1.0;0.5;0.755598;1.0;0.3368498682975769
0.5;0.0;0.0;0.5;0.03453;0.0;0.3567141592502594
0.5;0.371892;0.0;0.5;0.72311;1.0;0.349089115858078
0.5;1.0;1.0;0.5;0.4918;0.0;0.3643631935119629
0.5;0.280032;0.0;0.0;0.074513;0.0;0.40001174807548523
1.0;0.0;0.0;1.0;0.697041;1.0;0.38829559087753296
1.0;0.955482;1.0;0.0;0.537441;1.0;0.3777400851249695
0.069999;1.0;1.0;0.5;0.243252;0.0;0.3932235836982727
0.889999;0.0;0.0;0.5;0.0;0.0;0.4190829396247864
0.0;0.471373;0.0;1.0;1.0;1.0;0.3911374509334564
0.0;1.0;1.0;0.0;0.0;0.0;0.41493546962738037
1.0;0.0;0.0;0.5;0.770246;1.0;0.4030766487121582
0.549999;0.507502;1.0;0.5;0.443685;0.0;0.4098037779331207
0.79;1.0;1.0;0.5;0.970915;1.0;0.39786410331726074
1.0;0.0;0.0;1.0;0.0;0.0;0.40443137288093567
0.5;0.674517;1.0;0.5;0.489499;0.0;0.41311749815940857
0.510418;1.0;1.0;0.5;0.09474;0.0;0.43495240807533264
1.0;0.55027;1.0;0.5;0.91428;1.0;0.4221431314945221
0.0;0.390927;0.0;0.5;0.487578;0.0;0.41406312584877014
1.0;0.0;0.0;0.5;0.259427;0.0;0.4163118600845337
1.0;0.495221;0.0;0.719999;0.747093;1.0;0.39058852195739746
1.0;1.0;1.0;1.0;0.5149;1.0;0.3594073951244354
0.799999;0.0;0.0;0.5;0.48967;0.0;0.3492351770401001
1.0;0.424374;0.0;0.5;0.293929;0.0;0.35327744483947754
