<OPEN>;<HIGH>;<LOW>;<CLOSE>;(predicted -> )<LOW>
0.355;0.616299;0.302;0.26;0.4378655
0.225999;0.318;0.4444;0.732999;0.7311576
0.728999;0.436599;0.778599;0.5277;0.47351056
0.491;0.483399;0.508;0.498299;0.5232402
0.511;0.415;0.599;0.497;0.47913724
0.505099;0.648899;0.409999;0.592999;0.70009613
0.590899;0.5891;0.585;0.45;0.57939523
0.448999;0.445999;0.503;0.602999;0.6872975
0.605;0.540999;0.527999;0.524;0.6354266
0.522999;0.594999;0.5037;0.597;0.74342126
0.596;0.489;0.645299;0.533999;0.63329124
0.536;0.634999;0.551;0.565;0.73382044
0.552;0.7636;0.608999;0.629999;0.88514173
0.644999;0.445899;0.274;0.325;0.56804353
0.320999;0.407299;0.308;0.100999;0.29867822
0.101;0.0842;0.372;0.677999;0.55754566
0.686;0.496;0.701;0.496;0.39623612
0.491999;0.603999;0.42;0.512;0.5389505
0.508;0.524999;0.504199;0.636;0.6607988
0.635999;0.612;0.5226;0.431999;0.5292677
0.434;0.368;0.067199;0.258;0.35937512
0.565999;0.631999;0.9328;0.741999;0.54420465
0.434;0.368;0.067199;0.258;0.3772446
0.224999;0.483999;0.700199;0.570999;0.5550199
0.603999;0.384;0.7288;0.538;0.43927664
0.5058;0.813;0.535599;0.849999;0.9488025
0.9052;0.71;0.726399;0.669;0.7780128
0.657;0.522199;0.621;0.408;0.55717164
0.397999;0.5198;0.4905;0.409999;0.59988135
0.408999;0.296799;0.459499;0.445999;0.5330899
0.444;0.397199;0.427999;0.545;0.60934657
0.536;0.579;0.582;0.484999;0.59208804
0.519999;0.8667;0.538;0.832999;1.0402255
0.808;0.5743;0.690999;0.371;0.5831116
0.374;0.531999;0.198999;0.77;1.00457
0.780999;0.494;0.95;0.411;0.5162441
0.394;0.378;0.521999;0.559999;0.645236
0.520099;0.728;0.5468;0.606;0.8340531
0.648899;0.616999;0.612199;0.677999;0.8694955
0.689999;0.8345;0.648;0.8621;1.1209154
0.85;0.5805;0.8761;0.5409;0.7550099
0.552;0.564;0.144599;0.425899;0.76434696
0.423;0.315999;0.8903;0.500099;0.57071084
0.485999;0.5991;0.390999;0.463999;0.6896191
0.465;0.6349;0.545999;0.733;0.94800824
0.698999;0.469;0.454999;0.378999;0.60242796
0.41;0.417999;0.4475;0.475;0.61091715
0.484999;0.457999;0.417099;0.2244;0.35919183
0.216;0.34;0.5354;0.521599;0.51979506
0.704999;0.527999;0.480999;0.666999;0.606268
0.497;0.631499;0.544;0.511;0.6500178
0.504999;0.5739;0.562999;0.524999;0.66857123
0.542;0.5765;0.564;0.655999;0.78929895
0.639;0.4906;0.569;0.405;0.5479538
0.405;0.517499;0.512999;0.545;0.68554366
0.562999;0.397999;0.585999;0.548;0.6082528
0.49;0.701;0.525;0.609;0.81703746
0.648;0.519;0.561999;0.613;0.7588857
0.613999;0.522999;0.286;0.263999;0.47910893
0.264;0.288;0.390999;0.387;0.44281715
0.387999;0.509999;0.4087;0.5441;0.6048211
0.565999;0.394999;0.798299;0.4939;0.42463624
0.4788;0.595;0.097;0.18;0.33602202
0.172199;0.234499;0.375;0.385999;0.33924365
0.372999;0.483899;0.43;0.565;0.531716
0.501;0.3646;0.626999;0.546999;0.46420926
0.623999;0.911;0.58;0.5242;0.6290459
0.53;0.109999;0.550999;0.4838;0.36939317
0.494;1.0;0.503;1.0;1.1191361
0.997;0.520499;0.803;0.309999;0.40624672
0.311;0.4061;0.549999;0.5887;0.6414049
0.600999;0.5152;0.422;0.506299;0.619457
0.491;0.4587;0.455999;0.4714;0.580565
0.474;0.369;0.5947;0.4656;0.48507386
0.431599;0.719999;0.360299;0.634999;0.82623446
0.6644;0.530999;0.5904;0.371;0.51150405
0.381;0.38;0.396599;0.4418;0.5252623
0.347;0.443999;0.494;0.575199;0.66552246
0.661;0.572;0.625;0.387;0.45519406
0.444;0.390999;0.544;0.566;0.5448037
0.528999;0.42;0.538999;0.518999;0.52670026
0.508;0.905;0.506;0.881999;1.0671356
0.873999;0.601999;0.729;0.536;0.7007384
0.552;0.478;0.477999;0.402;0.5725243
0.386;0.472;0.5503;0.555;0.68654054
0.527999;0.536999;0.5287;0.4696;0.64330333
0.4932;0.392;0.5396;0.5274;0.6119632
0.525799;0.852999;0.4354;0.831;1.0726862
0.831;0.685;0.819099;0.698;0.8901053
0.707;0.578;0.6459;0.463999;0.680972
0.467999;1.0;0.555999;1.0;1.3433568
1.0;1.0;1.0;0.9437;1.2638204
0.942;0.345999;1.0;0.458;0.6460556
0.609499;1.0;0.390999;0.708999;1.1299797
0.5715;0.378899;0.510999;0.552;0.91060334
0.695999;1.0;0.492;1.0;1.3868027
0.966;0.545999;0.592999;0.0;0.38749063
0.0;0.166;0.547;0.6301;0.68826014
0.611;0.039999;0.665999;0.435899;0.32221907
0.433999;1.0;0.481;1.0;1.1507877
1.0;0.599999;0.415399;0.0;0.23106569
0.0;0.0;0.0471;0.441699;0.38385624
0.397999;0.509;0.587499;0.468299;0.41792923
0.493;0.4936;0.55;0.686999;0.604386
0.692;0.5334;0.885999;0.59;0.49013132
0.475;0.431999;0.517;0.421999;0.4573264
0.539;0.661999;0.357999;0.509;0.61327153
0.521999;0.583;0.658;0.494;0.5855971
0.481;0.356999;0.3342;0.471;0.5514943
0.469999;1.0;0.611699;1.0;1.2028778
1.0;0.701999;1.0;0.5628;0.73172385
0.573999;0.258;0.6971;0.459199;0.51915133
0.458999;0.351999;0.518899;0.515;0.57963663
0.527;0.772;0.4482;0.6844;0.9089046
0.664999;0.976999;0.6698;1.0;1.3005905
1.0;1.0;1.0;0.901;1.2065479
0.878;0.532999;0.667399;0.411999;0.7341259
0.391999;0.338;0.327;0.184699;0.48855776
0.219999;0.183;0.537599;0.593299;0.6240004
0.471;0.454;0.527;0.474;0.60986066
0.582;0.611;0.3297;0.370699;0.5430051
0.385999;0.650999;0.6083;0.8553;0.9713867
0.852;0.881;0.815999;0.705999;0.9191909
0.720999;0.596;0.6927;0.657;0.85478806
0.615;0.888999;0.560299;0.791799;1.158426
0.814999;0.405999;0.899;0.5532;0.73145115
0.295;0.149;0.359999;0.250999;0.50378525
0.582999;1.0;0.5548;1.0;1.1801593
1.0;0.0;0.4038;0.0;-0.0072098374
0.0;0.0;0.3523;0.472999;0.20625526
0.424999;1.0;0.5972;1.0;0.98265046
1.0;0.861999;1.0;0.8261;0.84889615
0.957;0.461;0.879;0.6199;0.55153304
0.482999;0.495999;0.519999;0.321999;0.47456557
0.349;0.609;0.477;0.56;0.7524111
0.570999;0.454999;0.451999;0.555999;0.71679586
0.555;0.664;0.628;0.747;0.9260037
0.746;0.636;0.692;0.515;0.7242256
0.501999;0.673999;0.494;0.558;0.85326815
0.594;0.275999;0.497;0.521999;0.6406092
0.628;0.661999;0.308;0.1612;0.37971818
0.051;0.386;0.375;0.4448;0.59837484
0.467999;0.087;0.063499;0.03;0.010914445
0.0;0.223999;0.1967;0.665799;0.4713171
0.657;0.573;0.8447;0.3162;0.14645243
0.35;0.189;0.5131;0.524999;0.22340351
0.491399;0.610999;0.198999;0.422;0.36732787
0.419599;0.376;0.0;0.0;-0.029849172
0.0;0.0;0.294999;0.466899;0.080993116
0.463999;0.496;0.59;0.417;0.08678669
0.442;0.941;0.478;0.731;0.64276093
0.7821;0.214999;0.795999;0.491;0.21249586
0.2589;0.277;0.356;0.391999;0.29983753
0.7633;0.7223;0.0;0.0;-0.06502038
0.0;0.0;0.381;0.628;0.19582444
0.619999;0.852;0.637999;0.905999;0.6876626
0.857999;0.646999;0.793599;0.5373;0.42742276
0.600999;0.315999;0.1544;0.056199;-0.029376805
0.029;0.06;0.583999;0.5375;0.15506381
0.506999;1.0;0.359;0.9788;0.9409451
1.0;0.7691;1.0;0.8312;0.76336944
0.891999;0.5349;0.819;0.513999;0.46800458
0.444;0.536999;0.5604;0.638;0.716176
0.634999;0.733999;0.723699;0.597999;0.7710212
0.605;0.461;0.5489;0.661;0.8057573
0.454;0.295999;0.545;0.298999;0.5026736
0.372699;0.945999;0.369099;0.719;1.0771164
0.8353;0.694;0.8029;0.909099;1.0860273
0.963999;0.608999;0.5921;0.236899;0.47001475
0.152999;0.222;0.0;0.0;0.22449726
0.0;0.0;0.460999;0.6244;0.42902464
0.631999;0.460099;0.707;0.452599;0.29307538
0.5054;0.641;0.489;0.586;0.5385899
0.582999;0.597999;0.57;0.598999;0.61382735
0.579599;0.53;0.544999;0.526;0.5869978
0.493;0.536999;0.5516;0.604299;0.696873
0.655;0.934999;0.6544;0.9397;1.1186771
0.906999;0.431;0.868;0.468;0.5753123
0.441;0.433999;0.537999;0.476999;0.6228053
0.548999;0.777;0.274999;0.2942;0.6169685
0.259999;0.168999;0.062;0.134799;0.30411118
0.091;0.301;0.484999;0.671599;0.63397074
0.713999;0.444;0.677;0.479399;0.39293104
0.477;0.797999;0.424999;0.853;0.9314188
0.853999;0.501;0.875999;0.451;0.4662388
0.447299;0.467999;0.382;0.363999;0.46214694
0.5107;0.469999;0.425599;0.376;0.39502168
0.126;0.29;0.0;0.0;0.17463946
0.0;0.020999;0.362;0.362;0.16175592
0.48;0.181;0.42;0.448999;0.081247926
0.379999;0.253;0.573;0.471;0.09845281
0.453;0.439;0.506;0.5;0.22074217
0.518999;0.699999;0.226999;0.250999;0.21401876
0.302;0.143;0.0007;0.087499;-0.10064012
0.006999;0.0624;0.298999;0.3785;-0.019904137
0.382;0.486699;0.354799;0.5073;0.18121088
0.527999;0.484899;0.6852;0.465699;0.13455832
0.488;0.351;0.5313;0.526;0.19739652
0.442;0.439999;0.546999;0.428999;0.22292668
0.525199;0.668999;0.218;0.312;0.2755412
0.305599;0.328;0.451;0.427;0.29038125
0.3982;0.319;0.149899;0.113999;0.024693549
0.140999;0.210999;0.3536;0.466999;0.18982524
0.404;0.284999;0.1745;0.047;-0.16968167
0.140999;0.178;0.491;0.568999;0.084959805
0.481999;0.406999;0.556;0.472;0.11430764
0.480699;0.691;0.362499;0.673;0.50874585
0.6743;1.0;0.7805;0.728;0.7320189
0.811999;0.413699;0.710999;0.580999;0.48073465
0.552;0.6983;0.6038;0.6946;0.75775766
0.685;0.854999;0.6852;0.9024;1.0676303
0.878;0.445;0.894999;0.515999;0.6154799
0.543999;0.515999;0.613999;0.542999;0.68642133
0.4479;0.545;0.269;0.4119;0.7188671
0.441099;0.669;0.518999;0.7021;0.96986824
0.81;0.668999;0.637999;0.330799;0.57172114
0.260999;0.146;0.0;0.3482;0.5031296
0.319;0.314999;0.4509;0.043999;0.08809352
0.052999;0.0;0.416599;0.499;0.21362388
0.508;0.497;0.63;0.503999;0.28738314
0.475;0.6146;0.1616;0.216999;0.23801559
0.241;0.2684;0.299399;0.3676;0.24111056
0.359999;0.325799;0.469;0.445399;0.25393003
0.484;0.5022;0.493299;0.616;0.44495398
0.644199;0.627;0.5897;0.444;0.36662155
0.408799;0.308999;0.478999;0.524999;0.4046076
0.475;0.441;0.474;0.454;0.40072286
0.504599;1.0;0.567999;0.980999;1.0683873
0.9634;0.731999;0.951999;0.667;0.75901234
0.677;0.42;0.228;0.069;0.24727964
0.051999;0.222999;0.4222;0.524;0.49424553
0.5575;0.527;0.534799;0.605999;0.59371525
0.578499;0.413;0.616;0.531;0.50322795
0.48;0.454;0.614;0.454;0.4664474
0.497699;0.604999;0.035999;0.048999;0.23616785
0.0593;0.161999;0.0;0.116999;0.10430002
0.112;0.124;0.6526;0.499;0.16175592
0.497;0.384999;0.3297;0.320999;0.08065039
0.298999;0.4345;0.471299;0.695;0.45323008
0.731;0.5135;0.736399;0.521;0.3043645
0.494;0.478999;0.599;0.500999;0.36814296
0.501799;1.0;0.4189;0.966;1.0814049
0.9912;0.902;1.0;0.942;1.0270679
0.923999;0.486999;0.726999;0.368;0.49772495
0.353999;0.3879;0.359999;0.318999;0.4840606
0.342999;0.502099;0.443;0.621;0.752353
0.631;0.369;0.585999;0.515999;0.56284153
0.4915;0.743;0.473999;0.599;0.8050897
0.597499;0.429;0.423999;0.221999;0.39460444
0.231999;0.171999;0.227;0.177;0.19324654
0.165;0.393999;0.296999;0.385999;0.36734873
0.416999;0.542;0.6356;0.828;0.72777206
0.736;0.476999;0.7804;0.544999;0.4995116
0.573;0.455;0.573;0.455;0.43402547
0.5015;0.832999;0.3949;0.7421;0.89255804
0.767499;0.533;0.734899;0.422599;0.5185195
0.399;0.362;0.3626;0.337299;0.4442417
0.347;1.0;0.497399;1.0;1.2411722
1.0;0.534199;1.0;0.4281;0.57336175
0.43;0.3498;0.589999;0.5139;0.6184139
0.34;0.307;0.507;0.315;0.48661613
0.681599;0.841;0.5;0.690999;0.8061626
0.5124;0.387999;0.095999;0.0;0.27229273
0.021;0.010999;0.329;0.367999;0.25561386
0.373;0.698;0.555;0.746;0.7167124
0.744999;0.507;0.707999;0.512;0.47592306
0.484999;0.402;0.547;0.532;0.5047017
0.5099;1.0;0.472999;1.0;1.1866906
1.0;0.74;0.917;0.762999;0.9053805
0.783;0.646999;0.477499;0.099;0.3803783
0.156999;0.188699;0.3515;0.722999;0.7329353
0.658;0.7313;0.863999;0.632799;0.7465043
0.658999;0.446999;0.747999;0.5402;0.60446346
0.510899;0.570999;0.337;0.510999;0.7257574
0.5881;0.6738;0.6079;0.731999;0.9031483
0.687999;0.6817;0.726099;0.663;0.8830973
0.661;0.750499;0.678;0.562999;0.8634844
0.576999;0.692;0.603999;0.47;0.8186945
0.469;0.304;0.521999;0.523999;0.7286229
0.474;0.234;0.535;0.47;0.57919854
0.500799;0.753;0.081299;0.093999;0.4435652
0.116199;0.183;0.444199;0.812;0.7802182
0.771;0.64;0.6155;0.266999;0.3724479
0.259;0.250999;0.372;0.493;0.46708667
0.552999;0.881999;0.491999;0.753;0.8696192
0.747;0.274;0.748;0.526;0.47429883
0.4639;0.4485;0.356999;0.302999;0.38093263
0.323099;0.457499;0.497999;0.457;0.48123384
0.487;0.447;0.496;0.505;0.5021506
0.443899;0.470999;0.216;0.154999;0.27403915
0.1991;0.505;0.449099;0.494;0.5244204
0.5;0.101999;0.5249;0.508;0.3253379
0.372999;0.323;0.429;0.365;0.27504945
0.504;0.611;0.408;0.442;0.37855887
0.512999;0.467999;0.458099;0.451999;0.35862857
0.372999;0.533;0.318899;0.609;0.6287717
0.632;1.0;0.701;1.0;1.1017003
1.0;0.845;1.0;0.6959;0.81918323
0.624;0.256999;0.724999;0.491899;0.54736817
0.524099;1.0;0.6612;0.749;1.022897
0.8509;0.415999;0.777799;0.728;0.8123093
0.658;0.494999;0.0;0.0;0.30946964
0.0;0.0;0.055599;0.018;0.0131421685
0.0;0.063;0.241;0.337;0.07992172
0.385999;0.146999;0.648;0.539;0.07588947
0.508;0.414999;0.564999;0.513999;0.16426975
0.505;0.846;0.453;0.501;0.4392215
0.528999;0.445;0.394999;0.716099;0.61874026
0.6927;0.857999;0.768;0.6539;0.70182616
0.6503;0.756;0.71;0.830399;0.9326019
0.919999;0.953;0.798999;0.8986;1.0546752
0.981;0.412999;0.971;0.588999;0.598351
0.398;0.398;0.64;0.483;0.6502294
0.561;1.0;0.384;1.0;1.3264112
1.0;1.0;1.0;0.471;0.8656391
0.442399;0.118;0.353999;0.341999;0.57630026
0.3476;0.316;0.447;0.7;0.8140423
0.62;0.478299;0.485999;0.116999;0.32463455
0.234999;0.108699;0.462;0.512999;0.39122635
0.473099;0.929;0.56;0.91;1.0181763
0.928899;0.558999;0.788999;0.403999;0.4937225
0.386;0.295999;0.0;0.0;0.14150226
0.0;0.0;0.466;0.741;0.4639917
0.782;1.0;0.8;1.0;0.90523595
1.0;0.378;1.0;0.504;0.35644555
0.521899;1.0;0.423999;0.879999;1.0493093
0.8761;0.466999;0.6476;0.435;0.5548381
0.442;0.521;0.464399;0.570999;0.7177361
0.53;0.561;0.731;0.489;0.63996994
0.588;0.503;0.540999;0.482999;0.5965226
0.402;0.45;0.649;0.695;0.7923105
0.4823;0.603999;0.462;0.493;0.81369513
0.704699;0.808999;0.503;0.786;1.0313966
0.77;0.932;0.811999;0.908999;1.195819
0.96;0.496;0.866;0.446999;0.6340989
0.393;0.593999;0.612;0.52;0.8042299
0.564999;0.347;0.582;0.633;0.78189456
0.558999;0.451;0.617999;0.452999;0.65004313
0.5031;0.943;0.341999;0.931;1.2776055
0.926899;0.916999;0.987;0.878;1.1739948
0.922;0.902999;0.716;0.522999;0.9301805
0.439;0.824;0.389;1.0;1.4903986
1.0;0.583999;0.852999;0.125;0.5460256
0.190999;0.0;0.621;0.4565;0.48956358
0.408999;1.0;0.442;1.0;1.3180459
1.0;0.597999;0.686;0.0;0.34488225
0.0;0.209;0.424999;0.776;0.85459435
0.807;0.964999;0.4662;0.893;1.1589043
0.936999;0.859999;1.0;0.863;1.0603063
0.771999;0.435;0.847;0.601999;0.78335786
0.504;0.383;0.576999;0.383;0.6221988
0.5726;1.0;0.362;1.0;1.3090976
1.0;0.917;1.0;0.899;1.1665919
0.888999;1.0;0.902999;0.976999;1.3155826
1.0;0.899999;0.0;0.0;0.58679515
0.0;0.0;0.704;1.0;0.93746865
1.0;0.298999;1.0;0.6021;0.49101198
0.4793;1.0;0.370899;1.0;1.2672806
1.0;0.905;1.0;0.720499;0.9772473
0.725;1.0;0.828;1.0;1.3279998
1.0;1.0;1.0;1.0;1.3316818
1.0;1.0;0.966999;0.6871;1.1234784
0.0;0.0;0.033;0.312899;0.98812217
1.0;1.0;0.966999;0.6871;0.9091162
0.789999;0.0;1.0;0.605899;0.4722991
0.0;0.0;0.0;0.0;0.25714123
0.2064;1.0;1.0;1.0;1.0514343
1.0;0.219999;0.4428;0.0;0.044296026
0.0;0.885999;0.0;1.0;1.2291157
1.0;1.0;1.0;1.0;1.1880779
1.0;0.197;1.0;0.498999;0.50279284
0.414999;0.530999;0.447;0.545;0.7419356
0.622;0.753999;0.0;0.0;0.3776201
0.0;0.0;0.063;0.586099;0.56206965
0.528999;0.663;0.736499;0.382899;0.41940147
0.502;0.286;0.0;0.0;-0.051694274
0.0;0.0;0.0;0.0;-0.30607796
0.0;0.0;0.831;0.715;-0.016138613
0.0;0.0;0.0;0.0;-0.26077247
1.0;1.0;0.645;1.0;0.3161975
1.0;1.0;1.0;1.0;0.5744257
1.0;1.0;1.0;1.0;0.78105116
1.0;1.0;1.0;1.0;0.94244415
1.0;0.378999;1.0;0.318999;0.28124833
0.762999;1.0;0.937;1.0;0.90030664
1.0;0.606999;0.338;1.0;1.0824077
1.0;1.0;1.0;0.0;0.34245932
0.0;0.445999;0.0;1.0;1.2674265
1.0;0.084;0.9324;0.0;0.041545272
0.0;0.0;0.757;0.890999;0.5575591
0.792;0.499;0.802999;0.49;0.3969633
0.514;1.0;0.079999;1.0;1.2254157
1.0;1.0;1.0;1.0;1.1804752
1.0;1.0;1.0;1.0;1.2207592
1.0;1.0;1.0;1.0;1.2646012
1.0;1.0;1.0;1.0;1.3089173
1.0;0.102999;1.0;0.545999;0.6496512
0.634;1.0;0.0;1.0;1.4208608
1.0;1.0;1.0;1.0;1.3259463
1.0;0.0;1.0;0.0;0.13099843
0.0;0.0;0.0;0.412999;0.42784
0.637;0.0;0.5669;0.0;-0.29871976
0.0;0.0;1.0;0.0;-0.57236016
0.48;0.0;0.0;0.0;-0.7430426
0.0;0.0;0.0;0.0;-0.7333032
0.0;0.0;0.812999;0.0;-0.9494519
0.0;0.0;0.0;0.0;-0.8531785
0.0;1.0;0.542699;1.0;0.4269653
1.0;0.0;1.0;1.0;0.270065
1.0;0.494;1.0;0.494;0.048639715
0.495;1.0;0.235999;1.0;0.9830975
1.0;1.0;1.0;0.0;0.22618854
0.0;0.976;1.0;1.0;1.1455067
1.0;0.0;1.0;0.0;0.031951904
0.503;1.0;0.0;0.4761;0.7646733
0.472999;0.0;1.0;0.507899;0.36294842
0.103999;1.0;0.0;1.0;1.509706
1.0;1.0;1.0;1.0;1.3811553
1.0;0.0;1.0;0.0;0.15463018
0.0;0.0;0.0;0.0;0.059830487
0.0;0.0;1.0;1.0;0.5358645
1.0;0.504999;1.0;0.540999;0.29655927
0.181;0.192999;0.548;0.194;0.19567543
0.340999;1.0;0.082999;1.0;1.197321
1.0;1.0;1.0;1.0;1.1785784
1.0;0.0;1.0;0.0;0.01702094
0.0;0.0;0.0;0.909;0.76995575
0.0;0.0;0.838999;0.314999;0.4373067
0.616;0.0;1.0;0.655999;0.31343037
0.0;0.263999;0.0;0.403;0.60262614
1.0;1.0;0.0;0.608;0.62810564
0.716;0.756499;1.0;0.204999;0.18066251
0.236;1.0;0.569999;0.888999;1.0400975
1.0;0.0;0.0;0.0;-0.08203155
0.0;0.0;0.0;0.0;-0.28614616
0.0;0.0;1.0;0.349;-0.36758995
0.515;0.447;0.933999;0.784999;0.079696715
0.0;1.0;0.0;1.0;1.2328991
1.0;0.0;1.0;1.0;0.7764959
1.0;0.851999;0.835999;0.0;0.12625688
0.0;1.0;1.0;1.0;1.0785141
1.0;1.0;1.0;0.741;0.98884785
0.744;0.0;1.0;0.557999;0.5572998
1.0;0.602;0.0;0.0;0.072882414
0.0;0.0;0.0;0.0;-0.11610752
0.0;1.0;0.0;1.0;1.1250162
1.0;0.573;1.0;0.0;0.100734174
0.0;0.0;0.183;0.2673;0.13767415
0.0;0.0;0.741;0.3357;0.049128473
0.555999;0.548999;1.0;0.747999;0.3702485
0.0;1.0;0.0;0.0;0.6939539
0.0;0.026699;0.406999;0.0;0.24257982
0.0;0.0;0.0;0.475999;0.46533877
0.137;1.0;0.323;1.0;1.3278999
1.0;0.8359;0.0;0.0;0.41961008
0.0;0.0;0.521;0.974;0.80019766
0.21;0.646;0.873999;0.718;1.0094011
1.0;0.8289;0.0;0.0;0.25795782
0.0;0.0;0.823999;0.6698;0.39760405
0.596;1.0;0.0;0.0;0.27110213
0.0;0.0;0.927;1.0;0.6510147
1.0;0.022999;0.2377;0.299999;-0.030883312
0.518999;0.646;1.0;0.945999;0.5187922
0.609;0.216;1.0;0.615;0.3635072
0.600699;1.0;0.0;1.0;1.1444144
1.0;0.0;1.0;0.0;-0.086607695
0.0;0.1959;0.0;0.0;-0.06446606
0.0;0.0;0.0;0.0;-0.28057462
0.0;0.0;0.37;1.0;0.37955725
1.0;0.0;1.0;0.0;-0.6077534
0.927999;0.893;0.402;0.411;-0.29614633
0.013999;1.0;0.222999;1.0;0.89807594
1.0;0.0;1.0;0.0;-0.29710597
0.0;0.772499;0.0;0.0;0.12116516
0.001999;0.0;0.0;0.0;-0.15291786
0.0;0.0;0.0;0.0;-0.370524
0.0;0.0;1.0;0.006;-0.74890316
1.0;0.537999;1.0;1.0;-0.16075438
0.0;1.0;0.0;0.451999;0.66777253
1.0;1.0;0.546;1.0;0.9337627
0.966999;0.6033;0.0;0.0;0.13905549
0.0;0.0;0.466;0.0;-0.26357388
0.0;0.0;0.488999;0.3366;-0.18063104
0.637;0.375999;1.0;0.854999;0.13277465
0.234999;0.331;0.0;0.268;0.2264806
0.872999;1.0;0.665;0.867;0.59802616
0.933999;0.122;0.579999;0.105;-0.24835235
0.0;0.0;0.0;0.0;-0.36164886
0.0;1.0;0.0;0.405;0.4282602
0.066;0.0;0.786999;0.772999;0.4920208
0.64;0.0;1.0;0.133;-0.2095229
0.192999;0.520999;0.547999;0.847999;0.5726331
0.600999;0.959;0.057999;0.399999;0.689035
0.917;0.369;0.0;0.0;-0.11503315
0.0;0.0;0.181999;0.46;0.056111157
0.403999;0.0;0.0;0.0;-0.47784364
0.0;0.6152;1.0;0.844999;0.21980488
1.0;0.369799;1.0;0.743;0.08690143
0.239999;0.3919;0.515;0.515999;0.35082632
0.582999;1.0;0.0;0.023299;0.24762088
0.0;0.0;0.223099;0.4427;0.29843384
0.632;0.865;0.1919;0.149;0.1813271
0.011999;0.0;0.049999;0.0;-0.15748358
0.108;0.736499;0.0;1.0;0.85791135
1.0;0.3695;1.0;0.039;-0.18593287
0.341999;0.662999;0.780999;0.8772;0.50541097
0.796999;0.745;0.0;0.0;0.05692178
0.0;0.0;0.0;0.0;-0.21074033
0.0;0.0;0.0;0.0;-0.43013012
0.0;0.0;0.0;0.0;-0.6262175
0.0;0.0;0.0;1.0;0.13419473
1.0;0.401999;1.0;0.743;-0.081603885
0.59;0.962;0.0;0.428;0.19229287
0.436999;0.564999;0.0;0.0;-0.14978415
0.0;0.0;0.0;0.0;-0.44382727
0.0;0.0;0.0;0.0;-0.6672046
0.0;0.411;0.3064;1.0;0.250242
1.0;1.0;1.0;1.0;0.4429587
1.0;0.0;1.0;1.0;0.26756907
0.698;1.0;0.425;0.431;0.39282674
0.2255;1.0;0.0;1.0;1.2673132
1.0;0.556999;1.0;0.896099;0.9055876
0.851999;0.715;0.0;0.0;0.2680593
0.0;0.0;0.0;0.234;0.15972489
0.0;0.0;0.177999;0.795999;0.5211302
0.789999;0.0;1.0;0.448999;-0.06251848
0.787999;0.787999;0.019899;0.6463;0.2917015
0.3267;1.0;0.0;1.0;1.0753
1.0;1.0;1.0;0.0;0.17746323
0.289999;0.579999;0.593;0.726;0.65117115
0.59;1.0;0.701999;1.0;1.1706882
1.0;0.8269;1.0;0.945;1.0783412
0.444;0.039;1.0;0.438;0.62463963
0.175999;0.474999;0.175999;0.2547;0.753788
0.859;0.974;0.0;0.590299;0.875456
0.859;0.381;0.075899;0.0;0.03897482
0.0;0.091999;0.207;1.0;0.69516534
1.0;0.462;1.0;0.0;-0.24349159
0.0;0.162999;0.0637;1.0;0.6210857
1.0;0.128999;1.0;0.442999;-0.043994844
0.478;0.478;0.282;0.288;0.0025683045
0.0;1.0;0.0;0.818799;0.9979033
1.0;0.336999;1.0;0.0;-0.09871191
0.070999;0.0971;0.0;0.0741;-0.13390398
0.0;0.976999;0.909999;1.0;0.8466133
1.0;0.036999;1.0;0.070999;-0.17945385
0.144999;0.060999;0.890799;0.494;0.03139311
0.390999;0.515999;0.268999;0.3836;0.31808847
0.474;0.473;0.0;0.0;0.041585505
0.0;0.0;0.0;0.040299;-0.15923297
0.332;0.3187;0.621499;0.6516;0.1412862
0.384;0.515;0.6975;0.6841;0.42698318
0.631;0.707999;0.297999;0.115;0.16245031
0.05;0.0;0.69;0.552999;0.23465687
0.545999;0.398;0.394599;0.2916;0.12407982
0.358899;0.629999;0.0;0.513399;0.5180263
0.506099;0.866;1.0;0.7002;0.6968462
0.867;1.0;1.0;1.0;0.99528813
1.0;1.0;1.0;1.0;1.1185849
1.0;1.0;1.0;0.375299;0.7144087
0.256999;0.0;0.802;0.792;0.82974815
0.57;0.298999;0.198;0.243;0.552141
0.081;1.0;0.347999;1.0;1.4924684
1.0;1.0;0.9776;0.885999;1.304216
0.919;1.0;0.913399;1.0;1.4033728
1.0;1.0;1.0;1.0;1.3975748
1.0;0.807;1.0;0.0;0.54428065
0.0;0.0;0.7182;0.89;0.9668418
0.694;0.266999;0.565999;0.125999;0.39995843
0.714999;1.0;0.0;1.0;1.2044379
0.637;1.0;0.866;0.0;0.62021697
0.004;0.0;0.0;0.0;0.3119045
0.0;0.0;0.0;0.642699;0.61844224
0.646999;0.901;0.2192;1.0;1.1083492
0.597999;0.335999;1.0;0.414999;0.5237349
0.243;0.2515;0.228999;0.1139;0.26505077
0.695399;1.0;0.1794;0.253799;0.3168949
0.287599;0.947;0.0;0.0;0.36632055
0.0;0.0;0.0;0.7683;0.6792017
0.687;0.603999;1.0;0.489999;0.37858868
0.413999;0.973999;0.0;1.0;1.200343
1.0;0.243;1.0;0.601999;0.48624063
0.401;0.679;0.468;0.73;0.883218
0.675999;0.610999;0.0;0.0;0.2878272
0.096;0.381;0.0;0.0;0.11573219
0.0;0.02;0.724;1.0;0.5778172
1.0;1.0;0.918999;0.9677;0.77695185
0.753999;0.4604;1.0;0.462499;0.39778733
0.216;0.073;0.789999;0.731999;0.597299
0.725999;0.238;0.0;0.0;-0.026144743
0.239;1.0;0.256999;1.0;1.0025108
1.0;0.615;0.99;0.0;0.061620116
0.0;0.0;1.0;0.635999;0.26346678
0.573999;0.507799;0.213;0.2385;0.2417841
0.217999;0.505099;0.210999;1.0;1.0056071
1.0;0.43;1.0;0.556999;0.4797616
0.616999;0.499;0.0;0.145;0.23218775
0.100999;1.0;0.060999;1.0;1.259362
1.0;0.874;1.0;0.0;0.31363153
0.129999;0.988;0.552;1.0;1.3006338
1.0;0.517;1.0;0.0;0.269992
0.006;0.303999;0.429;0.2496;0.4605689
0.153999;0.0;1.0;0.585;0.45108432
0.686;0.547999;0.444;0.530999;0.591641
0.254;0.898;0.0;0.0;0.63822055
0.061999;0.057999;0.32;0.4701;0.6207132
0.282;0.152999;0.0;0.694899;0.79449797
0.678999;0.405;0.986999;0.146;0.13119662
0.179;0.625999;0.655;0.289;0.3307202
0.0;0.0;0.323;0.487;0.45930827
0.835;0.523;0.6976;0.442599;0.2631747
0.487;0.878999;0.4106;0.506999;0.61565274
0.411999;0.736;0.0;1.0;1.2629294
1.0;1.0;1.0;0.5095;0.79690003
0.911999;1.0;0.6385;1.0;1.146599
1.0;1.0;1.0;1.0;1.1800044
1.0;0.359999;1.0;0.580999;0.6442123
0.426999;0.463999;0.318999;0.314999;0.627526
0.369;1.0;0.329;1.0;1.4031494
1.0;1.0;1.0;0.7538;1.1291735
0.81;0.087;0.0;0.0;0.19758427
0.0;0.0;0.2404;1.0;0.79157287
1.0;1.0;1.0;1.0;0.91109806
1.0;0.492999;1.0;0.499;0.40294462
0.084999;0.396;1.0;1.0;0.94895446
0.813;1.0;0.0;1.0;1.3584042
1.0;1.0;1.0;0.0;0.45169228
0.0;0.0;0.0;0.941399;1.0285594
1.0;1.0;1.0;1.0;1.093904
0.820999;1.0;1.0;0.881799;1.1594646
0.874;0.0;1.0;0.527;0.5239674
0.363;0.472999;0.363;0.3996;0.6722965
0.602999;1.0;0.0;0.0;0.47906125
0.0;0.76;0.406799;1.0;1.323905
1.0;1.0;1.0;1.0;1.287327
1.0;0.804999;1.0;0.748399;1.0331699
0.576;0.313;1.0;0.4285;0.6745272
0.466999;0.012;0.5712;0.135;0.22618407
0.194999;1.0;0.537999;1.0;1.2562268
1.0;0.815999;0.376;0.402999;0.8093857
0.277;0.568;0.894999;0.4298;0.77588195
0.671999;1.0;0.657;1.0;1.3311305
1.0;1.0;1.0;1.0;1.3450512
1.0;1.0;1.0;1.0;1.3832995
1.0;0.353999;1.0;0.397999;0.67950124
0.024999;0.441;0.225999;0.602;1.1728832
1.0;1.0;0.581;1.0;1.3494232
1.0;0.0;0.358;0.0;0.1231187
0.0;0.0;0.158;0.0;-0.10591066
0.0;0.0;0.0;0.0;-0.303585
0.0;0.0;0.0;0.0;-0.4986397
0.0;0.0;0.962999;0.129999;-0.72304225
0.2;1.0;0.609;1.0;0.46033943
1.0;1.0;0.0;0.0;-0.011085629
0.0;0.360999;0.0;1.0;0.84120715
1.0;1.0;1.0;0.8413;0.76201344
0.689;0.536;0.0;0.0;0.18441015
0.0;0.1841;1.0;1.0;0.6427326
1.0;0.545299;1.0;0.482799;0.26265615
0.364199;0.5267;0.0;0.5979;0.68763876
0.0;1.0;0.686;1.0;1.4438846
1.0;0.239;0.829999;0.0;0.25269324
0.0;0.0;0.000599;1.0;0.9480112
1.0;1.0;1.0;0.0546;0.24602348
0.091999;0.382;0.486999;1.0;0.9704181
1.0;0.330999;1.0;0.422;0.34334147
0.227;0.337;0.337999;0.411999;0.5199858
0.585;0.960999;0.0;0.207999;0.5407193
0.449999;0.936;0.0;0.0;0.41578197
0.0;0.0;0.0;0.0;0.02548033
0.0;0.004;0.625;1.0;0.5314731
1.0;1.0;1.0;0.664999;0.4598596
1.0;0.799;1.0;0.552999;0.2933153
0.0;0.0;0.0;0.376;0.42006606
0.619999;1.0;0.0;0.0;0.23627812
0.0;0.0;0.097999;0.09;-0.040454328
0.057;0.764;0.13;1.0;0.95939124
1.0;0.463999;1.0;0.676999;0.4806825
0.203999;0.0;0.0;0.0;0.007628739
0.0;0.0;1.0;0.478;-0.005327821
0.605999;0.616;0.0;0.473999;0.23629153
0.376;1.0;0.416999;1.0;1.0000579
1.0;1.0;1.0;0.3119;0.45169824
0.599999;0.147999;0.0;0.0;-0.10442501
0.0;0.3232;0.0;1.0;0.7855409
1.0;1.0;1.0;0.0;0.028792858
1.0;0.0;1.0;0.549899;-0.315044
0.31;0.195499;0.546;0.5002;-0.03253883
0.587999;0.772999;0.0;0.0;-0.10015732
0.0;0.0;0.0;0.0;-0.32173908
0.0;0.0;0.0;0.0;-0.50485194
0.0;0.0;0.165599;0.0;-0.70506096
0.0;0.0;0.3114;0.7102;-0.20608222
0.713;0.274;1.0;1.0;0.061454713
0.468099;1.0;0.315199;0.0;-0.024510086
0.2188;0.0;0.4485;1.0;0.45512104
1.0;1.0;1.0;1.0;0.68959975
1.0;0.397199;0.233599;0.787899;0.5871185
0.634;0.9201;0.1967;0.0;0.22798562
0.0;0.0;0.0;0.563299;0.42463475
0.514799;0.0;0.808;0.384;-0.039365053
0.428;0.777;0.5365;0.7128;0.48645818
0.804199;1.0;0.245199;1.0;0.9731882
1.0;0.768999;1.0;0.317999;0.33043855
0.408;1.0;0.8147;1.0;1.0650554
1.0;1.0;0.0;0.0;0.4420274
0.0;0.0;0.0;0.0;0.10107839
0.0;0.0;0.963099;0.554899;0.14025056
0.4452;0.439;0.3119;0.308199;0.17580473
0.499799;1.0;0.0;1.0;1.0408692
1.0;1.0;1.0;1.0;1.0301495
1.0;1.0;0.375299;0.0;0.35367095
0.0;0.0;0.302599;1.0;0.8803108
1.0;0.741;1.0;0.5382;0.50197476
0.253;0.0;0.7377;0.165899;0.08813822
0.775999;1.0;0.9183;0.898;0.6699198
1.0;0.522;0.0;0.0852;0.06000781
0.0;0.0;0.0;0.0;-0.17123735
0.0;0.0;0.0;0.54;0.13226652
0.673;0.768;1.0;1.0;0.53112143
0.927;0.922999;0.0;0.744999;0.6948196
0.738999;0.241;1.0;0.465;0.15793228
0.261;0.759;0.0;0.534999;0.6840103
0.738999;0.241;1.0;0.465;0.193631
0.632;0.632;0.0;0.0;-0.05279547
0.0;0.948999;0.955999;1.0;0.8673557
1.0;0.158;0.534;0.194;0.031041443
0.095;1.0;0.519999;1.0;1.1082642
1.0;1.0;1.0;1.0;1.1364155
1.0;0.671999;0.968999;0.192;0.4299783
0.222999;0.218;1.0;0.738;0.6760993
0.399;0.247;0.0;0.0;0.3284731
0.0;1.0;0.0;0.0;0.67191505
0.0;0.0;0.0;0.132999;0.37966752
0.106999;0.015;0.5922;0.033;-0.07279134
0.058999;0.9981;0.0;0.802;0.99810296
0.802;0.0;1.0;0.143999;0.0023269057
0.143999;0.0;0.657299;0.387;0.046686172
0.768;0.709999;0.4587;0.371;0.12214565
1.0;1.0;0.209999;1.0;0.75068706
0.069;1.0;1.0;0.218999;0.72763795
0.218999;0.0;0.190999;0.402;0.6089934
0.402;0.483;0.803;0.801;0.8610093
0.813;0.939999;0.661;0.954999;1.1644461
0.942999;0.554699;0.744999;0.0;0.26350105
0.656199;0.4873;0.713;1.0;0.77515775
0.5998;0.765999;0.0;0.052499;0.48368508
0.007;0.665;0.924999;1.0;1.1342713
1.0;1.0;1.0;1.0;1.2051501
1.0;1.0;0.3888;1.0;1.3814309
1.0;0.754;1.0;0.567;0.8804732
0.476999;0.523999;1.0;1.0;1.1824169
0.632;0.0;0.0;0.0;0.34455144
0.0;1.0;0.329999;1.0;1.3747581
1.0;1.0;1.0;0.876;1.1947283
0.811;0.974999;0.909999;0.909;1.2979949
0.790999;1.0;0.362;0.0;0.7393458
0.0;0.911999;0.558999;1.0;1.6056367
1.0;0.442;1.0;0.0;0.48330212
0.0;0.973999;0.429;0.441;1.1963614
1.0;0.96;0.0;1.0;1.4612012
0.111999;1.0;0.873;0.0;1.1367047
0.0;0.0;0.783999;1.0;1.39151
0.877;0.5802;0.0;0.613;1.1465454
0.991;0.7958;1.0;0.71;0.9077647
0.481999;0.0;0.6105;0.215999;0.33466154
0.102499;0.010599;0.6735;0.4628;0.3783145
0.576999;1.0;0.186299;1.0;1.1615732
1.0;1.0;0.9057;0.681999;0.91762626
0.652;0.0;0.0;0.0;0.083024144
0.0;0.012;0.0;1.0;0.73901796
1.0;0.644999;1.0;0.964999;0.68632
0.965999;0.335999;1.0;0.5;0.20737731
0.1952;0.1952;0.0;0.0;-0.02842462
0.0848;1.0;0.326999;1.0;1.013101
1.0;1.0;1.0;0.332599;0.47236615
0.204;0.689;0.31;1.0;1.2449079
1.0;1.0;0.0;0.0;0.49664462
0.0;0.0;1.0;0.738;0.54340744
1.0;0.528;0.0;0.173;0.059575677
0.0;1.0;1.0;0.671;0.714367
0.671;0.0;0.0;0.195999;0.13125622
0.241999;1.0;0.689;1.0;1.0179796
1.0;1.0;1.0;1.0;1.0726445
1.0;0.747599;0.220999;0.416999;0.68155015
0.412999;0.0;1.0;0.553;0.37719393
1.0;1.0;1.0;1.0;0.80779874
1.0;0.778999;0.0;0.706;0.8443841
0.0;0.382;0.674999;1.0;1.2591474
0.994;0.238999;0.906;0.680999;0.72030956
0.727;1.0;1.0;0.0;0.30461037
0.0;1.0;0.595199;0.950999;1.3228111
1.0;0.0;1.0;1.0;0.94630206
0.866999;0.644999;0.989699;0.644999;0.8566641
0.432;1.0;0.0;1.0;1.5933508
1.0;1.0;0.706;0.0;0.67411
0.0;1.0;1.0;1.0;1.4838883
1.0;1.0;1.0;1.0;1.47421
1.0;0.0;0.0;0.0;0.29751593
0.0;0.0;0.611399;0.674099;0.5615392
0.5146;1.0;0.5155;1.0;1.2252905
1.0;1.0;0.0;1.0;1.3384053
1.0;1.0;1.0;0.0;0.4240104
0.0;0.0;0.119;0.238;0.35848254
0.329999;0.0;0.0;0.0;-0.14037108
0.0;0.0;0.0;0.0;-0.3706268
0.0;0.0;0.947299;0.506;-0.28002775
0.064999;0.0;0.1507;0.513;0.0074588656
1.0;1.0;0.75;1.0;0.4528188
1.0;1.0;1.0;1.0;0.67497873
1.0;1.0;1.0;0.0;0.040292084
0.0;0.0;0.0;1.0;0.813491
1.0;1.0;1.0;0.76;0.73700035
0.873999;0.243;1.0;0.685;0.44576758
0.0;0.717999;0.415;0.799999;1.1917272
1.0;1.0;0.0;1.0;1.3557637
1.0;1.0;1.0;1.0;1.2449079
1.0;0.3108;1.0;0.0;0.16287947
0.0;1.0;0.920899;1.0;1.194916
1.0;0.0;1.0;0.0;0.066094935
0.0;0.0;0.968;0.722999;0.473746
0.783;0.290999;0.403999;0.146;0.099059284
0.022;1.0;0.0;0.0;0.5365797
0.0;0.0;0.0;1.0;1.0442086
1.0;0.075999;0.0;0.0;-0.106763005
0.0;0.0;0.560799;1.0;0.45304084
1.0;1.0;1.0;1.0;0.6815859
1.0;0.091;1.0;0.981999;0.497038
1.0;0.807999;1.0;0.719999;0.5043843
0.582999;1.0;0.0;0.0;0.3655278
0.0;0.0;0.0;1.0;0.91007435
1.0;0.436;1.0;0.0;-0.10161018
0.394;0.0;0.0554;0.0;-0.4578284
0.0;0.0;0.0;1.0;0.35189176
1.0;0.3121;1.0;0.040999;-0.5196682
0.5869;0.4111;0.0;0.987399;0.28305584
0.492099;0.225799;0.0;0.0;-0.30538207
0.0;0.0;0.0;0.0;-0.57334363
0.0;0.0;0.0;0.660799;-0.1475296
0.649;0.694;1.0;0.8079;0.057909727
0.822999;0.180999;0.212999;0.0;-0.64618504
0.0;0.0;0.622;1.0;0.044895053
0.882;0.34;0.747;0.119999;-0.5373156
0.305999;0.305999;0.0;0.0;-0.5885458
0.0;1.0;0.754099;1.0;0.5273887
1.0;0.5407;0.0;0.0;-0.20886427
0.0;0.313199;0.0;1.0;0.66799456
1.0;0.1056;1.0;0.0;-0.4485733
0.0;0.0;0.069;0.399;-0.14264351
0.0;1.0;0.473199;1.0;0.9003886
1.0;1.0;0.7639;0.0;0.13351226
0.0;0.0;1.0;1.0;0.5666443
1.0;0.345999;0.444;0.0;-0.19669002
0.0;0.0;0.0;0.1448;-0.14494276
0.161199;0.0;0.0;0.0;-0.42276895
0.254;0.093999;1.0;1.0;0.09160125
0.4427;1.0;0.363499;0.6901;0.6473818
0.663299;0.8862;0.0;0.0;0.25338018
0.052;0.0;0.0;0.0;-0.1115284
0.0;0.545;1.0;1.0;0.6208607
1.0;1.0;1.0;0.776799;0.6393873
0.673999;0.015;0.0;0.1799;0.07017636
0.215;0.0;1.0;0.2762;-0.19667363
0.0;0.2202;0.201499;0.4726;0.25860155
0.7841;0.985799;0.0;0.9855;0.886757
1.0;1.0;1.0;0.694499;0.6751903
0.677999;0.5;0.240399;0.7379;0.7905238
0.042;1.0;0.323;0.0;0.78562135
0.040999;1.0;0.397999;1.0;1.6289943
1.0;0.0;1.0;0.0;0.2484166
0.472999;0.5177;0.477099;0.487899;0.51988596
0.0;1.0;0.516599;1.0;1.4720404
1.0;1.0;1.0;1.0;1.3922744
1.0;0.442999;0.0;0.0;0.39734924
0.0;0.0;0.442999;0.8892;0.8021706
0.878;0.689999;0.0;0.0;0.13379985
0.0;0.0;0.9213;1.0;0.54242545
0.3086;0.552999;0.0;0.524699;0.7496574
1.0;0.548;1.0;0.0;-0.13760543
0.0;0.495;0.0;0.0;0.037510037
0.0;0.0;0.044999;0.5942;0.33211344
0.701;0.385;0.855;0.3947;0.020619571
0.161;0.879;0.524;0.374099;0.4399293
0.271;0.117899;0.495;1.0;0.8249917
1.0;1.0;1.0;1.0;0.9730288
1.0;0.6534;0.309099;0.0;0.16806507
0.0;0.0;0.0;0.3348;0.24878168
0.366;0.441;0.0;0.0;-0.04341668
0.0;0.0;0.0531;1.0;0.56865597
1.0;0.445999;1.0;0.0;-0.3698281
0.0;0.0;0.4595;0.9483;0.3011667
0.010399;0.725999;1.0;1.0;0.94998413
1.0;0.869799;0.0634;0.516199;0.671094
0.511;0.6297;0.3566;0.0;0.19725347
0.0;0.0;0.3411;0.3977;0.24239057
0.472;0.0;0.0;0.306199;-0.022717476
0.325999;0.913499;0.662999;1.0;0.77892476
1.0;1.0;1.0;1.0;0.8801409
0.0;0.0;0.0;0.0;0.4153111
0.659999;1.0;0.314999;1.0;1.0226989
1.0;1.0;1.0;1.0;1.0295415
1.0;1.0;0.350999;0.501899;0.78729475
0.764;0.0;0.654;0.0;-0.17473912
0.0;0.537199;0.418099;0.305899;0.25270814
0.301;0.0;0.0;0.471;0.2683946
0.951;1.0;0.3196;1.0;0.7682645
0.530999;0.478999;0.905499;1.0;0.8997523
1.0;0.837999;1.0;0.0;0.10490054
0.0;0.0;0.0;0.0;-0.052251577
0.0;0.0;0.0;0.0;-0.24824357
0.0;0.902;0.4915;1.0;0.8346372
1.0;0.0;0.8147;0.3797;0.016137302
1.0;1.0;1.0;0.494;0.091882885
0.033;0.0;0.0;0.085299;-0.033903778
0.0;0.0;0.0;0.2782;0.012888849
0.215;1.0;0.9004;1.0;0.8172118
1.0;1.0;1.0;1.0;0.92488164
0.853999;0.865899;0.0;0.658;0.9619021
1.0;0.4541;1.0;0.494999;0.38225138
0.0;0.0;0.0;0.542;0.62038684
0.0;1.0;0.451;0.947299;1.4044576
1.0;0.0;0.087;0.0;0.0877046
0.0;0.0;0.0;0.0;-0.19500917
0.0;0.0;0.221;1.0;0.44022584
1.0;0.695;1.0;0.0;-0.3440938
0.0;0.0;0.4629;0.7845;0.1768955
0.714399;0.817999;0.337599;0.518;0.31113857
0.5336;1.0;0.613;1.0;0.93552554
1.0;1.0;0.915;1.0;1.0098734
1.0;1.0;1.0;0.178899;0.41374648
0.144999;0.0;0.0;0.664099;0.7236519
0.0;0.0;0.7402;0.0;0.16917223
1.0;1.0;1.0;1.0;0.6729671
1.0;1.0;0.0;0.0;0.20812237
0.0;0.0;0.0;0.0;-0.07343209
0.0;0.0;0.0;0.0;-0.2972207
0.0;0.0;0.3547;0.699;0.088038385
0.798;1.0;0.0;1.0;0.7099607
1.0;0.5728;1.0;0.2299;-0.06406671
0.158999;0.287999;0.0;0.0;-0.18342501
0.0;1.0;0.0;1.0;1.0150158
1.0;0.527;1.0;0.391399;0.2783277
0.406999;0.186999;0.160299;0.1717;0.023321152
0.0584;0.747;0.3225;0.596;0.6454521
0.0;0.078999;0.210499;0.0;0.20204121
0.423999;0.0;0.668999;0.477999;0.036677063
0.576999;1.0;0.576999;1.0;0.8091488
1.0;0.222;0.0;0.0;-0.18670028
0.0;0.245599;0.0;0.0;-0.25616354
0.0;0.0224;0.0;1.0;0.43897563
1.0;1.0;1.0;0.0;-0.25765067
0.0;0.375999;0.0;0.564499;0.32339478
0.296999;0.0;1.0;0.608999;0.14264518
0.7;0.441;0.016;0.0;-0.2766124
0.912999;1.0;0.147999;0.933399;0.41977698
0.037;0.0;0.0;0.0;-0.073892534
0.0;0.0;0.230399;0.370999;-0.06631231
0.269;1.0;0.353999;0.566;0.45662308
0.471999;0.0;0.0;0.2869;0.009936929
0.299;0.046;1.0;0.963099;0.26303166
0.899;0.494;0.882999;0.494;0.021679044
0.501999;1.0;0.191;0.670999;0.61821425
0.757;0.0;0.408;0.51;0.17465436
0.379999;0.0;0.924999;0.578;0.082772315
0.81;0.456;0.0;0.552999;0.19108886
0.411;1.0;0.010399;0.0;0.14299089
0.0;0.0;0.4936;0.588;0.24000192
0.694;0.552999;1.0;0.564999;0.17287219
0.557;1.0;0.486;0.884999;0.83948755
0.897999;0.405;0.279999;0.0;-0.0014147758
0.266;0.483;0.26;0.796199;0.62037045
0.524;0.439999;0.0;0.0;0.09827697
0.0;0.085999;0.616999;0.933999;0.5578422
0.778;0.537999;1.0;0.940299;0.65172994
0.0;0.7693;0.0;0.0;0.66446596
0.741;0.0357;0.835599;0.031;-0.21497673
0.0;0.143;0.468;0.861;0.49139643
0.891999;0.649999;0.589999;0.811999;0.6185659
0.761;1.0;1.0;1.0;0.9684571
0.979999;0.947;1.0;0.688;0.817559
0.986;0.238;0.813;0.546;0.40553892
0.326999;0.513;0.525999;0.542;0.69560194
0.631;1.0;0.209;1.0;1.3230422
1.0;1.0;1.0;0.888999;1.1731544
1.0;0.402999;1.0;1.0;1.0128179
0.707999;1.0;0.888999;1.0;1.3558605
1.0;1.0;1.0;0.237499;0.745567
0.006;0.0;0.306899;0.128399;0.53097093
0.1508;0.497;0.4297;0.4984;0.8533188
0.973199;1.0;0.5574;1.0;1.1849813
1.0;0.449999;1.0;0.677999;0.7453763
0.299;0.299;0.210999;0.0;0.37648016
0.0;0.102099;0.0;0.0;0.15271538
0.155;0.0;0.0;0.0;-0.20767367
0.0;0.0;0.684899;0.575;-0.014368355
0.1253;1.0;0.4706;1.0;0.97458893
1.0;0.814999;0.0;0.0;0.18410319
0.0;0.0;0.576;0.900999;0.5698138
0.849;0.67;0.635999;1.0;0.8209475
1.0;0.665999;0.221;0.0;0.015962958
0.0;0.372;0.610999;1.0;0.74841464
1.0;0.5865;1.0;0.967799;0.7225149
0.887299;0.5129;0.1251;0.0;0.021740139
0.0;0.242599;0.0;0.2682;0.18027508
0.400499;0.369;0.998199;0.791299;0.38211727
0.933;0.67;0.888;0.644;0.33708447
0.645999;0.658999;0.431999;0.593999;0.52709216
0.616;0.469999;0.706;0.647999;0.5470657
0.486999;0.271;0.7822;0.511;0.42757773
0.527;0.451;0.3726;0.3395;0.37226015
0.283799;1.0;0.4602;1.0;1.2216547
1.0;0.748;1.0;0.153999;0.4226544
0.214799;0.372;0.391;0.876999;1.0015973
0.817999;0.575999;0.742999;0.5457;0.72763795
0.575;0.427999;0.0;0.0;0.25545442
0.0;0.0;0.491;0.857199;0.64236754
0.39;0.1668;0.088999;0.0;0.070213616
0.725999;1.0;0.109999;0.1655;0.063791215
0.0;0.459999;0.501;1.0;0.80306315
1.0;0.635999;1.0;0.631599;0.45883143
0.641999;1.0;0.66;1.0;1.0453813
1.0;0.498;0.385999;0.0;0.11911625
0.0;0.0;0.602999;0.611;0.34486586
0.308999;0.42;0.505;0.512999;0.5153083
0.611;0.902;0.0;0.1863;0.45212442
0.028;0.103999;0.444;0.773899;0.7217088
1.0;0.608;0.584;0.0;-0.06990349
0.0;0.147999;0.054999;0.4575;0.2585613
0.360999;0.858;0.0;1.0;1.0478714
1.0;0.489;1.0;0.683499;0.54815644
0.332;0.351999;0.004;0.364999;0.5055123
0.534999;1.0;0.359999;0.495;0.6785535
0.465;0.751;0.908;1.0;1.0419228
1.0;0.526999;0.15;0.463299;0.5669021
0.26;0.948;0.793999;0.0;0.3801518
0.0;0.0;0.443899;1.0;0.9071552
1.0;0.604599;0.7231;0.3789;0.40197307
0.0;0.804;0.459999;0.0;0.5052292
0.484;0.0;0.0;0.195999;0.113690734
0.361999;0.379999;0.623;0.483;0.241498
0.379;0.355;0.0;0.0;-0.05136645
0.0;0.0;0.402;0.2059;-0.173702
0.129;0.637999;0.393;1.0;0.7464864
1.0;0.959;0.672499;0.0;0.05281204
0.304;0.0;0.9385;1.0;0.40099853
0.688699;1.0;0.364;0.3515;0.5070501
0.893299;0.498999;0.082999;0.1067;-0.009847343
0.0;0.994;0.0;0.0;0.38066143
0.0;0.0;0.251;0.488299;0.40901387
0.363;1.0;0.451;0.5107;0.76412493
0.531;0.0;0.448099;0.574399;0.4510262
0.5;0.5468;0.8549;0.4757;0.40161246
0.500999;0.726199;0.0;0.0;0.2066561
0.0;0.0;0.346999;0.937299;0.6828808
0.960999;0.444;0.618;0.026;-0.15421724
0.028;0.066;0.0;0.0;-0.2991057
0.0;0.280999;0.451;0.950999;0.46431655
0.976999;0.591999;1.0;0.591999;0.19315714
0.283;0.365;0.1875;0.2387;0.17709517
0.53;0.647999;0.059499;0.091299;0.015655994
0.0;0.233999;0.506;0.649;0.3701591
0.918999;0.469999;0.484999;0.658;0.29182965
0.648;1.0;0.9278;0.778;0.6256574
0.658;0.156;0.0;0.0;-0.06193286
0.0;0.0;0.527;0.539999;0.11568004
0.605;0.551;0.843299;0.4449;0.087384224
0.417;0.848999;0.3177;0.9191;0.86229825
0.988;0.577;0.275999;0.0;0.020932496
0.0;0.094999;0.027;0.123;-0.037225246
0.204;0.183999;0.432999;0.381;-0.00814414
0.194999;0.0;0.019;0.162499;-0.21696305
0.388999;0.160999;0.659899;0.421499;-0.2685002
0.383;0.548;0.4457;0.5786;0.11379206
0.542;0.639;0.3734;0.342399;0.11713588
0.263999;0.328499;0.293;0.492;0.28100246
0.571899;1.0;0.128299;0.970999;0.9793692
1.0;0.554999;1.0;0.682;0.5343669
0.370999;0.875;0.379;1.0;1.2284184
1.0;0.5296;1.0;0.2222;0.3573277
0.561999;0.354399;0.798299;0.853499;0.6528699
0.576999;0.897;0.126999;0.829599;1.14887
0.812;1.0;0.657;0.916399;1.2557694
0.975999;1.0;1.0;1.0;1.2544954
1.0;0.393;0.8769;0.582999;0.726951
0.586999;1.0;0.6931;1.0;1.3081455
1.0;0.510999;1.0;0.674999;0.8644932
0.763;0.361;0.0;0.0;0.23960257
0.0;0.59;0.0;0.0;0.32829428
1.0;0.409999;1.0;1.0;0.4543566
0.0;0.59;0.0;0.0;0.4661181
0.0;0.0;0.435;0.364999;0.33784145
0.334999;1.0;0.0;0.0;0.38693333
0.0;0.0;0.1071;1.0;0.86528295
1.0;1.0;1.0;0.667;0.65272385
0.564;0.0;1.0;1.0;0.6599062
0.6931;0.358;0.535;0.0648;0.08653039
0.486899;0.57;0.0;0.060199;-0.009267688
0.0;0.214999;0.0;0.0;-0.12461609
0.0;0.0;0.309999;0.757999;0.28834128
0.757999;0.0;0.551;0.296999;-0.2734623
0.296999;0.027;0.346;0.155;-0.48207557
0.093;0.275999;0.381799;0.415;-0.1740343
0.494;0.4792;0.6872;0.877799;0.29425555
0.548;0.409099;0.0;0.0;-0.1468218
0.0;0.0;0.180999;0.262999;-0.1709125
0.239;0.813;0.4808;0.804;0.5313092
0.774999;0.231999;0.7402;0.552;0.18410766
0.544;1.0;0.719;1.0;0.86833024
1.0;0.573;1.0;0.363999;0.27932608
0.551;0.365799;0.226399;0.2639;0.19059265
0.157999;1.0;0.0;0.9021;1.1859648
0.788;0.548;1.0;1.0;1.0767945
1.0;0.5;0.0;0.0;0.18487209
0.0;0.0;0.16;0.734;0.53330743
0.733;0.932;0.978999;0.453999;0.3959515
0.454999;0.325999;0.482199;0.491;0.38174176
0.512;0.242;0.5811;0.326599;0.13597244
0.316999;1.0;0.0;1.0;1.1343801
1.0;0.695;1.0;0.320999;0.4157954
0.378;0.284;0.097;0.085999;0.15344107
0.085999;0.431999;0.0;0.0;0.098291874
0.0;0.4466;0.0;0.0;0.076634526
0.0;0.0;0.725999;0.708999;0.27414495
0.547999;1.0;0.3973;0.282;0.3725105
0.433;0.6717;0.0;0.0;0.16396427
0.0;0.0;0.336999;0.0;-0.20282185
0.0;0.938;0.529;1.0;0.9314575
1.0;0.3523;0.364999;0.0;-0.05944884
0.0;0.4187;0.001;1.0;0.8759179
1.0;0.0;1.0;0.529999;0.1310342
0.466999;0.588999;0.0;0.357;0.2860152
0.471999;0.584499;0.400299;0.178999;0.074572206
0.126999;0.0;0.08;0.0;-0.28889096
0.0;0.0;0.333999;0.408;-0.1570276
0.408;0.569;0.462;0.339999;-0.064397514
0.339999;0.643999;0.553999;0.628;0.33500874
0.64;0.547;0.572;0.499;0.29488736
0.636;0.223999;0.6906;0.552999;0.17651701
0.427999;0.744999;0.2622;0.469999;0.49702907
0.387;1.0;0.294199;0.221;0.59352154
0.28;0.0;0.0;0.0;0.034026146
0.0;0.0;0.828;0.8522;0.3769138
1.0;1.0;0.610999;1.0;0.77401483
1.0;0.331899;1.0;0.555999;0.2737009
0.225;0.4884;0.503699;0.115;0.21831775
0.405;0.486499;0.0326;0.0;0.038784087
0.144999;0.0;0.0;0.0485;-0.22053486
0.0;0.130999;0.890999;0.491;-0.073514044
0.492999;0.420999;0.0;0.104999;-0.18051481
0.103;0.03;0.736;0.277999;-0.30319607
0.277999;0.306899;0.608999;0.456;-0.05422896
0.382;0.2111;0.586;0.481;0.04367912
0.568999;1.0;0.2866;1.0;0.8955517
1.0;0.761;0.932399;0.481999;0.46341652
0.489999;0.371;0.538;0.274999;0.27370387
0.267;0.409999;0.422899;0.234999;0.2778762
0.237;0.532;0.5071;0.935;0.93276286
0.920999;0.455999;0.878;0.573999;0.55070305
0.335999;0.375999;0.396;0.167;0.36272788
0.415999;1.0;0.099199;0.802;1.0972419
0.803;1.0;0.8748;0.677999;0.9975397
0.677999;0.0;0.404699;0.099;0.17584497
0.097;0.983999;0.4513;0.860999;1.1261666
0.865;0.306;0.767;0.604999;0.66701555
0.653999;0.440999;0.902999;0.702;0.6773778
0.633;0.720999;0.439;0.562999;0.8006551
0.580999;0.6385;0.372;0.172;0.49150074
0.172;0.163499;0.286;0.845999;0.8779698
0.884999;1.0;1.0;0.971;1.0545158
0.933;0.176;0.457;0.074999;0.11507654
0.070999;0.198999;0.713999;0.771999;0.5496868
0.417;0.5362;0.352899;0.0;0.21318728
0.663;0.794799;0.340899;0.6811;0.60999477
0.351999;0.941;0.322;1.0;1.3081694
1.0;0.588999;1.0;0.31;0.5113744
0.31;0.239999;0.0;0.0;0.19175196
0.0;0.0;0.655;0.3284;0.09847069
0.282;0.112999;0.638;0.448599;0.12766057
0.501999;0.521;0.57;0.629399;0.41934484
0.582;1.0;0.0;0.163;0.4441806
0.158;0.0;0.533;0.637;0.4612007
0.636;0.556999;0.539999;0.378;0.32861614
0.364999;0.314;0.158;0.015;-0.010613263
0.028;0.035;0.0;0.0;-0.23707515
0.0;0.0;0.376899;0.543999;-0.00046259165
0.413999;0.482999;0.439;0.493499;0.1485371
0.611;0.707;0.1661;0.0;-0.1567266
0.0;0.0;0.0;0.0;-0.38827574
0.0;0.0;0.056999;0.826;0.18388861
0.826;0.95;1.0;1.0;0.514152
1.0;1.0;0.933999;1.0;0.70900404
1.0;0.535999;1.0;0.381;0.16632164
0.509999;0.405;0.261;0.0;-0.107022285
0.493;0.477;0.517899;0.5465;0.1777106
0.0;0.048999;0.0;0.0;-0.04046327
0.0;0.313;0.298999;1.0;0.74256146
1.0;0.482999;1.0;0.197;-0.022727907
0.197;1.0;0.659999;1.0;0.9661534
1.0;0.6065;1.0;0.525999;0.5136647
0.46;0.176499;0.6171;0.469;0.4303285
0.531999;0.428;0.0;0.288;0.37791067
0.291;0.870999;0.730999;0.759;0.88257277
0.759;0.187;0.2645;0.153999;0.18992954
0.153999;0.518999;0.692499;0.859;0.7762619
0.856999;0.85;0.909;0.522999;0.60193026
0.524999;0.466;0.656999;0.833;0.86861634
0.442;0.447799;0.491999;0.374599;0.7054248
0.43;1.0;0.142;0.0674;0.67556137
0.4;0.0;0.280999;0.364999;0.35044783
0.373999;0.889;0.698;1.0;1.0762312
1.0;1.0;0.859;1.0;1.1616447
1.0;0.564999;1.0;0.683999;0.78193927
0.597999;0.843499;0.923999;0.705999;0.97482437
1.0;0.5766;0.331099;0.0168;0.23680115
0.0;0.426399;0.4039;0.428199;0.59875184
0.457;0.4405;0.463999;0.582;0.7098743
0.575999;0.2418;0.411;0.453;0.4906454
0.546;0.199199;0.0;0.0;-0.053902626
0.0;0.146;0.073;0.0;-0.22297269
0.0;0.0;0.562999;0.661899;0.06779665
0.4919;0.5669;0.608;0.5358;0.21595591
0.6141;0.859999;0.484999;0.4191;0.32505476
0.406999;0.921999;0.472999;1.0;1.0550269
1.0;1.0;1.0;0.410999;0.6021031
0.457999;0.0;0.143;0.0225;0.032229066
0.034999;0.228999;0.0;0.0;-0.035170376
0.088;0.0;0.6111;0.567699;0.09683901
0.462;0.771999;0.485899;1.0;0.81576043
0.830999;1.0;1.0;0.567;0.6547385
0.471;0.286999;0.441;0.411;0.5009764
0.408999;0.161;0.0;0.0;0.03627175
0.0;0.0;0.0;0.0;-0.21101898
0.0;0.0;0.430999;0.5498;0.012310684
0.541;0.073999;0.7879;0.605199;-0.04661745
0.515499;0.584;0.3767;0.41;0.09567523
0.361499;0.988999;0.3414;0.502699;0.5392783
0.609999;0.325;0.55;0.351199;0.20838463
0.459;0.311;0.338;0.7851;0.548903
0.686;0.634;0.777999;0.317;0.25381678
0.295999;1.0;0.576999;1.0;1.1128464
1.0;0.323999;1.0;0.3582;0.34698778
0.463;0.616;0.597299;0.6308;0.6978416
0.680999;0.669999;0.328;0.4619;0.6752231
0.327999;0.311;0.319;0.3106;0.51249945
0.236;0.51;0.324999;0.905699;1.0664337
1.0;0.657499;0.111;0.0;0.19572163
0.0;0.0;0.414999;0.412799;0.1866498
0.511;0.2862;0.565799;0.5112;0.17040604
0.601099;0.631799;0.5852;0.645799;0.3998422
0.5469;0.976999;0.189999;0.0962;0.3184312
0.203;0.576;0.475;1.0;0.9907224
1.0;0.949;1.0;0.682;0.76665664
0.728699;0.418999;0.604999;0.114999;0.19804472
0.118;0.5407;0.463;1.0;1.0366925
0.899999;0.499299;1.0;0.655999;0.69684917
0.9633;1.0;0.241;0.884799;1.055249
0.712699;0.420999;0.497;0.0;0.2454766
0.0;0.491;0.612;1.0;1.0291421
1.0;1.0;1.0;1.0;1.1159055
1.0;0.902;1.0;0.234999;0.5343192
0.192999;0.301;0.582;0.547899;0.74526006
0.631999;0.127699;0.6843;0.6678;0.64465934
0.5169;0.5603;0.5056;0.3332;0.5789914
0.4971;0.486999;0.240199;0.581099;0.7460379
0.484;0.75;0.7159;0.730999;0.9688237
0.774999;0.654;0.597999;0.436;0.6957852
0.524;1.0;0.772999;1.0;1.2672
1.0;1.0;1.0;0.117799;0.5775743
0.139;0.0;0.649;0.5172;0.5942994
0.3827;0.996299;0.4307;0.6777;1.1876607
0.8943;0.2807;0.301299;0.261299;0.48445845
0.010999;0.334699;0.329999;0.375;0.6566518
0.478;0.240299;0.0;0.0;0.12122178
0.0;0.0;0.0;0.028999;-0.13804054
0.042999;0.356999;0.536999;0.777999;0.41542137
0.832999;0.313;0.776499;0.645;0.21761441
0.451999;0.689;0.6315;0.469299;0.37152255
0.68;0.366999;0.0;0.0;-0.14644033
0.0;1.0;0.626999;1.0;0.9292879
1.0;1.0;1.0;1.0;1.0012531
1.0;1.0;1.0;0.675;0.83652073
0.673999;0.0;0.344;0.228;0.24972343
0.580999;0.463999;0.692999;0.696099;0.50334865
0.083;0.227;0.1663;0.2353;0.4589134
0.589999;0.847999;0.2897;0.3339;0.49833143
0.329;0.31;0.325;0.2507;0.29248828
0.222999;0.1152;0.444999;0.740099;0.5367064
0.643999;0.9848;0.573;0.8869;0.9675094
1.0;0.544999;0.641;0.0;0.048524976
0.0;0.0;0.5383;0.5471;0.25894725
0.329299;1.0;0.435199;1.0;1.1310407
1.0;0.488999;0.3795;0.0;0.14691883
0.0;0.052;0.343;0.7733;0.5841472
0.726999;0.878;0.817999;0.816699;0.80425674
0.853999;0.299999;0.347;0.108199;0.06907666
0.069;0.716999;0.631999;1.0;0.9559759
1.0;0.442;1.0;0.4649;0.39005363
0.375999;0.61;0.537999;0.444499;0.59098536
0.725999;0.552999;0.0;0.406;0.504727
0.191;0.348999;0.784999;0.421999;0.44489288
0.499;1.0;0.547;1.0;1.1674889
1.0;0.460499;0.677;0.0;0.16864175
0.087;0.0309;0.414999;0.6721;0.50107026
0.513999;0.427599;0.5341;0.545899;0.534124
0.3077;0.521999;0.559699;0.492;0.6475174
0.685299;0.777999;0.5242;0.492999;0.6528252
0.606;0.3293;0.386999;0.515999;0.52947485
0.473999;1.0;0.652;0.7752;1.002022
0.711;0.411;0.038299;0.765799;0.97819203
0.855999;0.602999;1.0;0.456;0.5065256
0.576;0.473;0.812299;0.759;0.6745928
0.552999;0.564999;0.5221;0.557;0.7233464
0.548999;1.0;0.354799;1.0;1.3307818
1.0;1.0;1.0;1.0;1.2645521
1.0;1.0;1.0;1.0;1.2831309
1.0;0.560999;0.932;0.0172;0.3574916
0.082;0.076999;0.018599;0.134;0.3288948
0.138999;0.036;0.7753;0.402699;0.24664485
0.445;0.537;0.6191;0.6403;0.58319205
0.495999;0.844999;0.0;0.0;0.41490132
0.0;1.0;0.0;1.0;1.4741981
1.0;0.956;1.0;0.624899;1.0204844
0.501;0.822;0.499;1.0;1.4760711
1.0;1.0;0.454999;0.0;0.64904326
0.0;0.0;0.0;0.718999;0.9294727
0.515;0.425;0.4586;0.0;0.2703526
0.517999;1.0;0.53;1.0;1.0406399
0.805;0.370099;1.0;0.709999;0.6939017
0.417;0.728899;0.518;1.0;1.2630948
1.0;0.862;1.0;1.0;1.2001567
1.0;0.866999;1.0;0.679199;0.9487414
0.717999;0.313;0.7163;0.3823;0.5601742
0.276;0.615099;0.5177;0.5595;0.89731896
0.613999;0.4529;0.317999;0.366;0.6634214
0.359;1.0;0.458999;1.0;1.3984733
1.0;0.426;0.264;0.0;0.32378966
0.0;0.0;0.0;0.3268;0.33570015
0.404999;0.028999;0.5604;0.0;-0.30157483
0.0;0.0;0.498199;0.6253;0.06114626
0.4112;0.564;0.5216;0.4499;0.2170273
0.5428;1.0;0.384199;0.900399;0.87096775
0.925999;1.0;0.711;0.8653;0.94605917
0.899;0.125;0.617999;0.0;-0.07177508
0.0;0.248999;0.319;1.0;0.77589536
1.0;0.98;1.0;1.0;0.91143334
1.0;0.512499;1.0;0.662999;0.57297134
0.412;0.8783;0.349499;0.344;0.75929695
0.471;0.923199;0.5662;1.0;1.3240242
1.0;0.668999;0.956299;0.435999;0.721524
0.377;0.216999;0.295999;0.4681;0.7024684
0.429;0.521;0.353;0.188899;0.49146795
0.302999;0.575;0.619999;1.0;1.081092
0.976999;0.409999;0.9733;0.3142;0.37015313
0.348;0.8855;0.5947;0.6533;0.9097331
0.570999;1.0;0.407299;1.0;1.4458172
1.0;0.841999;1.0;0.996;1.3082886
0.972;1.0;1.0;0.968499;1.3346963
1.0;0.424;0.731;0.387;0.68264985
0.337;0.304999;0.0;0.0;0.36501074
0.0;0.0;0.654499;0.301699;0.22862041
0.408;0.688;0.4809;0.6145;0.65335566
0.6153;0.884;0.5686;0.816499;1.0062032
0.777699;0.32;0.039;0.0275;0.21868134
0.030999;0.204099;0.727999;0.773899;0.58298194
0.9;0.6029;0.301999;0.6171;0.5300903
0.531;0.601999;1.0;0.5057;0.436809
0.457999;0.323;0.421999;0.218599;0.21762931
0.203099;0.483999;0.5381;0.584699;0.5802327
0.7389;0.558999;0.0623;0.5146;0.56066597
0.412;0.523099;0.459599;0.0172;0.1462453
0.0;0.0;0.0;0.315799;0.19027823
0.314999;0.246;0.383;0.046199;-0.18510437
0.054;0.363;0.469999;0.377899;0.067628264
0.397999;0.0;0.410899;0.5253;0.03509009
0.1653;0.642;0.407399;0.4805;0.41184062
0.8327;0.917;0.5587;1.0;0.84184194
1.0;0.528999;0.658;0.0964;0.03217393
0.125;0.456999;0.616;0.7695;0.60915434
0.736999;0.624;0.724;0.522499;0.501638
0.564999;0.474999;0.423999;0.542;0.5641469
0.554;0.399;0.6135;0.376;0.36612386
0.469999;0.697;0.386499;0.735099;0.81559503
0.564;0.585999;0.575;0.5953;0.78738564
0.609999;1.0;0.829999;0.905299;1.1555412
0.930999;0.040099;0.0;0.0;0.076627076
0.0;0.0;0.0;0.161999;-0.008050263
0.250999;0.0;0.0;0.0;-0.42532897
0.0;0.0;0.463999;0.561;-0.17186022
0.518;0.617999;0.492;0.555999;0.062768996
0.587999;1.0;0.608999;0.988;0.71245515
1.0;0.578;0.4692;0.242999;0.0917905
0.129999;0.109999;0.592799;0.457999;0.14736885
0.465999;0.441;0.2719;0.407;0.23016268
0.519;1.0;0.8141;1.0;0.8746424
1.0;0.412999;1.0;0.665999;0.48466557
0.421999;0.510999;0.423;0.298999;0.46018893
0.370999;0.49;0.0;0.0;0.21661454
0.036;0.533999;0.521;1.0;0.9862461
1.0;0.853999;0.798;0.3709;0.5124771
0.347999;0.03;0.038999;0.1726;0.17237449
0.197999;0.655;0.736;0.785499;0.71546817
0.784999;0.427;0.7853;0.795;0.67138606
0.301;0.304999;0.494699;0.063999;0.2790236
0.576;1.0;0.4375;1.0;1.0511258
1.0;0.923;1.0;0.774799;0.89208716
0.844499;0.423;0.126199;0.0;0.17337734
0.091999;0.025999;0.3678;0.497999;0.29482776
0.417;0.447;0.0;0.056;0.058768034
0.042;0.0;0.9038;0.586999;0.10581845
0.384;0.536;0.287999;0.057;-0.020687938
0.194999;0.543999;0.106099;0.3001;0.24378234
0.33;0.132;0.3534;0.544899;0.26922905
0.602999;0.555;0.629499;0.6047;0.36550695
0.584999;0.695999;0.7254;0.4033;0.31984383
0.43;0.274999;0.198599;0.282599;0.19185328
0.182;0.1066;0.572999;0.5314;0.26624584
0.481999;0.4144;0.307;0.3172;0.19266391
0.344999;0.576999;0.0;0.4402;0.44017816
0.581999;0.697;1.0;0.710599;0.5305969
0.6052;0.471;0.4542;0.299499;0.29676044
0.353799;0.109999;0.098799;0.3215;0.17167711
0.266999;0.95;0.711;1.0;0.967119
1.0;0.378199;1.0;0.5276;0.399723
0.584;0.5508;0.3228;0.305699;0.34875655
0.403999;0.881999;0.520199;0.9133;1.0127747
0.584;0.492;0.547;0.4741;0.75565064
0.734999;0.549;0.649299;0.614899;0.68454975
0.536999;0.478999;0.459699;0.2755;0.44577354
0.231999;0.282199;0.0;0.0;0.16642445
0.011;0.0;0.642;0.4452;0.16670012
0.275999;0.366;0.347999;0.446299;0.33939713
0.512799;0.617999;0.1623;0.3971;0.3989064
0.430199;0.385999;0.6297;0.448799;0.31044418
0.417;0.658;0.045;0.8018;0.8505159
0.822;0.918;1.0;0.647;0.7037156
0.539599;0.319999;0.421899;0.361999;0.44154608
0.491399;0.228999;0.5779;0.549999;0.3951558
0.332999;0.507;0.4512;0.281;0.3690877
0.534;0.498;0.3417;0.4368;0.39553875
0.447;0.631;0.5738;0.776899;0.7610225
0.73;0.863999;0.6435;0.946299;1.0670938
0.922999;0.643;0.191999;0.0;0.26589268
