<OPEN>;<HIGH>;<LOW>;<CLOSE>;(predicted -> )<LOW>
1.0;1.0;1.0;1.0;0.477575
1.0;1.0;1.0;1.0;0.673418
1.0;1.0;1.0;1.0;0.367596
1.0;1.0;1.0;1.0;0.50274
0.0;0.0;0.0;0.0;1.05264
0.0;0.0;0.0;0.0;0.938537
0.0;0.0;0.0;0.0;0.385653
0.0;0.0;0.0;0.0;0.469484
0.5;0.5;0.5;0.5;0.640806
0.0;0.0;0.0;0.0;0.169658
0.519;0.519;0.519;0.519;1.3617
0.494;0.494;0.494;0.494;0.640192
1.0;1.0;1.0;1.0;0.0425002
1.0;1.0;1.0;1.0;1.09822
1.0;1.0;1.0;1.0;0.559261
0.0;0.0;0.0;0.0;0.234943
0.0;0.0;0.0;0.0;0.830012
0.622;0.622;0.622;0.622;0.319778
0.822999;0.822999;0.822999;0.822999;0.447138
0.268;0.268;0.268;0.268;1.37339
0.669;0.669;0.669;0.669;0.795688
0.442;0.442;0.442;0.442;0.268348
0.762;0.762;0.762;0.762;0.127407
0.597;0.597;0.597;0.597;1.3833
0.262999;0.262999;0.262999;0.262999;0.91693
0.577999;0.577999;0.577999;0.577999;-0.654612
1.0;1.0;1.0;1.0;0.985911
0.689999;0.689999;0.689999;0.689999;1.35478
0.513;0.513;0.513;0.513;-0.0365683
0.015;0.015;0.015;0.015;1.24426
0.123999;0.123999;0.123999;0.123999;0.797631
0.0;0.0;0.0;0.0;0.962814
1.0;1.0;1.0;1.0;0.85574
1.0;1.0;1.0;1.0;-0.631292
1.0;1.0;1.0;1.0;1.36634
0.0;0.0;0.0;0.0;1.18412
0.0;0.0;0.0;0.0;-0.679238
0.173;0.173;0.173;0.173;1.41959
0.696999;0.696999;0.696999;0.696999;0.30842
0.289;0.289;0.289;0.289;-0.464282
0.544;0.544;0.544;0.544;1.56748
0.334999;0.334999;0.334999;0.334999;1.17117
0.268;0.268;0.268;0.268;-0.0274727
0.555;0.555;0.555;0.555;-0.466175
0.089999;0.089999;0.089999;0.089999;0.0483057
0.0;0.0;0.0;0.0;1.26854
0.029;0.029;0.029;0.029;-0.280664
0.312999;0.312999;0.312999;0.312999;-0.159488
1.0;1.0;1.0;1.0;1.4276
0.5;0.5;0.5;0.5;-0.30473
0.215;0.215;0.215;0.215;0.913285
0.891999;0.891999;0.891999;0.891999;1.38776
0.508;0.508;0.508;0.508;0.972264
1.0;1.0;1.0;1.0;0.842797
0.658999;0.658999;0.658999;0.658999;0.842797
1.0;1.0;1.0;1.0;0.743886
0.257999;0.257999;0.257999;0.257999;-0.162176
0.486999;0.486999;0.486999;0.486999;1.28331
0.0;0.0;0.0;0.0;-0.4791
0.333;0.333;0.333;0.333;1.31685
1.0;1.0;1.0;1.0;0.846173
0.265;0.265;0.265;0.265;0.719379
0.440999;0.440999;0.440999;0.440999;-0.409765
0.63;0.63;0.63;0.63;1.44548
0.498999;0.498999;0.498999;0.498999;1.14918
1.0;1.0;1.0;1.0;0.842797
0.967;0.967;0.967;0.967;0.842797
1.0;1.0;1.0;1.0;0.842797
1.0;1.0;1.0;1.0;-0.690259
1.0;1.0;1.0;1.0;1.41959
0.309999;0.309999;0.309999;0.309999;1.17117
0.402;0.402;0.402;0.402;-0.690259
0.245999;0.245999;0.245999;0.245999;0.724064
1.0;1.0;1.0;1.0;1.42939
0.942;0.942;0.942;0.942;-0.549586
0.646;0.646;0.646;0.646;-0.251878
0.87;0.87;0.87;0.87;1.40209
0.739999;0.739999;0.739999;0.739999;-0.296549
0.292;0.292;0.292;0.292;0.749054
0.509999;0.509999;0.509999;0.509999;1.44181
0.0;0.0;0.0;0.0;1.00705
0.0;0.0;0.0;0.0;-0.348435
0.163999;0.163999;0.163999;0.163999;1.31413
0.056;0.056;0.056;0.056;1.10409
1.0;1.0;1.0;1.0;0.842797
0.369;0.369;0.369;0.369;-0.690259
0.332;0.332;0.332;0.332;1.41959
0.0;0.0;0.0;0.0;-0.380383
0.5;0.5;0.5;0.5;1.41959
0.5;0.5;0.5;0.5;1.17117
0.5;0.5;0.5;0.5;-0.690259
0.5;0.5;0.5;0.5;1.41959
0.5;0.5;0.5;0.5;1.17117
0.5;0.5;0.5;0.5;0.129815
0.5;0.5;0.5;0.5;-0.377656
0.5;0.5;0.5;0.5;1.51297
0.5;0.5;0.5;0.5;1.14834
0.5;0.5;0.5;0.5;-0.690259
0.5;0.5;0.5;0.5;1.17092
0.5;0.5;0.5;0.5;1.27462
0.5;0.5;0.5;0.5;-0.636939
0.5;0.5;0.5;0.5;-0.251878
0.5;0.5;0.5;0.5;1.65687
1.0;1.0;1.0;1.0;0.509228
0.3226;0.3018;0.3226;0.2997;-0.520299
0.483999;0.483999;0.483999;0.493099;-0.102649
0.080999;0.080999;0.080999;0.080999;1.65687
0.6907;0.6907;0.6907;0.6907;1.07257
0.4021;0.4021;0.4021;0.4021;-0.666175
0.6398;0.6398;0.6398;0.6398;1.43933
0.523099;0.523099;0.523099;0.523099;0.923701
0.459299;0.459299;0.459299;0.459299;0.957372
0.442;0.442;0.442;0.442;0.904246
0.503499;0.503499;0.503499;0.503499;0.842797
0.2972;0.2972;0.2972;0.2972;-0.690259
0.4756;0.4756;0.4756;0.4756;-0.251878
0.6336;0.6336;0.6336;0.6336;0.0842801
0.468599;0.468599;0.468599;0.468599;1.65687
0.5286;0.6026;0.4726;0.5306;-0.0995705
0.2769;0.2029;0.3329;0.274899;0.924738
0.6033;0.6033;0.6033;0.6033;1.28584
0.392099;0.392099;0.392099;0.392099;-0.60506
0.1263;0.1263;0.1263;0.1263;0.450858
0.275199;0.275199;0.275199;0.275199;-0.107668
0.4282;0.4282;0.4282;0.4282;0.511747
0.4953;0.4953;0.4953;0.4953;-0.067983
0.6645;0.6645;0.6645;0.6645;0.869798
0.3964;0.3964;0.3964;0.3964;1.26889
0.421099;0.421099;0.421099;0.421099;-0.48402
0.6291;0.6291;0.6291;0.6291;1.18788
0.472799;0.472799;0.472799;0.472799;-0.30155
0.6168;0.6168;0.6168;0.6168;1.36207
0.492599;0.492599;0.492599;0.492599;0.0250092
0.525099;0.525099;0.525099;0.525099;1.33724
0.486;0.486;0.486;0.486;1.10359
0.6226;0.6226;0.6226;0.6226;-0.690259
0.451999;0.451999;0.451999;0.451999;1.41959
0.6442;0.6442;0.6442;0.6442;-0.380383
0.091899;0.091899;0.091899;0.091899;-0.251878
0.910399;0.910399;0.910399;0.910399;0.716465
0.9116;0.9116;0.9116;0.9116;1.52361
1.0;1.0;1.0;1.0;0.126805
0.216;0.216;0.216;0.216;-0.0741431
0.438599;0.7135;0.4025;0.7014;1.49387
0.7494;0.793799;0.785499;0.793499;-0.444789
0.782399;1.0;0.782399;1.0;-0.251878
1.0;1.0;1.0;0.0;0.0842801
1.0;0.450599;0.4004;1.0;1.65687
0.0;0.0;0.0;0.0;1.17117
0.0;0.0;0.132;0.0;-0.690259
0.068699;0.5499;0.2207;1.0;0.688686
1.0;1.0;1.0;1.0;-0.173054
1.0;0.0;1.0;0.0;0.709148
1.0;1.0;1.0;0.8767;0.690781
0.2071;0.375;0.277999;0.549299;1.34981
0.5909;0.509;0.655;0.173;-0.525276
0.728999;0.509;0.739;1.0;0.888371
0.459;0.459;0.459;0.459;0.729241
0.402999;0.402999;0.402999;0.402999;-0.406528
0.108;0.108;0.108;0.108;-0.106029
0.553999;0.553999;0.553999;0.553999;1.36489
0.0;0.0;0.0;0.0;1.30625
0.441999;0.441999;0.441999;0.441999;0.210165
0.0;0.0;0.0;0.0;-0.418014
0.495;0.495;0.495;0.495;-0.12326
0.288999;0.288999;0.288999;0.288999;0.381186
0.535;0.535;0.535;0.535;-0.0013271
0.601;0.601;0.601;0.601;1.62285
0.0;0.0;0.0;0.0;1.17117
0.702999;0.702999;0.702999;0.702999;0.0782243
0.433;0.433;0.433;0.433;-0.496385
0.111;0.111;0.111;0.111;0.303846
0.913999;0.913999;0.913999;0.913999;0.311612
0.594;0.594;0.594;0.594;0.00838849
0.565;0.565;0.565;0.565;-0.00114828
0.518;0.518;0.518;0.518;1.64787
0.241;0.241;0.241;0.241;0.839054
0.781199;0.781199;0.781199;0.781199;-0.60753
0.425799;0.425799;0.425799;0.425799;-0.174878
0.424;0.424;0.424;0.424;0.0842801
1.0;1.0;1.0;1.0;0.0842801
0.729499;0.729499;0.729499;0.729499;0.0842801
0.2615;0.2615;0.2615;0.2615;1.65687
0.0;0.0;0.0;0.0;-0.380383
0.485;0.485;0.485;0.485;-0.251878
0.7134;0.7134;0.7134;0.7134;0.0842801
0.4376;0.4376;0.4376;0.4376;0.0842801
0.326999;0.326999;0.326999;0.326999;0.610455
0.353899;0.353899;0.353899;0.353899;1.55064
0.1731;0.1731;0.1731;0.1731;1.08279
0.3686;0.3686;0.3686;0.3686;-0.0614682
0.476399;0.476399;0.476399;0.476399;-0.456251
0.6931;0.6931;0.6931;0.6931;1.57153
0.5959;0.759899;0.5029;0.533899;-0.380383
0.3447;0.1807;0.4377;0.4067;-0.251878
0.0013;0.0013;0.0013;0.0013;0.392454
0.6509;0.8441;0.572599;0.7028;1.60002
0.603199;0.521899;0.4485;0.410999;-0.401736
0.6011;0.4905;0.526699;0.2932;-0.261916
0.2149;0.461599;0.5223;0.721999;1.65332
0.9895;0.8249;0.6617;0.6056;0.54545
0.189599;0.270199;0.4878;0.401399;0.629245
0.603999;0.5501;0.633599;0.663;1.18796
0.5491;0.480499;0.4388;0.401699;0.95238
0.3033;0.376899;0.3587;0.4123;-0.437278
0.6096;0.5133;0.364599;0.224;-0.339205
0.180899;0.459;0.4573;0.513999;0.159895
0.3499;0.3591;0.3734;0.487;0.407325
0.7696;0.505199;0.474999;0.416999;1.5742
0.3352;0.412199;0.498;0.718;-0.344334
0.607299;0.4944;0.472;0.228;1.39329
0.3823;0.439499;0.612099;0.778399;0.0358513
0.680099;0.8378;0.6519;0.7374;-0.390051
0.515899;0.410699;0.5668;0.393;1.60259
0.4147;0.312799;0.218999;0.1582;-0.380383
0.334;0.4993;0.4649;0.518799;1.28225
0.5762;0.407;0.266999;0.3061;1.23
0.1316;0.4037;0.5304;0.7745;0.705548
0.822099;0.587299;0.4259;0.4316;-0.245563
0.4737;0.452099;0.805899;0.44;-0.344379
0.481999;0.5699;0.4673;0.5717;-0.00264436
0.347;0.513999;0.387699;0.437199;1.11855
0.579099;0.342;0.3404;0.4091;0.942188
0.3281;0.349;0.157499;0.403099;0.0397405
0.452299;0.4862;0.8172;0.5931;0.887766
0.5102;0.503299;0.5;0.5058;0.316059
0.5815;0.5528;0.591;0.4895;-0.331695
0.447899;0.441599;0.4845;0.4732;1.57834
0.3099;0.3609;0.079899;0.307299;1.17117
0.8855;1.0;1.0;1.0;0.842797
0.867799;0.5372;0.888999;0.679;0.842797
0.606999;0.606999;0.606999;0.606999;0.530644
0.4588;0.578399;0.4588;0.337;-0.313018
0.5468;0.9066;0.5468;0.9831;0.321182
0.814499;0.4428;0.156399;0.0;1.45688
0.4566;0.526399;1.0;1.0;0.952779
0.552099;0.5329;0.638;0.629799;0.91249
0.616799;0.552699;0.563099;0.475;0.875585
0.4511;0.3933;0.4457;0.4239;0.397988
0.4845;0.516999;0.494699;0.622199;0.327762
0.6321;0.914;0.681;0.7239;-0.418762
0.878699;0.6017;0.739799;0.533;1.34268
0.41;0.802699;0.5195;0.867;-0.320576
0.8227;1.0;0.716999;0.594999;-0.204516
0.745799;0.0;0.8809;0.684999;0.462913
0.5636;0.4397;0.0;0.1059;1.58494
0.062;0.055599;0.8481;0.3001;-0.0947276
0.6205;0.8644;0.6949;0.430999;-0.0603506
0.308899;0.069;0.295999;0.5821;-0.0744829
0.3736;0.347999;0.1079;0.0249;0.0265262
0.2315;0.209;0.0;0.526199;1.65687
0.3619;0.7577;0.8944;0.951699;-0.380383
0.911299;0.8889;0.599399;0.053;1.41959
0.666;0.3765;0.1171;0.574099;0.348227
0.0;0.0555;0.882999;0.312;-0.47558
0.7195;0.498799;0.5577;0.535;-0.0683823
0.358;0.3594;0.0;0.338;1.27303
0.443199;0.533199;1.0;0.863799;1.22371
0.5885;0.528;0.4779;0.4088;1.00122
0.5347;1.0;0.644199;0.877399;0.542899
0.9097;0.650099;0.9108;1.0;-0.611092
1.0;0.9506;1.0;0.9654;0.267487
0.9922;0.6113;0.967199;0.145199;1.55676
0.3553;0.1449;0.3303;0.634;1.10463
0.4206;0.4834;0.3504;0.398299;-0.379036
0.505199;0.6006;0.581399;0.5179;0.0021449
0.520299;0.409299;0.4184;0.2008;1.54329
0.2636;0.4767;0.105799;0.052999;-0.441251
0.173;0.0;0.2515;0.7753;-0.14751
0.564499;0.5383;0.4001;0.2501;1.6389
0.079;0.1615;0.320499;0.113599;0.462337
0.608499;0.7564;0.7058;0.597;1.14038
0.418099;0.306999;0.396999;0.547;0.107425
0.5817;0.632;0.6157;0.379;1.21215
0.3643;0.418899;0.4022;0.584999;0.173088
0.7192;0.5912;0.7192;0.9047;-0.464825
0.424499;0.4169;0.287399;0.0;0.494545
0.6022;0.561199;0.6606;0.9583;-0.0665644
0.3953;0.3904;0.390499;0.1707;1.57672
0.238099;0.367599;0.296399;0.495999;0.651275
0.7634;0.7118;0.6778;0.9308;-0.0331172
0.651399;0.847;0.7622;0.4312;0.901701
0.805099;0.997;0.805099;0.975999;0.329929
0.698499;0.741599;0.548;1.0;-0.341699
0.9855;0.5913;0.267199;0.2281;1.57477
0.561399;0.409099;1.0;0.498;0.61697
0.3506;0.4366;0.5837;0.547999;1.08703
0.5468;0.474699;0.4314;0.5558;0.974511
0.279;0.3597;0.0;0.2332;-0.223638
0.540599;0.6733;1.0;0.745999;0.15014
0.8453;0.616399;0.6749;0.698399;1.46826
0.4323;0.548;0.0;0.4206;-0.476388
0.6754;0.909399;1.0;0.95;0.162487
0.826599;0.4741;0.646599;0.572999;1.5769
0.2424;0.4858;0.0;0.4512;1.10278
0.5117;0.9188;1.0;0.0;0.842797
0.351899;0.0;0.1663;0.641999;-0.690259
0.5246;0.369899;0.504199;0.12;1.41959
0.5274;0.485099;0.3868;0.691099;-0.380383
0.1035;0.1113;0.3194;0.0569;1.41959
0.2328;0.7475;0.505099;0.727;1.17117
0.6855;0.4204;0.6855;0.8751;0.842797
0.675799;0.566799;0.4194;0.4133;-0.156669
0.1704;0.604;0.4268;0.5213;-0.427903
0.782399;0.539999;0.782399;0.578699;0.667997
0.5946;0.2893;0.526199;0.2276;1.5072
0.4527;0.515699;0.4318;0.672499;1.05141
0.2006;0.728999;0.279199;0.352999;0.842797
0.641999;0.0767;0.476199;0.1485;0.166186
0.3294;0.298699;0.4282;0.737199;0.367289
0.4773;0.5522;0.5473;0.6019;0.274085
0.5732;0.570399;0.559799;0.1849;1.22758
0.4553;0.4933;0.3835;0.689399;0.594931
0.434799;0.350399;0.4161;0.407299;1.11351
0.478;0.4981;0.5671;0.556799;0.968107
0.472999;0.831199;0.4955;0.812;0.842797
0.8171;0.4835;0.625799;0.0;-0.363324
0.2803;0.2165;0.3982;0.575999;0.633018
0.4757;0.783999;0.549099;0.646;0.338953
0.612099;0.3441;0.506499;0.588799;-0.00785679
0.3712;0.2972;0.186199;0.0;-0.10709
0.314299;0.518699;0.5059;0.922999;0.0334582
0.470099;0.387;0.0;0.2985;1.60828
0.3077;0.403499;1.0;0.4472;0.594275
0.5011;0.5161;0.4864;0.365299;-0.523711
0.666399;0.727399;0.724399;0.417;-0.115857
0.4307;0.2373;0.3947;0.692399;1.65687
0.357299;0.426199;0.460899;0.5581;-0.380383
0.6028;1.0;0.6028;1.0;1.41959
1.0;0.7532;1.0;0.4733;1.17117
0.6505;0.489999;0.6505;0.656099;-0.690259
0.571099;0.468;0.240499;0.1081;0.923126
0.294499;0.2222;0.4824;0.588899;1.11123
0.1181;0.3767;0.2608;0.1226;-0.518982
0.747799;0.485299;0.459199;0.596699;1.46897
0.2302;0.2604;0.390799;0.494;0.378059
0.537;0.690899;0.6429;0.6273;1.17893
0.670099;0.6796;0.4376;0.318899;-0.0124732
0.2815;0.1169;0.4148;0.5059;-0.416315
0.4952;0.5688;0.6261;0.530999;-0.0252822
0.499399;0.4262;0.4316;0.430199;0.0842801
0.5248;0.647499;0.5212;0.7167;1.12393
0.616;0.5775;0.6408;0.5183;1.39864
0.5257;0.698499;0.5627;0.787099;0.979157
0.804599;0.7004;0.804599;0.504999;-0.690259
0.5396;0.5941;0.5396;0.6171;-0.251878
0.6558;0.407399;0.5778;0.3576;0.254565
0.450499;0.476199;0.5285;0.598599;0.264286
0.4828;0.559;0.4828;0.5572;1.59757
0.767099;1.0;0.767099;0.9544;-0.417588
0.8624;0.735099;0.783899;0.5363;1.41959
0.4221;0.5221;0.4635;0.706399;-0.380383
0.588999;0.2789;0.0;0.399899;0.468089
0.4596;1.0;1.0;1.0;1.50256
1.0;1.0;1.0;0.811799;-0.503097
1.0;0.171299;0.392599;0.8559;-0.251878
0.565299;0.238399;1.0;0.348499;1.65687
0.3273;0.2791;0.095299;0.0731;1.17117
0.1235;0.2272;0.4331;0.4855;0.126683
0.497;0.384;0.575999;0.523;-0.509922
0.2478;0.491199;0.2658;0.509399;-0.0945488
0.625699;0.497799;0.5517;0.415399;0.0842801
0.6953;0.5919;0.421499;0.3903;0.371166
0.1207;0.146599;0.3373;0.2783;0.543427
0.5566;0.582699;0.528599;0.550599;1.51261
0.3521;0.424499;0.5113;0.4917;0.0100693
0.492899;0.4458;0.172699;0.1494;0.357827
0.1076;0.077899;0.1754;0.165599;1.41205
0.3492;0.414999;0.529499;0.5187;-0.161145
0.263299;0.2573;0.1961;0.362299;-0.032998
0.4211;0.6121;0.5604;0.7321;-0.0841686
0.6938;0.913699;0.539299;0.882099;1.35015
1.0;0.668199;0.8583;0.1834;0.574507
0.2843;0.1522;0.4435;0.495099;-0.032557
0.446899;0.7221;0.5916;0.7705;1.44945
0.706299;0.555399;0.7073;0.540099;0.817221
0.6098;0.5042;0.381;0.389199;-0.620786
0.2392;0.399;0.5008;0.614;-0.18659
0.7391;0.584599;0.432199;0.2239;1.60841
0.148299;0.2648;0.404;0.6211;0.122841
0.5654;0.560299;0.5788;0.582099;-0.390706
0.6556;0.8119;0.6934;0.5629;1.5963
0.666499;0.3808;0.6015;0.5518;0.201862
0.49;0.504;0.507999;0.559999;0.0751725
0.632899;1.0;0.6799;1.0;1.46603
0.919699;0.495799;0.764199;0.2998;0.678565
0.369;0.332899;0.062599;0.1555;0.892617
0.0405;0.0849;0.099;0.005299;-0.572387
0.0;0.0;0.0;0.2019;-0.222907
0.738699;0.6736;0.643599;0.432499;0.0842801
0.595;0.305399;0.4695;0.5448;1.65687
0.553999;0.6352;0.4224;0.305199;-0.380383
0.1582;0.172699;0.4595;0.489899;1.41959
0.3306;0.4098;0.381499;0.430099;-0.380383
0.4923;0.3743;0.4055;0.3333;1.41959
0.483699;0.4894;0.465799;0.521899;-0.380383
0.6448;0.6828;0.6702;0.7885;1.35299
0.6059;0.4737;0.456;0.4116;0.479924
0.360999;0.6267;0.590199;0.527899;0.375589
0.4707;0.292999;0.4193;0.4357;1.31312
0.581199;0.5986;0.56;0.5871;0.966959
0.5102;0.550999;0.523699;0.526;0.864857
0.5062;0.4192;0.5119;0.388999;-0.679905
0.529199;0.469999;0.582599;0.594799;-0.251878
0.5053;0.5649;0.4514;0.4365;0.0842801
0.114799;0.163999;0.1687;0.2669;1.07332
0.588999;0.7473;0.571999;0.707599;-0.194661
0.8481;0.5838;0.7059;0.576899;1.53193
0.575199;0.6036;0.4581;0.3884;0.646447
0.1372;0.189599;0.3674;0.3413;0.185218
0.2557;0.268999;0.1509;0.2145;0.00310454
0.4483;0.8207;0.5992;0.996399;1.48504
0.931999;0.5154;0.8059;0.4638;-0.150658
0.3692;0.5912;0.448499;0.544999;1.02268
0.656799;0.4051;0.581;0.5115;0.71901
0.6724;0.8203;0.710699;0.369199;0.733843
0.461499;0.371099;0.3516;0.312999;0.681218
0.2877;0.315999;0.4131;0.7775;-0.491331
0.4465;0.569;0.5153;0.4626;1.39072
0.663;0.642999;0.559;0.4513;1.22036
0.406399;0.265;0.314999;0.337899;-0.0891724
0.3558;0.3344;0.4543;0.4182;1.23449
0.392599;0.5443;0.4875;0.6082;1.05712
0.8249;0.9513;0.8269;0.796299;-0.690259
0.384799;0.072599;0.2303;0.0;0.317805
0.062799;0.2291;0.116399;0.062;1.54081
0.465299;0.377299;0.4542;0.8004;0.937938
0.3959;0.4725;0.507899;0.523599;-0.110639
0.4877;0.338;0.0512;0.0;0.556188
0.0;0.087499;0.235599;0.6433;1.34123
0.555599;0.422;0.3073;0.0;0.104993
0.1745;0.1479;0.3138;0.7637;-0.45806
0.493099;0.4742;0.6173;0.556899;1.38879
0.6592;0.6052;0.420299;0.1684;0.926237
0.002199;0.2925;0.0;0.190299;-0.564585
0.3064;0.108699;0.9308;0.3947;1.48194
0.459;0.6187;0.654499;0.8178;0.572985
0.7466;0.5966;0.5527;0.417199;0.571181
0.404199;0.4438;0.591;0.7169;-0.127608
0.7639;0.8124;0.747599;0.6889;1.29509
0.3426;0.481999;0.213699;0.241799;-0.393433
0.4514;0.306999;0.5275;0.6454;-0.218467
0.9229;0.7432;0.7325;0.532999;1.65687
0.213299;0.2728;0.245;0.239;1.17117
0.3022;0.2878;0.3627;0.368;-0.690259
0.4421;0.488199;0.5261;0.5717;0.312611
0.4176;0.489999;0.0122;0.471699;1.54208
0.5703;0.6072;0.923999;0.7312;-0.00309736
0.6644;0.998799;0.8199;0.5656;-0.403238
0.593399;0.177199;0.524799;0.604799;1.5967
0.413899;0.4514;0.379799;0.4457;-0.380383
0.744;1.0;0.8455;1.0;1.41959
0.8298;0.4389;0.8;0.4239;-0.380383
0.5046;0.818999;0.535599;0.559799;0.928073
0.627399;0.491;0.5762;0.476199;1.36329
0.6841;0.606999;0.610599;0.5865;-0.261209
0.3706;0.8038;0.4953;0.916399;1.32147
0.9877;0.438199;0.846;0.5463;1.10856
0.4489;0.7499;0.5906;0.6798;-0.690259
0.712299;0.6751;0.712299;0.620999;0.904941
0.6517;0.5622;0.439399;0.3393;1.23263
0.3506;0.409799;0.4656;0.568099;1.02721
0.4726;0.2828;0.5699;0.5547;0.239914
0.586099;0.8942;0.586099;0.6872;1.11402
0.7174;0.573999;0.646699;0.4431;0.97348
0.377599;0.1171;0.2651;0.267199;-0.686545
0.3553;0.6404;0.439399;0.808399;0.959637
0.8005;0.7635;0.7567;0.431;1.35364
0.311599;0.099;0.2635;0.123;0.95097
0.267499;0.507999;0.292899;0.218;-0.690259
0.3353;0.135999;0.2667;0.413499;0.798973
0.1747;0.341;0.391999;0.3808;0.654872
0.4513;0.2224;0.320999;0.487299;-0.359384
0.5211;0.7876;0.6683;0.6804;1.55055
0.7028;0.645;0.5594;0.4752;-0.198636
0.3806;0.456699;0.5102;0.7303;-0.311295
0.7988;0.6825;0.8126;0.604699;0.0460616
0.523;0.320799;0.4177;0.2818;1.58739
0.3919;0.418;0.432199;0.56;-0.123001
0.548099;0.898;0.613099;0.5886;0.974672
0.5017;0.256;0.4619;0.386799;1.28917
0.3908;0.550999;0.3497;0.4139;0.93536
0.5119;0.59;0.5928;0.5805;-0.690259
0.590499;0.250399;0.420999;0.377499;1.41959
0.331099;0.4956;0.1648;0.1715;1.17117
0.1989;0.277999;0.3109;0.139199;-0.0768849
0.181999;0.097599;0.405799;0.7786;-0.451718
0.716699;0.5425;0.6029;0.404699;1.57378
0.4186;0.471899;0.271099;0.0207;1.17117
0.0487;0.249;0.2307;0.5563;0.718527
0.5089;0.244199;0.3614;0.480499;0.898736
0.560199;0.7773;0.7667;0.7404;0.822734
0.7021;0.666499;0.6171;0.4175;-0.0764111
0.248799;0.515699;0.354099;0.7667;-0.435082
0.9217;0.6013;0.877099;0.539099;-0.0470886
0.549999;0.617999;0.4542;0.3851;0.0842801
0.2937;0.15;0.2674;0.287199;1.02433
0.3066;0.445499;0.4695;0.6094;1.43254
0.64;0.630499;0.5581;0.3931;1.00098
0.223099;0.281;0.052299;0.0;0.842797
0.4;0.1766;0.218399;0.402699;-0.690259
0.1369;0.273399;0.5129;0.564;-0.251878
0.6084;0.664;0.5839;0.5766;1.65687
0.4816;0.488;0.336099;0.229699;-0.296209
0.285899;0.215999;0.3748;0.4373;-0.279723
0.4861;0.652;0.591799;0.7163;1.64688
0.7146;0.751999;0.6371;0.2414;-0.380383
0.375299;0.267;0.4296;0.682599;-0.251878
0.5792;0.609999;0.6399;0.8241;0.0842801
0.8382;0.625999;0.562;0.5062;0.0842801
0.436699;0.54;0.657899;0.529399;1.65687
0.5433;0.382899;0.3468;0.2498;-0.0528732
0.224799;0.435099;0.354699;0.2539;0.709595
0.3641;0.1655;0.3166;0.464199;0.958329
0.2653;0.503499;0.3727;0.4704;-0.464026
0.5591;0.5192;0.7227;0.520399;1.11709
0.5626;0.557099;0.460699;0.6935;-0.269631
0.601399;0.591699;0.5395;0.4035;-0.165565
0.4257;0.58;0.424199;0.239999;1.65687
0.355;0.135999;0.305499;0.597799;-0.275425
0.552199;0.4553;0.4489;0.3411;0.529905
0.3355;0.617799;0.5459;0.6671;1.10816
0.762;0.4539;0.7638;0.657;1.18714
0.4968;0.645;0.248899;0.271599;0.0556103
0.309099;0.282999;0.0602;0.0;-0.464825
0.0;0.0;0.334699;0.669;-0.0603804
0.639499;0.6937;0.5324;0.4875;1.65687
0.381;0.2375;0.291899;0.2892;0.183257
0.2335;0.4055;0.462;0.2593;-0.428132
0.624699;0.637;0.617;0.629999;-0.0336894
0.3632;0.547;0.3672;0.475;1.65687
0.5046;0.37;0.480799;0.428899;1.17117
0.287399;0.059599;0.329499;0.3474;-0.690259
0.525;0.477799;0.4451;0.5228;1.41959
0.431099;0.421199;0.4473;0.2469;-0.0707904
0.4681;0.7424;0.543599;0.8504;-0.351564
0.7931;1.0;0.7931;0.790599;1.61899
1.0;0.262;0.916599;0.617;-0.0100949
0.3486;0.550999;0.507899;0.673;0.181206
0.697099;0.625;0.639099;0.483999;0.537782
0.4554;0.5062;0.5308;0.513;1.43492
0.407299;0.2828;0.350999;0.702999;0.235673
0.5886;0.389599;0.5668;0.201999;0.384851
0.322199;0.295;0.3904;0.5441;1.33172
0.5573;0.729399;0.515899;0.4069;-0.53385
0.451999;0.3416;0.4141;0.4871;0.512811
0.3641;0.445799;0.485299;0.5669;-0.124643
0.5922;0.445899;0.5473;0.454599;1.45571
0.4266;0.7197;0.4715;0.430399;-0.345428
0.653699;0.495999;0.559899;0.489;1.44305
0.2796;0.414999;0.2924;0.315999;-0.380383
0.4118;0.1547;0.278199;0.4189;-0.174958
0.2514;0.2483;0.2498;0.2558;1.44644
0.3431;0.351699;0.515499;0.5669;0.512304
0.608;0.6819;0.2964;0.250699;0.378048
0.190899;0.141299;0.5137;0.3987;1.32975
0.670999;0.6035;0.431799;0.427;-0.0600585
0.338;0.3561;0.4801;0.445999;-0.402818
0.4041;0.402799;0.4753;0.6027;-0.0157812
0.4691;0.483899;0.280099;0.162299;0.176688
0.258199;0.2877;0.4093;0.6081;1.64132
0.5402;0.7866;0.636499;0.8301;0.318651
0.754299;0.7729;0.7488;0.3948;1.19482
0.4819;0.4026;0.462599;0.661999;-0.422416
0.7494;0.7793;0.7743;0.800999;0.331481
0.809999;0.7013;0.736799;0.507;0.480651
0.4916;0.823799;0.5641;0.544;-0.192882
0.671599;0.3135;0.4749;0.416999;1.0924
0.3893;0.291699;0.465199;0.464;1.37784
0.610699;0.7083;0.5348;0.535999;-0.580014
0.3893;0.291699;0.465199;0.464;0.29182
0.4377;0.433499;0.4147;0.5731;1.54709
0.334499;0.4288;0.3831;0.4924;0.0648818
0.7748;0.755499;0.796099;0.7287;0.689065
0.480599;0.4204;0.380099;0.245799;0.357472
0.319199;0.338799;0.4017;0.358;-0.329925
0.2736;0.4723;0.564999;0.679099;0.502323
0.692;0.488099;0.433199;0.4729;1.41179
0.43;0.479;0.402;0.43;1.14261
0.407;0.327999;0.494;0.489999;-0.658826
0.398;0.327999;0.399;0.355;-0.251878
0.541699;0.809999;0.445599;0.331;0.914457
0.503299;0.259;0.3974;0.533999;1.1949
0.2633;0.4742;0.465299;0.5089;1.1489
0.6015;0.5998;0.5542;0.6191;-0.628994
0.786899;0.725199;0.827099;0.689;-0.251878
0.664;0.7337;0.6497;0.6997;1.52401
0.543099;0.696899;0.564499;0.7593;1.23612
1.0;0.6853;0.8475;0.605;-0.657139
0.5225;0.910599;0.6597;0.841;1.41959
0.772499;0.4311;0.6357;0.344;-0.380383
0.1939;0.445899;0.3843;0.8183;0.52655
0.895499;0.7627;0.876199;0.412699;0.0198236
0.4954;0.648599;0.4082;0.5618;-0.104431
0.323;0.0655;0.2909;0.2698;0.43899
0.3471;0.3972;0.425899;0.339399;1.58426
0.415799;0.488299;0.3936;0.625;0.271379
0.6167;0.622399;0.6812;0.7621;0.0883869
0.891999;0.873799;0.864599;0.6989;0.818362
0.6136;0.5471;0.586399;0.5229;1.18901
0.470499;0.3648;0.2945;0.391099;1.04223
0.58;0.822399;0.716699;0.9459;-0.66197
0.7785;0.734;0.8291;0.703299;1.01204
0.7302;0.803599;0.712899;0.8026;1.33392
0.754899;0.7957;0.833;0.843599;-0.604797
0.8874;0.8736;0.6265;0.6616;-0.251878
0.6282;0.505299;0.882899;0.6536;0.0842801
0.5713;0.7678;0.5775;0.6704;0.6911
0.8245;0.666899;0.820499;0.709;-0.0829676
0.814799;0.7894;0.724399;0.7007;1.58711
0.0;0.2067;0.062;0.1313;-0.380383
1.0;0.6998;0.888099;0.811999;-0.251878
0.375399;0.341699;0.446;0.4136;1.65687
0.291499;0.3079;0.264199;0.112399;-0.134803
0.3884;0.4773;0.4991;0.6801;0.222223
0.5044;0.6555;0.550899;0.6189;0.243442
0.794;0.6002;0.6048;0.503999;1.01612
0.3367;0.255099;0.332899;0.369;0.65748
0.2791;0.3418;0.4372;0.25;-0.406582
0.555599;0.575499;0.3163;0.4808;-0.105015
0.4382;0.5322;0.666399;0.8476;0.0842801
0.7197;0.603;0.424299;0.1356;1.65687
0.1476;0.192499;0.347799;0.541999;-0.380383
0.8013;0.726099;0.7805;0.55;1.41959
0.290799;0.3899;0.0967;0.158999;-0.356157
0.1018;0.021599;0.1811;0.352;-0.00575572
0.4833;0.664;0.717199;0.48;0.0095776
0.5378;0.339099;0.436499;0.425;0.435956
0.3081;0.5752;0.428;0.753999;0.584524
0.798999;0.718899;0.793099;0.681;-0.157125
0.9722;0.9526;0.8729;0.8508;1.58726
0.3597;0.279;0.3819;0.4109;0.995435
0.5655;0.555;0.672799;0.4463;-0.361804
0.4374;0.3378;0.296299;0.4206;0.398486
0.3061;0.427199;0.3925;0.4224;1.3535
0.480699;0.3567;0.2639;0.173999;-0.46945
0.2862;0.614599;0.532999;0.837;-0.207467
0.891199;0.6201;0.8969;0.547999;0.913574
0.542899;0.4932;0.3304;0.263;1.46395
0.2357;0.250299;0.410999;0.6676;0.217201
0.4522;0.427299;0.0804;0.0;-0.0211754
0.1324;0.4205;0.5604;0.9557;0.24037
0.513499;0.509899;0.5015;0.5123;-0.129349
0.9793;0.697;0.527299;0.3043;1.04244
0.0945;0.322499;0.5222;0.3167;1.40296
0.4528;0.3548;0.3672;0.5853;-0.56539
0.4236;0.523399;0.5455;0.5807;1.16553
0.9494;0.726;0.6815;0.562899;0.447383
0.365299;0.5443;0.6048;0.610599;0.577699
0.6096;0.558699;0.622799;0.6226;1.29339
0.6325;0.6781;0.637699;0.6689;0.991108
0.545;0.6769;0.555;0.623999;0.548055
0.654;0.433;0.590299;0.323;0.205939
0.236999;0.3828;0.300699;0.629999;-0.0897148
0.686;0.6532;0.6617;0.384;1.46801
0.384;0.418299;0.4083;0.591999;1.1121
0.591999;0.5946;0.591999;0.478;0.668215
0.6598;0.4101;0.4892;0.463;0.920945
0.318999;0.326499;0.1714;0.049999;-0.20136
0.1307;0.2959;0.307599;0.5898;0.329956
0.3794;0.2515;0.3989;0.2536;0.728249
0.1219;0.1471;0.126799;0.025599;1.32295
0.4832;0.535699;0.5491;0.764;-0.231827
0.579599;0.6104;0.630599;0.654999;-0.356151
0.605399;0.633699;0.4922;0.255;0.0162652
0.3659;0.2042;0.172699;0.232999;1.21481
0.2795;0.5079;0.5859;0.8045;0.53957
0.6294;0.487299;0.6064;0.451499;-0.364582
0.6463;0.5799;0.540699;0.443;0.915187
0.383199;0.386099;0.3065;0.364;0.869953
0.334499;0.3214;0.4275;0.361;-0.039328
0.2462;0.414899;0.358499;0.487099;0.816922
0.4997;0.497399;0.465499;0.660299;1.35079
0.703499;0.7893;0.7377;0.7206;-0.379244
0.9202;0.8621;0.8813;0.873899;-0.314299
0.765699;0.616199;0.5337;0.2391;1.63147
0.23;0.275199;0.3982;0.689;1.00424
0.613199;0.5617;0.671299;0.366;0.0123969
0.2227;0.2059;0.193;0.163;0.773232
0.4483;0.4403;0.3108;0.42;0.895708
0.464;0.563599;0.505899;0.8263;0.0854782
0.610699;0.4481;0.7226;0.447699;0.429862
0.3583;0.428;0.3239;0.384;1.39086
0.479299;0.5469;0.394199;0.4145;0.0793389
0.388999;0.317799;0.3297;0.3915;0.816076
0.6945;0.7535;0.785999;0.8902;-0.386436
0.746499;0.806799;0.8762;0.6768;0.685819
0.7754;0.613;0.5009;0.4368;0.0036529
0.2101;0.3351;0.4316;0.310199;0.0723532
0.337199;0.4568;0.405799;0.626;0.857972
0.6379;0.601799;0.6379;0.613999;1.43706
0.741;0.5803;0.417499;0.3986;0.489553
0.185099;0.1432;0.3615;0.227399;0.0631175
0.3716;0.503599;0.5017;0.777799;0.709065
0.654699;0.4995;0.545099;0.4238;0.519153
0.5759;0.637799;0.5602;0.4819;-0.351773
0.3621;0.6197;0.5044;0.493499;0.685402
0.551099;0.2862;0.5489;0.6018;0.857552
0.4748;0.430199;0.295099;0.307099;-0.243051
0.312799;0.352;0.4516;0.3301;-0.134046
0.5608;0.686799;0.4284;0.485399;1.64696
0.365199;0.1973;0.372199;0.4157;-0.374333
0.3306;0.3946;0.456499;0.5378;0.367688
0.5326;0.597799;0.5752;0.6002;1.39648
0.523199;0.715299;0.523199;0.6829;-0.216112
0.8035;0.590299;0.6892;0.489799;1.06046
0.4605;0.3406;0.4039;0.339099;0.385993
0.451999;0.459499;0.427599;0.4824;0.829338
0.3229;0.3878;0.2559;0.071699;0.355854
0.2317;0.175999;0.2477;0.4461;-0.373135
0.2186;0.3458;0.425899;0.406699;0.994529
0.560199;0.555399;0.532499;0.5106;-0.209017
0.5499;0.4326;0.5836;0.5566;0.575294
0.4559;0.450199;0.3828;0.3566;0.564586
0.466;0.5273;0.5225;0.637;0.906699
0.469999;0.4146;0.2889;0.0604;1.17367
0.224399;0.3469;0.455099;0.590299;-0.00234634
0.596;0.617799;0.5364;0.495799;-0.267948
0.4009;0.4255;0.4056;0.675;-0.0734398
0.739599;0.6674;0.6089;0.3561;0.491454
0.1912;0.352399;0.376799;0.6613;0.736629
0.679099;0.4936;0.6445;0.472099;0.552364
0.5684;0.5473;0.344899;0.2445;1.15367
0.2872;0.3884;0.5088;0.674299;-0.452728
0.736699;0.669699;0.770699;0.646699;0.40014
0.538699;0.6694;0.425699;0.686199;0.961458
0.7453;0.6691;0.8114;0.4247;-0.316782
0.4891;0.3811;0.427799;0.463999;0.660213
0.4743;0.4161;0.4578;0.4878;1.48676
0.273199;0.3367;0.344799;0.3565;-0.23256
0.5809;0.5932;0.5376;0.457699;-0.244255
0.4701;0.4475;0.4832;0.6967;0.859668
0.486699;0.6628;0.572499;0.449299;0.644775
0.503299;0.571999;0.503299;0.710699;1.23034
0.7202;0.5397;0.6538;0.4937;-0.494731
0.4268;0.364699;0.0941;0.0823;0.682395
0.0821;0.1568;0.4812;0.3433;1.21966
0.580099;0.5149;0.5444;0.6524;0.0271133
0.5147;0.558699;0.540499;0.570999;0.119542
0.536099;0.4482;0.44;0.4616;-0.102881
0.3876;0.410299;0.3047;0.089999;0.726863
0.212499;0.5588;0.401399;0.823;-0.0961074
0.7389;0.607299;0.7389;0.556999;1.05359
0.683399;0.7302;0.6785;0.8516;0.507056
0.6883;0.6601;0.6633;0.630199;0.287308
0.5566;0.3449;0.468;0.2605;0.263702
0.399999;0.419899;0.4416;0.3277;0.0450304
0.3487;0.6167;0.425599;0.7583;1.55681
0.622399;0.351499;0.5152;0.459199;0.168364
0.7146;1.0;0.820599;0.9937;1.23985
0.8959;0.667299;0.8523;0.4681;0.748571
0.5566;0.5181;0.4802;0.5807;-0.421555
0.420999;0.2995;0.4296;0.3963;0.88452
0.0;0.631399;0.0;0.7377;1.34954
1.0;0.606;1.0;0.601799;0.776555
0.6209;0.551199;0.6038;0.4132;0.437521
0.477499;0.465199;0.4437;0.4625;1.09712
0.3794;0.4323;0.495699;0.538799;-0.589643
0.5871;0.5563;0.5498;0.5344;-0.251878
0.649799;0.634;0.678899;0.6048;1.65687
0.5352;0.5197;0.517199;0.563099;-0.380383
0.5246;0.6358;0.504799;0.6125;0.49906
0.4778;0.337599;0.4819;0.341999;-0.120873
0.471499;0.455;0.338299;0.411999;0.12913
0.399999;0.417299;0.5348;0.5396;1.62428
0.6138;0.8278;0.6643;0.8278;1.14155
0.8194;0.6927;0.8194;0.6299;0.109472
0.5459;0.622499;0.5459;0.622599;-0.505135
0.590999;0.5862;0.491499;0.646;-0.0908443
0.6964;0.8278;0.7959;0.7755;0.616493
0.7749;0.682199;0.733;0.604799;0.871848
0.5383;0.4369;0.5285;0.5327;0.307035
0.542199;0.4692;0.535299;0.415699;0.393431
0.4514;0.449299;0.3045;0.3143;0.953912
0.604599;0.779;0.776899;0.8779;-0.358958
0.4125;0.2918;0.3939;0.409499;0.171669
0.577199;0.502199;0.4331;0.3849;0.818588
0.3763;0.3482;0.503399;0.416799;1.03565
0.4619;0.459199;0.3393;0.4814;0.756781
0.0;0.6289;0.0;0.512499;1.12841
1.0;0.589299;1.0;0.7224;-0.263361
0.8742;0.6158;0.559799;0.2939;-0.363559
0.2273;0.2193;0.4557;0.4737;1.61399
0.3792;0.3597;0.0;0.0;-0.380383
0.0;0.102899;0.5209;0.591899;0.0231883
0.5424;0.6016;0.4057;0.6404;1.57802
0.685399;0.7881;0.8061;0.770199;0.334086
0.8393;0.562899;0.642399;0.3597;0.499596
0.2913;0.7147;0.2494;0.9064;-0.344939
0.8763;0.4936;0.867599;0.323799;1.53468
0.357399;0.431999;0.624099;0.6195;-0.232492
0.585699;0.9046;0.585699;0.6462;-0.300423
1.0;0.730499;0.7468;0.614799;0.0531546
0.3209;0.3032;0.3444;0.5824;1.27597
0.624499;0.674299;0.8308;0.780899;0.395786
0.5418;0.4126;0.4861;0.2805;-0.345559
0.305;0.3718;0.0803;0.0465;0.538795
0.2769;0.319199;0.537299;0.5961;0.822779
0.587599;0.6304;0.6308;0.784199;0.341823
0.710699;0.5121;0.619299;0.4895;-0.260616
0.4531;0.475999;0.4323;0.3799;1.58455
0.311899;0.3432;0.303;0.269299;-0.380666
0.3804;0.4886;0.471699;0.6869;0.439306
0.669799;0.587199;0.664899;0.474599;0.0325582
0.6654;0.628399;0.6441;0.6169;0.495317
0.319799;0.323399;0.347999;0.415399;0.690108
0.6501;0.6304;0.616199;0.553;0.696459
0.4798;0.581599;0.5131;0.4431;0.632649
0.395099;0.4757;0.407699;0.451;0.786688
0.451;0.3006;0.43;0.439999;0.00203463
0.43;0.4057;0.18;0.27;0.235893
0.279999;0.469999;0.5456;0.7;-0.139547
0.76;0.559999;0.6609;0.449999;1.35601
0.39;0.44;0.431;0.52;0.681909
0.509999;0.4514;0.432499;0.37;1.16552
0.38;0.3986;0.48;0.48;0.204097
0.48;0.435599;0.39;0.389999;-0.438944
0.349699;0.4045;0.3;0.28;-0.0960478
0.3203;0.289899;0.419999;0.469999;1.50453
0.469999;0.563299;0.57;0.62;-0.331841
0.62;0.6467;0.5196;0.51;1.04192
0.5;0.430099;0.6004;0.559999;0.734328
0.420999;0.8399;0.420999;0.84;0.526842
1.0;0.64;0.999;0.51;0.0841996
0.469999;0.424599;0.346399;0.389999;1.31513
0.399999;0.695399;0.543599;0.6;0.410717
0.58;0.3425;0.4277;0.52;0.218453
0.5;0.357499;0.299399;0.31;0.570374
0.32;0.4048;0.5619;0.439999;1.16616
0.419999;0.6352;0.530999;0.58;0.140651
0.58;0.364799;0.469;0.419999;-0.233857
0.419999;0.6352;0.530999;0.58;1.36243
0.63;0.379999;0.42;0.329999;0.29137
0.329999;0.329999;0.449999;0.55;0.362327
0.382999;0.69;0.472999;0.509999;1.0272
0.657;0.3;0.257;0.09;1.04225
0.12;0.239999;0.4556;0.599999;0.102194
0.58;0.57;0.5944;0.52;0.19741
0.509999;0.5627;0.559999;0.595;0.254726
0.5474;0.388;0.4033;0.334999;1.47426
0.3626;0.633299;0.506699;0.609999;0.241043
0.67;0.446;0.4768;0.48;0.729846
0.447999;0.434999;0.5642;0.505;0.179537
0.492;0.5379;0.568999;0.311999;0.260942
0.337;0.5569;0.337;0.579;0.361838
0.753;0.5002;0.6634;0.734;1.46596
0.55;0.649999;0.6296;0.639999;-0.474281
0.64;0.6067;0.629999;0.51;0.871765
0.48;0.6733;0.4788;0.719999;0.828337
0.75;0.4802;0.616499;0.39;0.512852
0.39;0.3598;0.4947;0.43;-0.392828
0.469999;0.554199;0.37;0.44;0.813367
0.43;0.5458;0.557599;0.739999;0.738414
0.699999;0.5648;0.5969;0.4;-0.0810692
0.449999;0.4554;0.465199;0.599999;-0.168533
0.57;0.529799;0.6143;0.4614;0.680991
0.6448;0.65;0.6444;0.718599;0.6543
0.5252;0.739999;0.340199;0.58;0.0367871
0.579999;0.701599;0.831399;0.84;-0.138114
0.83;0.6796;0.82;0.449999;0.130194
0.449999;0.343;0.4173;0.51;1.64013
0.55;0.4158;0.3427;0.43;1.05659
0.419999;0.43;0.489999;0.5;0.889554
0.45;0.52;0.13;0.0;-0.287113
0.049999;0.08;0.16;0.18;0.506347
0.248;0.183999;0.513999;0.464;-0.243224
0.422;0.5772;0.526;0.596;0.434016
0.579999;0.740199;0.559999;0.609999;1.55368
0.6;0.5186;0.64;0.8;0.55746
0.789999;0.739999;0.789999;0.719999;1.07343
0.682;0.5;0.673;0.52;0.36556
0.468;0.94;0.477;0.84;-0.540398
0.832999;0.585899;0.669999;0.5;1.12003
0.567;0.3519;0.553899;0.28;0.174328
0.3;0.392199;0.3259;0.46;0.89774
0.449999;0.3804;0.5489;0.552;1.15449
0.5804;0.5122;0.4294;0.398;0.475367
0.3796;0.4374;0.541499;0.5;0.276398
0.5;0.48;0.4604;0.48;-0.128225
0.52;0.509999;0.5141;0.549999;0.343268
0.5;0.4855;0.335899;0.22;1.08066
0.25;0.4648;0.401299;0.48;1.06907
0.469999;0.3127;0.517299;0.489999;1.05117
0.49;0.567;0.5307;0.6;0.77694
0.625999;0.526;0.579699;0.510999;-0.166125
0.474;0.483999;0.460999;0.568999;0.301956
0.58;0.58;0.37;0.21;0.577893
0.189999;0.315999;0.469999;0.53;0.431853
0.54;0.404;0.139;0.149999;-0.261475
0.109999;0.131;0.311;0.399999;0.0777415
0.419999;0.489;0.565999;0.62;0.998296
0.64;0.593;0.599;0.43;0.810786
0.44;0.439;0.434999;0.379999;0.42149
0.41;0.488;0.48;0.64;0.45404
0.609999;0.439999;0.629999;0.48;1.35287
0.469999;0.51;0.48;0.5;-0.307284
0.51;0.76;0.51;0.81;-0.323094
0.759999;0.579999;0.66;0.41;1.0651
0.45;0.42;0.449999;0.489999;0.606494
0.479999;0.539999;0.538;0.609999;1.30858
0.6;0.68;0.59;0.609999;0.149032
0.59;0.359999;0.541999;0.39;-0.463475
0.43;0.8;0.53;0.66;-0.059382
0.68;0.521999;0.652;0.609999;0.816666
0.609999;0.408;0.468;0.33;1.18492
0.3;0.43;0.405;0.609999;0.186556
0.62;0.489999;0.574999;0.469999;0.221907
0.484999;0.494;0.509999;0.44;0.739824
0.414999;0.616;0.438;0.66;0.283479
0.67;0.549999;0.532;0.289999;1.05893
0.289999;0.307;0.469999;0.51;0.55116
0.52;0.692999;0.539999;0.739999;1.20301
0.74;0.47;0.74;0.5;0.363844
0.479999;0.481999;0.299999;0.309999;0.000675648
0.31;0.378;0.27;0.31;0.278463
0.329999;0.379999;0.539999;0.579999;0.386488
0.59;0.539999;0.529999;0.59;0.0179819
0.63;0.56;0.56;0.449999;0.642972
0.389999;0.379999;0.529999;0.51;0.810539
0.5;0.5;0.5;0.48;0.663715
0.51;0.68;0.46;0.64;-0.0615934
0.629999;0.53;0.56;0.579999;0.620668
0.56;0.690999;0.639999;0.65;1.43061
0.66;0.669;0.64;0.669999;0.411551
0.649999;0.44;0.449999;0.25;0.221973
0.27;0.279999;0.53;0.52;1.32285
0.5;0.48;0.5;0.48;-0.154541
0.49;0.66;0.449999;0.609999;0.481167
0.609999;0.488;0.519;0.49;0.802608
0.509999;0.552;0.562999;0.509999;1.27204
0.5;0.705;0.577999;0.72;0.983613
0.72;0.555;0.69;0.5;0.18314
0.5;0.37;0.53;0.488;0.60636
0.48;0.509999;0.48;0.481999;0.405168
0.469999;0.55;0.414999;0.53;0.0205389
0.53;0.553;0.555;0.539999;1.02192
0.559999;0.556999;0.506999;0.59;0.654586
0.609999;0.504;0.573;0.419999;0.849562
0.41;0.417999;0.32;0.35;1.14147
0.34;0.318;0.55;0.48;0.374739
0.489999;0.558;0.449999;0.509999;0.143333
0.48;0.481999;0.42;0.49;0.176089
0.5;0.419999;0.436;0.329999;0.369309
0.34;0.44;0.439;0.43;-0.169281
0.45;0.495999;0.515;0.62;-0.0226507
0.599999;0.454;0.599999;0.48;0.986867
0.48;0.5;0.48;0.51;1.1124
0.51;0.8;0.51;0.759999;0.572907
0.759999;0.494;0.538999;0.46;-0.467549
0.47;0.548;0.661;0.57;0.948547
0.559999;0.597999;0.489999;0.419999;1.39756
0.39;0.361;0.49;0.5;0.978472
0.529999;0.488999;0.529999;0.58;-0.185651
0.56;0.5;0.55;0.46;0.758671
0.48;0.46;0.34;0.349999;-0.0786164
0.349999;0.539999;0.49;0.69;0.275903
0.69;0.55;0.66;0.489999;0.454213
0.5;0.57;0.509;0.55;0.600319
0.539999;0.43;0.460999;0.469999;0.740074
0.42;0.6;0.53;0.64;0.741579
0.68;0.539999;0.521999;0.32;0.487857
0.329999;0.34;0.455;0.46;0.34877
0.46;0.55;0.492999;0.59;0.346982
0.57;0.69;0.57;0.75;0.349881
0.77;0.549999;0.669999;0.52;1.1714
0.51;0.52;0.55;0.53;0.151204
0.539999;0.47;0.539;0.413999;0.722285
0.5;0.5;0.521;0.526;1.30436
0.419999;0.46;0.399999;0.49;0.250678
0.49;0.489999;0.474;0.46;-0.506441
0.489999;0.587;0.545999;0.629999;1.22723
0.62;0.722999;0.64;0.71;0.605243
0.69;0.58;0.652999;0.609999;0.696715
0.599999;0.48;0.637;0.48;0.271403
0.51;0.509999;0.51;0.489999;0.571104
0.489999;0.631;0.489999;0.58;0.639336
0.57;0.489;0.489;0.419999;0.524729
0.43;0.609999;0.501;0.69;0.304284
0.68;0.49;0.57;0.399999;0.836586
0.42;0.799999;0.537999;0.92;-0.282831
0.91;0.53;0.825;0.55;1.503
0.55;0.523;0.456999;0.379999;0.876211
0.389999;0.376999;0.25;0.189999;0.200014
0.18;0.36;0.5;0.66;0.158068
0.65;0.634;0.65;0.65;1.40242
0.64;0.579999;0.55;0.43;1.06781
0.449999;0.335999;0.257999;0.23;0.736012
0.23;0.53;0.442;0.8;-0.638686
0.8;0.564;0.8;0.5;1.08343
0.509999;0.745999;0.579999;0.789999;0.721436
0.76;0.522;0.708;0.489999;-0.461788
0.509999;0.477999;0.431999;0.449999;-0.119288
0.43;0.673;0.559999;0.69;1.65687
0.72;0.497;0.527;0.379999;0.397196
0.379999;0.39;0.452999;0.52;0.267958
0.44;0.460999;0.56;0.49;-0.293557
0.549999;0.798999;0.549999;0.789999;0.725906
0.78;0.69;0.76;0.67;0.762047
0.699999;0.64;0.719999;0.549999;1.32975
0.539999;0.469999;0.32;0.41;0.255062
0.39;0.55;0.56;0.74;1.16071
0.73;0.62;0.779999;0.43;1.01527
0.46;0.399999;0.43;0.579999;0.394984
0.579999;0.75;0.46;0.77;0.249084
0.76;0.53;0.8;0.369999;0.134032
0.379999;0.506999;0.388999;0.53;0.551479
0.55;0.513;0.550999;0.64;0.213706
0.6;0.53;0.58;0.34;-0.19121
0.359999;0.410999;0.379;0.48;0.950979
0.355;0.644;0.456;0.561999;0.654893
0.574999;0.331;0.574999;0.468;0.545644
0.609999;0.693999;0.609999;0.77;0.322731
0.76;0.681;0.75;0.669999;0.935664
0.669999;0.731999;0.649999;0.741;0.643011
0.629;0.782;0.659;0.743;0.0843188
0.698;0.759;0.698;0.465999;1.3925
0.602999;0.456;0.512999;0.8;1.07892
0.76;0.952;0.727;0.57;-0.177271
0.609999;0.378;0.713;0.699999;0.54078
0.69;0.799999;0.649;0.609999;1.27507
0.609999;0.45;0.550999;0.51;-0.0813583
0.52;0.329999;0.32;0.349999;0.220548
0.359999;0.34;0.405999;0.31;0.874954
0.309999;0.359999;0.434;0.469999;1.26935
0.45;0.41;0.408;0.32;0.361302
0.349999;0.91;0.541999;1.0;0.144916
1.0;0.635;0.97;0.559999;1.35525
0.59;0.564999;0.479999;0.4;1.05125
0.379999;0.42;0.45;0.469999;0.418245
0.48;0.419999;0.509999;0.55;-0.587521
0.58;0.968;0.67;1.0;0.961708
0.850999;0.717;0.850999;0.535;0.573795
0.673999;0.574999;0.561;0.43;0.600879
0.391999;0.35;0.504999;0.689;-0.274781
0.723;0.759999;0.702999;0.449999;1.11343
0.509999;0.289999;0.336;0.449999;0.225627
0.35;0.31;0.0;0.0;1.36821
0.0;0.189999;0.579999;0.69;0.180646
0.689999;0.73;0.73;0.8;0.452464
0.78;0.56;0.21;0.0;-0.202013
0.0;0.0;0.196999;0.34;0.672158
0.279999;0.497999;0.533;0.56;-0.152204
0.58;0.38;0.475999;0.32;0.596925
0.34;0.573999;0.423999;0.759999;0.702613
0.739999;0.696;0.82;0.59;0.435575
0.62;0.39;0.4;0.32;0.431328
0.27;0.25;0.0;0.03;0.708466
0.059999;0.359999;0.559999;0.77;0.790124
0.78;0.55;0.55;0.3;0.611605
0.27;0.43;0.53;0.599999;0.779229
0.64;0.654;0.619999;0.74;0.235074
0.71;0.625999;0.64;0.669999;0.683027
0.66;0.66;0.56;0.26;0.302272
0.3;0.4;0.449999;0.68;0.678115
0.669999;0.515999;0.609999;0.532;1.06393
0.343;0.504999;0.396;0.315;-0.483272
0.334;0.339;0.390999;0.532999;-0.191925
0.683;0.609999;0.632999;0.57;0.0842801
0.57;0.379999;0.23;0.15;0.870212
0.16;0.272;0.48;0.619999;0.696789
0.609999;0.527999;0.576;0.46;0.728261
0.47;0.8;0.564;0.82;0.419556
0.849999;0.489999;0.73;0.399999;0.664153
0.37;0.69;0.489999;0.71;0.105496
0.69;0.42;0.56;0.39;1.13622
0.0;0.479999;0.099999;0.57;1.21589
1.0;0.9;1.0;0.96;0.00460061
0.96;0.5;0.78;0.299999;-0.455345
0.309999;0.559999;0.439999;0.58;0.839566
0.489999;0.379999;0.25;0.109999;1.15397
0.19;0.12;0.439;0.469999;-0.391496
0.48;0.94;0.311;0.36;1.05496
0.34;0.169999;0.438;0.529999;1.00191
0.51;0.38;0.611999;0.699999;0.271996
0.699999;0.539999;0.399999;0.14;0.323369
0.0;0.149999;0.0;0.41;1.36866
1.0;0.51;0.94;0.66;-0.321261
0.64;0.71;0.645999;0.64;0.318461
0.63;0.739999;0.854;0.82;-0.129644
0.829999;0.51;0.559999;0.32;1.44862
0.309999;0.43;0.39;0.359999;0.11793
0.37;0.439999;0.529999;0.649999;-0.17905
0.66;0.56;0.5;0.32;0.552597
0.309999;0.358999;0.42;0.5;0.946718
0.52;0.551;0.579999;0.65;0.875946
0.279999;0.789999;0.3;0.73;-0.140096
1.0;0.489999;0.97;0.379999;0.733777
0.369999;0.4;0.459999;0.609999;0.266542
0.61;0.629999;0.616;0.53;-0.250376
0.539999;0.41;0.264;0.23;1.59733
0.23;0.359999;0.5;0.609999;0.32643
0.609999;0.52;0.466999;0.378;-0.307823
0.238;0.69;0.401;0.841999;1.09467
0.972;0.579999;0.841999;0.37;1.32587
0.379999;0.343;0.46;0.53;-0.113354
0.509999;0.537;0.559999;0.5;0.476801
0.53;0.610999;0.149;0.319999;0.656553
0.309999;0.363;0.545;0.48;0.74478
0.48;0.422999;0.0;0.24;0.36146
0.24;0.265;0.973;0.509999;-0.347266
0.5;0.600999;0.593999;0.59;1.02511
0.59;0.589;0.52;0.62;0.36117
0.629999;0.524999;0.58;0.43;-0.0172594
0.42;0.402;0.416999;0.57;0.967532
0.579999;0.599;0.561;0.344;-0.18859
0.344;0.667999;0.482;0.885999;1.50631
0.885999;0.582;0.753;0.46;0.261741
0.449999;0.459;0.532;0.52;0.520255
0.539999;0.706;0.540999;0.759999;0.431173
0.75;0.805;0.702;0.67;0.259932
0.69;0.408;0.687999;0.579999;0.754978
0.55;0.738;0.53;0.56;0.779175
0.539999;0.387;0.506;0.609999;-0.0903168
