<OPEN>;<HIGH>;<LOW>;<CLOSE>;(predicted -> )<LOW>
1.0;1.0;1.0;1.0;0.3281814
1.0;1.0;1.0;1.0;0.6812197
1.0;1.0;1.0;1.0;0.50173223
1.0;1.0;1.0;1.0;0.41481972
0.0;0.0;0.0;0.0;0.46685454
0.0;0.0;0.0;0.0;0.42096496
0.0;0.0;0.0;0.0;1.0599089
0.0;0.0;0.0;0.0;0.5931568
0.5;0.5;0.5;0.5;0.2281588
0.0;0.0;0.0;0.0;0.53575754
0.519;0.519;0.519;0.519;0.72205484
0.494;0.494;0.494;0.494;0.56121767
1.0;1.0;1.0;1.0;0.19496796
1.0;1.0;1.0;1.0;0.72306216
1.0;1.0;1.0;1.0;0.7335019
0.0;0.0;0.0;0.0;-0.39344317
0.0;0.0;0.0;0.0;0.8251947
0.622;0.622;0.622;0.622;0.28420806
0.822999;0.822999;0.822999;0.822999;0.55553734
0.268;0.268;0.268;0.268;0.38256168
0.669;0.669;0.669;0.669;0.7677001
0.442;0.442;0.442;0.442;1.3135505
0.762;0.762;0.762;0.762;0.2993238
0.597;0.597;0.597;0.597;0.9427917
0.262999;0.262999;0.262999;0.262999;0.28532565
0.577999;0.577999;0.577999;0.577999;0.35704792
1.0;1.0;1.0;1.0;0.032464832
0.689999;0.689999;0.689999;0.689999;-0.758471
0.513;0.513;0.513;0.513;1.3254356
0.015;0.015;0.015;0.015;0.42746782
0.123999;0.123999;0.123999;0.123999;0.78829646
0.0;0.0;0.0;0.0;1.0558408
1.0;1.0;1.0;1.0;0.31377494
1.0;1.0;1.0;1.0;0.24286029
1.0;1.0;1.0;1.0;0.40308952
0.0;0.0;0.0;0.0;0.95814884
0.0;0.0;0.0;0.0;-0.43909734
0.173;0.173;0.173;0.173;-0.038425922
0.696999;0.696999;0.696999;0.696999;1.6126465
0.289;0.289;0.289;0.289;0.6226343
0.544;0.544;0.544;0.544;0.31708896
0.334999;0.334999;0.334999;0.334999;1.2081039
0.268;0.268;0.268;0.268;0.61228395
0.555;0.555;0.555;0.555;0.33401668
0.089999;0.089999;0.089999;0.089999;0.72117865
0.0;0.0;0.0;0.0;0.58210015
0.029;0.029;0.029;0.029;0.12605903
0.312999;0.312999;0.312999;0.312999;0.18417355
1.0;1.0;1.0;1.0;0.8770567
0.5;0.5;0.5;0.5;0.711934
0.215;0.215;0.215;0.215;0.2784741
0.891999;0.891999;0.891999;0.891999;0.3896755
0.508;0.508;0.508;0.508;0.7496667
1.0;1.0;1.0;1.0;0.47763106
0.658999;0.658999;0.658999;0.658999;0.5651933
1.0;1.0;1.0;1.0;0.42255044
0.257999;0.257999;0.257999;0.257999;0.2779168
0.486999;0.486999;0.486999;0.486999;0.431965
0.0;0.0;0.0;0.0;0.86980283
0.333;0.333;0.333;0.333;0.79196215
1.0;1.0;1.0;1.0;0.6812167
0.265;0.265;0.265;0.265;0.72206974
0.440999;0.440999;0.440999;0.440999;0.58478236
0.63;0.63;0.63;0.63;0.18316922
0.498999;0.498999;0.498999;0.498999;0.2566856
1.0;1.0;1.0;1.0;0.39765358
0.967;0.967;0.967;0.967;0.29905558
1.0;1.0;1.0;1.0;0.4359883
1.0;1.0;1.0;1.0;0.95569015
1.0;1.0;1.0;1.0;0.28395474
0.309999;0.309999;0.309999;0.309999;0.16403314
0.402;0.402;0.402;0.402;0.8990419
0.245999;0.245999;0.245999;0.245999;0.7062119
1.0;1.0;1.0;1.0;0.46962318
0.942;0.942;0.942;0.942;0.5213243
0.646;0.646;0.646;0.646;0.27421534
0.87;0.87;0.87;0.87;0.38458526
0.739999;0.739999;0.739999;0.739999;0.2504897
0.292;0.292;0.292;0.292;0.9669405
0.509999;0.509999;0.509999;0.509999;0.25388718
0.0;0.0;0.0;0.0;0.7335317
0.0;0.0;0.0;0.0;1.0349584
0.163999;0.163999;0.163999;0.163999;0.51265776
0.056;0.056;0.056;0.056;0.60975075
1.0;1.0;1.0;1.0;0.4344386
0.369;0.369;0.369;0.369;-0.093125105
0.332;0.332;0.332;0.332;0.5857122
0.0;0.0;0.0;0.0;0.78380823
0.5;0.5;0.5;0.5;0.8024049
0.5;0.5;0.5;0.5;0.14852104
0.5;0.5;0.5;0.5;0.63911796
0.5;0.5;0.5;0.5;0.6963295
0.5;0.5;0.5;0.5;0.43855727
0.5;0.5;0.5;0.5;0.9997678
0.5;0.5;0.5;0.5;0.34187853
0.5;0.5;0.5;0.5;-0.010730624
0.5;0.5;0.5;0.5;0.59592843
0.5;0.5;0.5;0.5;0.46619293
0.5;0.5;0.5;0.5;0.4918855
0.5;0.5;0.5;0.5;0.30225337
0.5;0.5;0.5;0.5;0.32861352
0.5;0.5;0.5;0.5;0.6785792
0.5;0.5;0.5;0.5;0.8216423
1.0;1.0;1.0;1.0;0.46026823
0.3226;0.3018;0.3226;0.2997;0.47597107
0.483999;0.483999;0.483999;0.493099;0.22509512
0.080999;0.080999;0.080999;0.080999;0.5035174
0.6907;0.6907;0.6907;0.6907;0.5572212
0.4021;0.4021;0.4021;0.4021;0.5894822
0.6398;0.6398;0.6398;0.6398;0.2247077
0.523099;0.523099;0.523099;0.523099;-0.13514936
0.459299;0.459299;0.459299;0.459299;0.9239805
0.442;0.442;0.442;0.442;0.6657791
0.503499;0.503499;0.503499;0.503499;0.30748963
0.2972;0.2972;0.2972;0.2972;1.0232967
0.4756;0.4756;0.4756;0.4756;0.54268956
0.6336;0.6336;0.6336;0.6336;0.38400412
0.468599;0.468599;0.468599;0.468599;0.68616986
0.5286;0.6026;0.4726;0.5306;0.3507805
0.2769;0.2029;0.3329;0.274899;0.051600903
0.6033;0.6033;0.6033;0.6033;0.19870815
0.392099;0.392099;0.392099;0.392099;1.0482591
0.1263;0.1263;0.1263;0.1263;0.6477219
0.275199;0.275199;0.275199;0.275199;1.0541451
0.4282;0.4282;0.4282;0.4282;1.0369849
0.4953;0.4953;0.4953;0.4953;-0.07816732
0.6645;0.6645;0.6645;0.6645;-0.07088363
0.3964;0.3964;0.3964;0.3964;0.47865328
0.421099;0.421099;0.421099;0.421099;0.20761904
0.6291;0.6291;0.6291;0.6291;0.43625355
0.472799;0.472799;0.472799;0.472799;0.77234626
0.6168;0.6168;0.6168;0.6168;0.5519134
0.492599;0.492599;0.492599;0.492599;0.5678159
0.525099;0.525099;0.525099;0.525099;0.9916675
0.486;0.486;0.486;0.486;0.28960824
0.6226;0.6226;0.6226;0.6226;0.40922582
0.451999;0.451999;0.451999;0.451999;0.48553762
0.6442;0.6442;0.6442;0.6442;0.31285405
0.091899;0.091899;0.091899;0.091899;0.42134047
0.910399;0.910399;0.910399;0.910399;0.69425225
0.9116;0.9116;0.9116;0.9116;0.3683102
1.0;1.0;1.0;1.0;0.78122437
0.216;0.216;0.216;0.216;0.25484085
0.438599;0.7135;0.4025;0.7014;0.8403164
0.7494;0.793799;0.785499;0.793499;0.4702073
0.782399;1.0;0.782399;1.0;0.4164827
1.0;1.0;1.0;0.0;0.17475602
1.0;0.450599;0.4004;1.0;0.31015396
0.0;0.0;0.0;0.0;0.7303488
0.0;0.0;0.132;0.0;0.6601465
0.068699;0.5499;0.2207;1.0;0.28832376
1.0;1.0;1.0;1.0;0.62419295
1.0;0.0;1.0;0.0;0.21903035
1.0;1.0;1.0;0.8767;0.46018478
0.2071;0.375;0.277999;0.549299;0.2750945
0.5909;0.509;0.655;0.173;0.35380244
0.728999;0.509;0.739;1.0;0.55540323
0.459;0.459;0.459;0.459;0.7099223
0.402999;0.402999;0.402999;0.402999;0.3676635
0.108;0.108;0.108;0.108;0.25589287
0.553999;0.553999;0.553999;0.553999;0.33414483
0.0;0.0;0.0;0.0;0.500558
0.441999;0.441999;0.441999;0.441999;-0.0023114681
0.0;0.0;0.0;0.0;0.2905202
0.495;0.495;0.495;0.495;0.57210445
0.288999;0.288999;0.288999;0.288999;0.5799067
0.535;0.535;0.535;0.535;0.5866718
0.601;0.601;0.601;0.601;0.8226049
0.0;0.0;0.0;0.0;0.6181073
0.702999;0.702999;0.702999;0.702999;0.3010434
0.433;0.433;0.433;0.433;0.5701822
0.111;0.111;0.111;0.111;0.77828586
0.913999;0.913999;0.913999;0.913999;0.22775647
0.594;0.594;0.594;0.594;0.6742072
0.565;0.565;0.565;0.565;0.46691117
0.518;0.518;0.518;0.518;0.10286984
0.241;0.241;0.241;0.241;1.095469
0.781199;0.781199;0.781199;0.781199;0.253762
0.425799;0.425799;0.425799;0.425799;0.97777665
0.424;0.424;0.424;0.424;1.7638366
1.0;1.0;1.0;1.0;0.9680015
0.729499;0.729499;0.729499;0.729499;-0.22755444
0.2615;0.2615;0.2615;0.2615;-0.15461028
0.0;0.0;0.0;0.0;0.10763821
0.485;0.485;0.485;0.485;0.065110296
0.7134;0.7134;0.7134;0.7134;0.20360765
0.4376;0.4376;0.4376;0.4376;1.625974
0.326999;0.326999;0.326999;0.326999;0.08300063
0.353899;0.353899;0.353899;0.353899;0.20327684
0.1731;0.1731;0.1731;0.1731;-0.008054376
0.3686;0.3686;0.3686;0.3686;0.79285324
0.476399;0.476399;0.476399;0.476399;1.0879439
0.6931;0.6931;0.6931;0.6931;-0.2095002
0.5959;0.759899;0.5029;0.533899;0.34614027
0.3447;0.1807;0.4377;0.4067;0.7559073
0.0013;0.0013;0.0013;0.0013;0.14266488
0.6509;0.8441;0.572599;0.7028;1.4202964
0.603199;0.521899;0.4485;0.410999;1.1747342
0.6011;0.4905;0.526699;0.2932;-0.04211545
0.2149;0.461599;0.5223;0.721999;0.24350998
0.9895;0.8249;0.6617;0.6056;1.0599536
0.189599;0.270199;0.4878;0.401399;0.74151576
0.603999;0.5501;0.633599;0.663;0.6943953
0.5491;0.480499;0.4388;0.401699;0.7590395
0.3033;0.376899;0.3587;0.4123;-0.24991512
0.6096;0.5133;0.364599;0.224;0.5694729
0.180899;0.459;0.4573;0.513999;0.9767276
0.3499;0.3591;0.3734;0.487;0.6397855
0.7696;0.505199;0.474999;0.416999;0.5006951
0.3352;0.412199;0.498;0.718;0.69985807
0.607299;0.4944;0.472;0.228;0.38725257
0.3823;0.439499;0.612099;0.778399;0.4270774
0.680099;0.8378;0.6519;0.7374;0.66813946
0.515899;0.410699;0.5668;0.393;0.17527458
0.4147;0.312799;0.218999;0.1582;-0.09142637
0.334;0.4993;0.4649;0.518799;0.9863746
0.5762;0.407;0.266999;0.3061;1.1769187
0.1316;0.4037;0.5304;0.7745;0.28624654
0.822099;0.587299;0.4259;0.4316;0.2111536
0.4737;0.452099;0.805899;0.44;0.76437414
0.481999;0.5699;0.4673;0.5717;-0.19799054
0.347;0.513999;0.387699;0.437199;0.2286565
0.579099;0.342;0.3404;0.4091;0.48585948
0.3281;0.349;0.157499;0.403099;0.47439453
0.452299;0.4862;0.8172;0.5931;0.68629205
0.5102;0.503299;0.5;0.5058;1.1637819
0.5815;0.5528;0.591;0.4895;0.5909723
0.447899;0.441599;0.4845;0.4732;0.41102588
0.3099;0.3609;0.079899;0.307299;0.43004572
0.8855;1.0;1.0;1.0;0.109748214
0.867799;0.5372;0.888999;0.679;0.26275337
0.606999;0.606999;0.606999;0.606999;1.0207993
0.4588;0.578399;0.4588;0.337;0.5225581
0.5468;0.9066;0.5468;0.9831;0.6038439
0.814499;0.4428;0.156399;0.0;0.61967194
0.4566;0.526399;1.0;1.0;0.23527262
0.552099;0.5329;0.638;0.629799;0.3261429
0.616799;0.552699;0.563099;0.475;0.28336167
0.4511;0.3933;0.4457;0.4239;0.2404761
0.4845;0.516999;0.494699;0.622199;-0.14375925
0.6321;0.914;0.681;0.7239;1.0928613
0.878699;0.6017;0.739799;0.533;0.34707904
0.41;0.802699;0.5195;0.867;0.51887155
0.8227;1.0;0.716999;0.594999;0.618307
0.745799;0.0;0.8809;0.684999;0.045840114
0.5636;0.4397;0.0;0.1059;0.749169
0.062;0.055599;0.8481;0.3001;-0.0458318
0.6205;0.8644;0.6949;0.430999;1.050694
0.308899;0.069;0.295999;0.5821;0.3243637
0.3736;0.347999;0.1079;0.0249;0.7030976
0.2315;0.209;0.0;0.526199;0.8879852
0.3619;0.7577;0.8944;0.951699;0.08108136
0.911299;0.8889;0.599399;0.053;0.5458486
0.666;0.3765;0.1171;0.574099;0.3195089
0.0;0.0555;0.882999;0.312;0.4618537
0.7195;0.498799;0.5577;0.535;0.5545628
0.358;0.3594;0.0;0.338;0.66025376
0.443199;0.533199;1.0;0.863799;0.8038652
0.5885;0.528;0.4779;0.4088;1.1009407
0.5347;1.0;0.644199;0.877399;0.7483703
0.9097;0.650099;0.9108;1.0;0.15704748
1.0;0.9506;1.0;0.9654;0.35767078
0.9922;0.6113;0.967199;0.145199;0.36293685
0.3553;0.1449;0.3303;0.634;-0.31253284
0.4206;0.4834;0.3504;0.398299;1.4102888
0.505199;0.6006;0.581399;0.5179;1.2517315
0.520299;0.409299;0.4184;0.2008;0.23329374
0.2636;0.4767;0.105799;0.052999;0.55551946
0.173;0.0;0.2515;0.7753;0.6075871
0.564499;0.5383;0.4001;0.2501;0.1652908
0.079;0.1615;0.320499;0.113599;0.07919487
0.608499;0.7564;0.7058;0.597;1.019029
0.418099;0.306999;0.396999;0.547;-0.34363455
0.5817;0.632;0.6157;0.379;0.26682734
0.3643;0.418899;0.4022;0.584999;1.2901318
0.7192;0.5912;0.7192;0.9047;0.38111627
0.424499;0.4169;0.287399;0.0;0.8739126
0.6022;0.561199;0.6606;0.9583;0.2419841
0.3953;0.3904;0.390499;0.1707;-0.07505596
0.238099;0.367599;0.296399;0.495999;0.7216644
0.7634;0.7118;0.6778;0.9308;0.67657053
0.651399;0.847;0.7622;0.4312;0.42044044
0.805099;0.997;0.805099;0.975999;0.42452037
0.698499;0.741599;0.548;1.0;0.6505501
0.9855;0.5913;0.267199;0.2281;0.049329966
0.561399;0.409099;1.0;0.498;0.84193766
0.3506;0.4366;0.5837;0.547999;0.53352535
0.5468;0.474699;0.4314;0.5558;0.23000357
0.279;0.3597;0.0;0.2332;1.0792446
0.540599;0.6733;1.0;0.745999;0.54154813
0.8453;0.616399;0.6749;0.698399;0.33687174
0.4323;0.548;0.0;0.4206;0.16182777
0.6754;0.909399;1.0;0.95;0.81018627
0.826599;0.4741;0.646599;0.572999;-0.40548033
0.2424;0.4858;0.0;0.4512;0.6879401
0.5117;0.9188;1.0;0.0;1.2972515
0.351899;0.0;0.1663;0.641999;0.051338643
0.5246;0.369899;0.504199;0.12;0.511567
0.5274;0.485099;0.3868;0.691099;0.7400495
0.1035;0.1113;0.3194;0.0569;-0.09456158
0.2328;0.7475;0.505099;0.727;0.4321289
0.6855;0.4204;0.6855;0.8751;0.9097886
0.675799;0.566799;0.4194;0.4133;0.37796915
0.1704;0.604;0.4268;0.5213;0.3617835
0.782399;0.539999;0.782399;0.578699;1.3851714
0.5946;0.2893;0.526199;0.2276;0.7159871
0.4527;0.515699;0.4318;0.672499;0.2552402
0.2006;0.728999;0.279199;0.352999;0.4169327
0.641999;0.0767;0.476199;0.1485;0.50214946
0.3294;0.298699;0.4282;0.737199;0.35645485
0.4773;0.5522;0.5473;0.6019;0.5362493
0.5732;0.570399;0.559799;0.1849;0.75606525
0.4553;0.4933;0.3835;0.689399;0.5091679
0.434799;0.350399;0.4161;0.407299;0.6301266
0.478;0.4981;0.5671;0.556799;0.09363112
0.472999;0.831199;0.4955;0.812;0.51770926
0.8171;0.4835;0.625799;0.0;0.52397966
0.2803;0.2165;0.3982;0.575999;0.41297793
0.4757;0.783999;0.549099;0.646;0.5379808
0.612099;0.3441;0.506499;0.588799;0.73669076
0.3712;0.2972;0.186199;0.0;0.6343317
0.314299;0.518699;0.5059;0.922999;-0.03249824
0.470099;0.387;0.0;0.2985;0.633533
0.3077;0.403499;1.0;0.4472;0.5735439
0.5011;0.5161;0.4864;0.365299;0.17309901
0.666399;0.727399;0.724399;0.417;0.8170378
0.4307;0.2373;0.3947;0.692399;0.39026856
0.357299;0.426199;0.460899;0.5581;0.92262745
0.6028;1.0;0.6028;1.0;0.9935272
1.0;0.7532;1.0;0.4733;0.40069044
0.6505;0.489999;0.6505;0.656099;0.1456928
0.571099;0.468;0.240499;0.1081;0.17656502
0.294499;0.2222;0.4824;0.588899;0.3294599
0.1181;0.3767;0.2608;0.1226;0.6997359
0.747799;0.485299;0.459199;0.596699;0.94331324
0.2302;0.2604;0.390799;0.494;0.58412373
0.537;0.690899;0.6429;0.6273;0.22277352
0.670099;0.6796;0.4376;0.318899;0.5496782
0.2815;0.1169;0.4148;0.5059;0.4893374
0.4952;0.5688;0.6261;0.530999;-0.044767857
0.499399;0.4262;0.4316;0.430199;0.5716932
0.5248;0.647499;0.5212;0.7167;0.54899573
0.616;0.5775;0.6408;0.5183;0.655849
0.5257;0.698499;0.5627;0.787099;0.6092322
0.804599;0.7004;0.804599;0.504999;0.74661195
0.5396;0.5941;0.5396;0.6171;0.3007871
0.6558;0.407399;0.5778;0.3576;-0.021912456
0.450499;0.476199;0.5285;0.598599;0.8146477
0.4828;0.559;0.4828;0.5572;0.26605844
0.767099;1.0;0.767099;0.9544;0.2986592
0.8624;0.735099;0.783899;0.5363;0.8066249
0.4221;0.5221;0.4635;0.706399;0.3223431
0.588999;0.2789;0.0;0.399899;0.24085161
0.4596;1.0;1.0;1.0;1.2914073
1.0;1.0;1.0;0.811799;0.7026684
1.0;0.171299;0.392599;0.8559;0.48340973
0.565299;0.238399;1.0;0.348499;0.65991104
0.3273;0.2791;0.095299;0.0731;0.97441196
0.1235;0.2272;0.4331;0.4855;0.43578863
0.497;0.384;0.575999;0.523;0.77869713
0.2478;0.491199;0.2658;0.509399;0.5814892
0.625699;0.497799;0.5517;0.415399;-0.5081345
0.6953;0.5919;0.421499;0.3903;0.5388421
0.1207;0.146599;0.3373;0.2783;0.9036374
0.5566;0.582699;0.528599;0.550599;0.19083735
0.3521;0.424499;0.5113;0.4917;0.34122288
0.492899;0.4458;0.172699;0.1494;0.4895192
0.1076;0.077899;0.1754;0.165599;0.5032551
0.3492;0.414999;0.529499;0.5187;0.72523475
0.263299;0.2573;0.1961;0.362299;1.0126752
0.4211;0.6121;0.5604;0.7321;0.096548766
0.6938;0.913699;0.539299;0.882099;-0.4740376
1.0;0.668199;0.8583;0.1834;0.57819605
0.2843;0.1522;0.4435;0.495099;0.78731596
0.446899;0.7221;0.5916;0.7705;0.21030125
0.706299;0.555399;0.7073;0.540099;0.6947738
0.6098;0.5042;0.381;0.389199;0.14405665
0.2392;0.399;0.5008;0.614;0.6568712
0.7391;0.584599;0.432199;0.2239;0.7527095
0.148299;0.2648;0.404;0.6211;0.8353931
0.5654;0.560299;0.5788;0.582099;0.68056405
0.6556;0.8119;0.6934;0.5629;0.2934736
0.666499;0.3808;0.6015;0.5518;0.3496033
0.49;0.504;0.507999;0.559999;0.27763963
0.632899;1.0;0.6799;1.0;0.770427
0.919699;0.495799;0.764199;0.2998;0.787459
0.369;0.332899;0.062599;0.1555;0.36694527
0.0405;0.0849;0.099;0.005299;0.5545598
0.0;0.0;0.0;0.2019;0.08970615
0.738699;0.6736;0.643599;0.432499;0.4019779
0.595;0.305399;0.4695;0.5448;0.96435666
0.553999;0.6352;0.4224;0.305199;0.4144621
0.1582;0.172699;0.4595;0.489899;0.5378914
0.3306;0.4098;0.381499;0.430099;0.6410432
0.4923;0.3743;0.4055;0.3333;0.44593334
0.483699;0.4894;0.465799;0.521899;0.8561176
0.6448;0.6828;0.6702;0.7885;0.7118386
0.6059;0.4737;0.456;0.4116;0.5392742
0.360999;0.6267;0.590199;0.527899;0.36774993
0.4707;0.292999;0.4193;0.4357;0.603531
0.581199;0.5986;0.56;0.5871;0.6807488
0.5102;0.550999;0.523699;0.526;0.13741371
0.5062;0.4192;0.5119;0.388999;0.4574698
0.529199;0.469999;0.582599;0.594799;0.7644993
0.5053;0.5649;0.4514;0.4365;-0.14884949
0.114799;0.163999;0.1687;0.2669;1.274277
0.588999;0.7473;0.571999;0.707599;0.51768243
0.8481;0.5838;0.7059;0.576899;0.017697781
0.575199;0.6036;0.4581;0.3884;0.8140129
0.1372;0.189599;0.3674;0.3413;0.3239584
0.2557;0.268999;0.1509;0.2145;0.47988114
0.4483;0.8207;0.5992;0.996399;0.22454676
0.931999;0.5154;0.8059;0.4638;0.9604466
0.3692;0.5912;0.448499;0.544999;0.46923575
0.656799;0.4051;0.581;0.5115;-0.018264651
0.6724;0.8203;0.710699;0.369199;1.4071596
0.461499;0.371099;0.3516;0.312999;0.11842069
0.2877;0.315999;0.4131;0.7775;0.04513678
0.4465;0.569;0.5153;0.4626;0.76559603
0.663;0.642999;0.559;0.4513;0.10081944
0.406399;0.265;0.314999;0.337899;0.80613315
0.3558;0.3344;0.4543;0.4182;0.22074994
0.392599;0.5443;0.4875;0.6082;0.92269003
0.8249;0.9513;0.8269;0.796299;0.4491222
0.384799;0.072599;0.2303;0.0;0.38449287
0.062799;0.2291;0.116399;0.062;0.85384667
0.465299;0.377299;0.4542;0.8004;0.40462136
0.3959;0.4725;0.507899;0.523599;0.17610607
0.4877;0.338;0.0512;0.0;0.7240069
0.0;0.087499;0.235599;0.6433;0.87282777
0.555599;0.422;0.3073;0.0;0.25164008
0.1745;0.1479;0.3138;0.7637;0.25057316
0.493099;0.4742;0.6173;0.556899;0.9076309
0.6592;0.6052;0.420299;0.1684;0.20414707
0.002199;0.2925;0.0;0.190299;0.4134071
0.3064;0.108699;0.9308;0.3947;0.65431416
0.459;0.6187;0.654499;0.8178;0.36607504
0.7466;0.5966;0.5527;0.417199;0.14583585
0.404199;0.4438;0.591;0.7169;0.6373596
0.7639;0.8124;0.747599;0.6889;0.2606523
0.3426;0.481999;0.213699;0.241799;0.6059927
0.4514;0.306999;0.5275;0.6454;0.6742549
0.9229;0.7432;0.7325;0.532999;0.41127324
0.213299;0.2728;0.245;0.239;0.53500056
0.3022;0.2878;0.3627;0.368;0.5753827
0.4421;0.488199;0.5261;0.5717;-0.20796835
0.4176;0.489999;0.0122;0.471699;0.4665297
0.5703;0.6072;0.923999;0.7312;0.5619836
0.6644;0.998799;0.8199;0.5656;0.2536279
0.593399;0.177199;0.524799;0.604799;0.022230715
0.413899;0.4514;0.379799;0.4457;0.77220917
0.744;1.0;0.8455;1.0;0.5023998
0.8298;0.4389;0.8;0.4239;1.0961306
0.5046;0.818999;0.535599;0.559799;1.628248
0.627399;0.491;0.5762;0.476199;0.27136624
0.6841;0.606999;0.610599;0.5865;0.006864637
0.3706;0.8038;0.4953;0.916399;0.57895005
0.9877;0.438199;0.846;0.5463;0.15316424
0.4489;0.7499;0.5906;0.6798;0.21490869
0.712299;0.6751;0.712299;0.620999;0.7878196
0.6517;0.5622;0.439399;0.3393;0.5214822
0.3506;0.409799;0.4656;0.568099;0.42164445
0.4726;0.2828;0.5699;0.5547;1.2650412
0.586099;0.8942;0.586099;0.6872;0.34299016
0.7174;0.573999;0.646699;0.4431;0.34189343
0.377599;0.1171;0.2651;0.267199;1.2561393
0.3553;0.6404;0.439399;0.808399;0.6687236
0.8005;0.7635;0.7567;0.431;-0.024165511
0.311599;0.099;0.2635;0.123;0.8075994
0.267499;0.507999;0.292899;0.218;0.37559986
0.3353;0.135999;0.2667;0.413499;-0.29730684
0.1747;0.341;0.391999;0.3808;0.55565953
0.4513;0.2224;0.320999;0.487299;0.88024557
0.5211;0.7876;0.6683;0.6804;0.3952098
0.7028;0.645;0.5594;0.4752;0.5182785
0.3806;0.456699;0.5102;0.7303;0.85582554
0.7988;0.6825;0.8126;0.604699;0.5836469
0.523;0.320799;0.4177;0.2818;0.35903275
0.3919;0.418;0.432199;0.56;0.48561808
0.548099;0.898;0.613099;0.5886;0.4559588
0.5017;0.256;0.4619;0.386799;0.4095924
0.3908;0.550999;0.3497;0.4139;0.64334095
0.5119;0.59;0.5928;0.5805;0.7280004
0.590499;0.250399;0.420999;0.377499;0.35716414
0.331099;0.4956;0.1648;0.1715;0.32326102
0.1989;0.277999;0.3109;0.139199;0.50827086
0.181999;0.097599;0.405799;0.7786;0.4474026
0.716699;0.5425;0.6029;0.404699;0.5265963
0.4186;0.471899;0.271099;0.0207;0.55166304
0.0487;0.249;0.2307;0.5563;0.19688424
0.5089;0.244199;0.3614;0.480499;0.028259724
0.560199;0.7773;0.7667;0.7404;0.11794087
0.7021;0.666499;0.6171;0.4175;0.50412536
0.248799;0.515699;0.354099;0.7667;0.71493804
0.9217;0.6013;0.877099;0.539099;0.15971479
0.549999;0.617999;0.4542;0.3851;-0.067584515
0.2937;0.15;0.2674;0.287199;0.7608813
0.3066;0.445499;0.4695;0.6094;0.5534899
0.64;0.630499;0.5581;0.3931;0.5499494
0.223099;0.281;0.052299;0.0;0.19029197
0.4;0.1766;0.218399;0.402699;0.11508879
0.1369;0.273399;0.5129;0.564;0.39491475
0.6084;0.664;0.5839;0.5766;0.81454337
0.4816;0.488;0.336099;0.229699;1.4565628
0.285899;0.215999;0.3748;0.4373;0.18665609
0.4861;0.652;0.591799;0.7163;-0.17895877
0.7146;0.751999;0.6371;0.2414;0.86646795
0.375299;0.267;0.4296;0.682599;0.4698467
0.5792;0.609999;0.6399;0.8241;0.27751446
0.8382;0.625999;0.562;0.5062;0.9155017
0.436699;0.54;0.657899;0.529399;1.3447206
0.5433;0.382899;0.3468;0.2498;0.44100702
0.224799;0.435099;0.354699;0.2539;0.24414477
0.3641;0.1655;0.3166;0.464199;1.19874
0.2653;0.503499;0.3727;0.4704;0.19898233
0.5591;0.5192;0.7227;0.520399;-0.35592204
0.5626;0.557099;0.460699;0.6935;0.7470143
0.601399;0.591699;0.5395;0.4035;0.13981876
0.4257;0.58;0.424199;0.239999;0.3732425
0.355;0.135999;0.305499;0.597799;0.7440847
0.552199;0.4553;0.4489;0.3411;0.80868125
0.3355;0.617799;0.5459;0.6671;0.85381687
0.762;0.4539;0.7638;0.657;1.0321271
0.4968;0.645;0.248899;0.271599;0.68258464
0.309099;0.282999;0.0602;0.0;-0.06852925
0.0;0.0;0.334699;0.669;0.55556715
0.639499;0.6937;0.5324;0.4875;0.61677814
0.381;0.2375;0.291899;0.2892;0.5799246
0.2335;0.4055;0.462;0.2593;0.35179377
0.624699;0.637;0.617;0.629999;-0.03095746
0.3632;0.547;0.3672;0.475;0.7243675
0.5046;0.37;0.480799;0.428899;0.78947663
0.287399;0.059599;0.329499;0.3474;0.72119355
0.525;0.477799;0.4451;0.5228;0.6343615
0.431099;0.421199;0.4473;0.2469;0.4395944
0.4681;0.7424;0.543599;0.8504;0.679515
0.7931;1.0;0.7931;0.790599;0.25565743
1.0;0.262;0.916599;0.617;0.63866794
0.3486;0.550999;0.507899;0.673;0.15385565
0.697099;0.625;0.639099;0.483999;-0.37054306
0.4554;0.5062;0.5308;0.513;0.5952072
0.407299;0.2828;0.350999;0.702999;0.5749148
0.5886;0.389599;0.5668;0.201999;0.790025
0.322199;0.295;0.3904;0.5441;0.6679219
0.5573;0.729399;0.515899;0.4069;0.16457257
0.451999;0.3416;0.4141;0.4871;0.45199808
0.3641;0.445799;0.485299;0.5669;0.29518127
0.5922;0.445899;0.5473;0.454599;0.50228953
0.4266;0.7197;0.4715;0.430399;0.45236763
0.653699;0.495999;0.559899;0.489;0.18160161
0.2796;0.414999;0.2924;0.315999;0.67121506
0.4118;0.1547;0.278199;0.4189;0.65053225
0.2514;0.2483;0.2498;0.2558;0.20974693
0.3431;0.351699;0.515499;0.5669;0.07555005
0.608;0.6819;0.2964;0.250699;0.51403165
0.190899;0.141299;0.5137;0.3987;0.7914674
0.670999;0.6035;0.431799;0.427;0.71234226
0.338;0.3561;0.4801;0.445999;1.0152501
0.4041;0.402799;0.4753;0.6027;0.7705134
0.4691;0.483899;0.280099;0.162299;0.18178639
0.258199;0.2877;0.4093;0.6081;0.47460613
0.5402;0.7866;0.636499;0.8301;0.693689
0.754299;0.7729;0.7488;0.3948;0.41986823
0.4819;0.4026;0.462599;0.661999;0.3756863
0.7494;0.7793;0.7743;0.800999;0.42582572
0.809999;0.7013;0.736799;0.507;0.33153117
0.4916;0.823799;0.5641;0.544;0.5545509
0.671599;0.3135;0.4749;0.416999;0.79394996
0.3893;0.291699;0.465199;0.464;0.5269599
0.610699;0.7083;0.5348;0.535999;0.15764353
0.3893;0.291699;0.465199;0.464;1.1173052
0.4377;0.433499;0.4147;0.5731;0.20513055
0.334499;0.4288;0.3831;0.4924;0.35678864
0.7748;0.755499;0.796099;0.7287;0.89291155
0.480599;0.4204;0.380099;0.245799;0.1216304
0.319199;0.338799;0.4017;0.358;0.38754463
0.2736;0.4723;0.564999;0.679099;0.64249456
0.692;0.488099;0.433199;0.4729;0.7514578
0.43;0.479;0.402;0.43;0.16054925
0.407;0.327999;0.494;0.489999;0.6399822
0.398;0.327999;0.399;0.355;1.2206805
0.541699;0.809999;0.445599;0.331;0.26656806
0.503299;0.259;0.3974;0.533999;0.59731126
0.2633;0.4742;0.465299;0.5089;0.6994796
0.6015;0.5998;0.5542;0.6191;-0.0023114681
0.786899;0.725199;0.827099;0.689;0.8876872
0.664;0.7337;0.6497;0.6997;0.7412267
0.543099;0.696899;0.564499;0.7593;0.5274129
1.0;0.6853;0.8475;0.605;0.6054622
0.5225;0.910599;0.6597;0.841;0.3392589
0.772499;0.4311;0.6357;0.344;0.68466485
0.1939;0.445899;0.3843;0.8183;0.6858957
0.895499;0.7627;0.876199;0.412699;0.45560715
0.4954;0.648599;0.4082;0.5618;0.56880236
0.323;0.0655;0.2909;0.2698;0.15115258
0.3471;0.3972;0.425899;0.339399;0.66814244
0.415799;0.488299;0.3936;0.625;0.5422187
0.6167;0.622399;0.6812;0.7621;0.9104353
0.891999;0.873799;0.864599;0.6989;0.021449894
0.6136;0.5471;0.586399;0.5229;-0.12832165
0.470499;0.3648;0.2945;0.391099;0.49036857
0.58;0.822399;0.716699;0.9459;0.6653291
0.7785;0.734;0.8291;0.703299;0.3420782
0.7302;0.803599;0.712899;0.8026;0.41146398
0.754899;0.7957;0.833;0.843599;0.4075569
0.8874;0.8736;0.6265;0.6616;0.28599322
0.6282;0.505299;0.882899;0.6536;0.46810922
0.5713;0.7678;0.5775;0.6704;0.67506254
0.8245;0.666899;0.820499;0.709;0.35087287
0.814799;0.7894;0.724399;0.7007;0.18053469
0.0;0.2067;0.062;0.1313;0.71496487
1.0;0.6998;0.888099;0.811999;1.0281456
0.375399;0.341699;0.446;0.4136;0.75551987
0.291499;0.3079;0.264199;0.112399;0.26335537
0.3884;0.4773;0.4991;0.6801;0.63718975
0.5044;0.6555;0.550899;0.6189;0.57788014
0.794;0.6002;0.6048;0.503999;0.62102497
0.3367;0.255099;0.332899;0.369;0.29577136
0.2791;0.3418;0.4372;0.25;0.3289026
0.555599;0.575499;0.3163;0.4808;0.66075146
0.4382;0.5322;0.666399;0.8476;0.68947494
0.7197;0.603;0.424299;0.1356;0.46968576
0.1476;0.192499;0.347799;0.541999;0.2939415
0.8013;0.726099;0.7805;0.55;0.34216166
0.290799;0.3899;0.0967;0.158999;0.76177835
0.1018;0.021599;0.1811;0.352;0.6581259
0.4833;0.664;0.717199;0.48;0.55702746
0.5378;0.339099;0.436499;0.425;0.08441028
0.3081;0.5752;0.428;0.753999;0.33979833
0.798999;0.718899;0.793099;0.681;0.52820563
0.9722;0.9526;0.8729;0.8508;0.7725489
0.3597;0.279;0.3819;0.4109;0.985862
0.5655;0.555;0.672799;0.4463;-0.16965747
0.4374;0.3378;0.296299;0.4206;0.99437356
0.3061;0.427199;0.3925;0.4224;0.27234972
0.480699;0.3567;0.2639;0.173999;0.49442467
0.2862;0.614599;0.532999;0.837;0.720371
0.891199;0.6201;0.8969;0.547999;0.21163043
0.542899;0.4932;0.3304;0.263;0.9737891
0.2357;0.250299;0.410999;0.6676;0.5031955
0.4522;0.427299;0.0804;0.0;0.6589693
0.1324;0.4205;0.5604;0.9557;0.06839749
0.513499;0.509899;0.5015;0.5123;0.038496822
0.9793;0.697;0.527299;0.3043;0.8319837
0.0945;0.322499;0.5222;0.3167;0.04884419
0.4528;0.3548;0.3672;0.5853;1.2723815
0.4236;0.523399;0.5455;0.5807;0.23312089
0.9494;0.726;0.6815;0.562899;0.14659283
0.365299;0.5443;0.6048;0.610599;0.48337993
0.6096;0.558699;0.622799;0.6226;0.021059483
0.6325;0.6781;0.637699;0.6689;0.5621058
0.545;0.6769;0.555;0.623999;0.14509377
0.654;0.433;0.590299;0.323;0.74635565
0.236999;0.3828;0.300699;0.629999;0.39346933
0.686;0.6532;0.6617;0.384;1.170693
0.384;0.418299;0.4083;0.591999;0.24569151
0.591999;0.5946;0.591999;0.478;0.11250791
0.6598;0.4101;0.4892;0.463;0.9994966
0.318999;0.326499;0.1714;0.049999;0.114746064
0.1307;0.2959;0.307599;0.5898;0.354625
0.3794;0.2515;0.3989;0.2536;0.56970537
0.1219;0.1471;0.126799;0.025599;0.63986003
0.4832;0.535699;0.5491;0.764;0.5005312
0.579599;0.6104;0.630599;0.654999;0.20584282
0.605399;0.633699;0.4922;0.255;0.88879585
0.3659;0.2042;0.172699;0.232999;0.38008213
0.2795;0.5079;0.5859;0.8045;0.3673625
0.6294;0.487299;0.6064;0.451499;0.88349104
0.6463;0.5799;0.540699;0.443;0.43172657
0.383199;0.386099;0.3065;0.364;0.79856336
0.334499;0.3214;0.4275;0.361;0.46782014
0.2462;0.414899;0.358499;0.487099;0.5470973
0.4997;0.497399;0.465499;0.660299;0.4469198
0.703499;0.7893;0.7377;0.7206;0.73901534
0.9202;0.8621;0.8813;0.873899;0.40486872
0.765699;0.616199;0.5337;0.2391;0.5220753
0.23;0.275199;0.3982;0.689;0.33952415
0.613199;0.5617;0.671299;0.366;0.2756071
0.2227;0.2059;0.193;0.163;0.8108866
0.4483;0.4403;0.3108;0.42;0.7928711
0.464;0.563599;0.505899;0.8263;0.3046018
0.610699;0.4481;0.7226;0.447699;0.28649688
0.3583;0.428;0.3239;0.384;0.69095016
0.479299;0.5469;0.394199;0.4145;0.84968626
0.388999;0.317799;0.3297;0.3915;0.35766184
0.6945;0.7535;0.785999;0.8902;0.53465784
0.746499;0.806799;0.8762;0.6768;0.24860021
0.7754;0.613;0.5009;0.4368;0.6340277
0.2101;0.3351;0.4316;0.310199;0.7075739
0.337199;0.4568;0.405799;0.626;0.23799357
0.6379;0.601799;0.6379;0.613999;0.4210484
0.741;0.5803;0.417499;0.3986;0.29933274
0.185099;0.1432;0.3615;0.227399;0.24060425
0.3716;0.503599;0.5017;0.777799;0.35974205
0.654699;0.4995;0.545099;0.4238;0.74993193
0.5759;0.637799;0.5602;0.4819;0.39482534
0.3621;0.6197;0.5044;0.493499;0.5764705
0.551099;0.2862;0.5489;0.6018;0.8619678
0.4748;0.430199;0.295099;0.307099;0.42608202
0.312799;0.352;0.4516;0.3301;0.29304743
0.5608;0.686799;0.4284;0.485399;0.6290388
0.365199;0.1973;0.372199;0.4157;0.4054439
0.3306;0.3946;0.456499;0.5378;0.11073467
0.5326;0.597799;0.5752;0.6002;0.41703105
0.523199;0.715299;0.523199;0.6829;0.48197624
0.8035;0.590299;0.6892;0.489799;0.05401787
0.4605;0.3406;0.4039;0.339099;0.57171106
0.451999;0.459499;0.427599;0.4824;0.39771914
0.3229;0.3878;0.2559;0.071699;0.09553549
0.2317;0.175999;0.2477;0.4461;0.61155975
0.2186;0.3458;0.425899;0.406699;1.1600894
0.560199;0.555399;0.532499;0.5106;0.33992052
0.5499;0.4326;0.5836;0.5566;0.19435403
0.4559;0.450199;0.3828;0.3566;0.45444784
0.466;0.5273;0.5225;0.637;0.43156564
0.469999;0.4146;0.2889;0.0604;0.010327667
0.224399;0.3469;0.455099;0.590299;0.8602154
0.596;0.617799;0.5364;0.495799;0.81597686
0.4009;0.4255;0.4056;0.675;0.34999073
0.739599;0.6674;0.6089;0.3561;0.91264665
0.1912;0.352399;0.376799;0.6613;0.5476725
0.679099;0.4936;0.6445;0.472099;0.7320267
0.5684;0.5473;0.344899;0.2445;0.5627763
0.2872;0.3884;0.5088;0.674299;0.09528813
0.736699;0.669699;0.770699;0.646699;0.6625694
0.538699;0.6694;0.425699;0.686199;0.48614857
0.7453;0.6691;0.8114;0.4247;0.45811054
0.4891;0.3811;0.427799;0.463999;0.33521175
0.4743;0.4161;0.4578;0.4878;0.40041625
0.273199;0.3367;0.344799;0.3565;0.30388653
0.5809;0.5932;0.5376;0.457699;-0.24989128
0.4701;0.4475;0.4832;0.6967;0.5083126
0.486699;0.6628;0.572499;0.449299;0.931139
0.503299;0.571999;0.503299;0.710699;0.7118684
0.7202;0.5397;0.6538;0.4937;0.47048745
0.4268;0.364699;0.0941;0.0823;-0.19255161
0.0821;0.1568;0.4812;0.3433;0.10659513
0.580099;0.5149;0.5444;0.6524;1.1208099
0.5147;0.558699;0.540499;0.570999;0.1868051
0.536099;0.4482;0.44;0.4616;0.5885136
0.3876;0.410299;0.3047;0.089999;0.76325655
0.212499;0.5588;0.401399;0.823;0.03102538
0.7389;0.607299;0.7389;0.556999;0.41791916
0.683399;0.7302;0.6785;0.8516;1.1567217
0.6883;0.6601;0.6633;0.630199;1.081593
0.5566;0.3449;0.468;0.2605;0.119127005
0.399999;0.419899;0.4416;0.3277;0.13324139
0.3487;0.6167;0.425599;0.7583;-0.049530268
0.622399;0.351499;0.5152;0.459199;-0.13029456
0.7146;1.0;0.820599;0.9937;0.93620837
0.8959;0.667299;0.8523;0.4681;0.8935195
0.5566;0.5181;0.4802;0.5807;0.6553662
0.420999;0.2995;0.4296;0.3963;0.6019068
0.0;0.631399;0.0;0.7377;0.8666825
1.0;0.606;1.0;0.601799;0.61430454
0.6209;0.551199;0.6038;0.4132;0.09779748
0.477499;0.465199;0.4437;0.4625;0.4739177
0.3794;0.4323;0.495699;0.538799;0.29634058
0.5871;0.5563;0.5498;0.5344;0.91368973
0.649799;0.634;0.678899;0.6048;1.0711622
0.5352;0.5197;0.517199;0.563099;0.60300946
0.5246;0.6358;0.504799;0.6125;0.6315452
0.4778;0.337599;0.4819;0.341999;0.5139959
0.471499;0.455;0.338299;0.411999;1.2182695
0.399999;0.417299;0.5348;0.5396;0.43477833
0.6138;0.8278;0.6643;0.8278;0.2768141
0.8194;0.6927;0.8194;0.6299;1.0843438
0.5459;0.622499;0.5459;0.622599;0.438295
0.590999;0.5862;0.491499;0.646;0.82951605
0.6964;0.8278;0.7959;0.7755;0.21237549
0.7749;0.682199;0.733;0.604799;0.4264903
0.5383;0.4369;0.5285;0.5327;-0.2067554
0.542199;0.4692;0.535299;0.415699;0.5069715
0.4514;0.449299;0.3045;0.3143;1.6109209
0.604599;0.779;0.776899;0.8779;0.07077274
0.4125;0.2918;0.3939;0.409499;-0.4069168
0.577199;0.502199;0.4331;0.3849;-0.3114689
0.3763;0.3482;0.503399;0.416799;0.6702286
0.4619;0.459199;0.3393;0.4814;0.91377914
0.0;0.6289;0.0;0.512499;0.7861924
1.0;0.589299;1.0;0.7224;0.616796
0.8742;0.6158;0.559799;0.2939;-0.42503065
0.2273;0.2193;0.4557;0.4737;0.49380776
0.3792;0.3597;0.0;0.0;0.53984046
0.0;0.102899;0.5209;0.591899;0.32802045
0.5424;0.6016;0.4057;0.6404;0.9165925
0.685399;0.7881;0.8061;0.770199;0.125007
0.8393;0.562899;0.642399;0.3597;-0.12313008
0.2913;0.7147;0.2494;0.9064;0.4284811
0.8763;0.4936;0.867599;0.323799;1.5092324
0.357399;0.431999;0.624099;0.6195;0.87988496
0.585699;0.9046;0.585699;0.6462;0.11863825
1.0;0.730499;0.7468;0.614799;0.5967599
0.3209;0.3032;0.3444;0.5824;0.3788483
0.624499;0.674299;0.8308;0.780899;0.6539595
0.5418;0.4126;0.4861;0.2805;0.84928095
0.305;0.3718;0.0803;0.0465;1.0348362
0.2769;0.319199;0.537299;0.5961;-0.18971741
0.587599;0.6304;0.6308;0.784199;0.09701964
0.710699;0.5121;0.619299;0.4895;0.5192143
0.4531;0.475999;0.4323;0.3799;0.7395935
0.311899;0.3432;0.303;0.269299;0.4679781
0.3804;0.4886;0.471699;0.6869;0.45425114
0.669799;0.587199;0.664899;0.474599;1.312105
0.6654;0.628399;0.6441;0.6169;0.88474274
0.319799;0.323399;0.347999;0.415399;0.599156
0.6501;0.6304;0.616199;0.553;0.8945894
0.4798;0.581599;0.5131;0.4431;0.046373576
0.395099;0.4757;0.407699;0.451;0.3511858
0.451;0.3006;0.43;0.439999;0.43037355
0.43;0.4057;0.18;0.27;0.85427284
0.279999;0.469999;0.5456;0.7;0.7100177
0.76;0.559999;0.6609;0.449999;0.8704585
0.39;0.44;0.431;0.52;0.8380693
0.509999;0.4514;0.432499;0.37;0.44430614
0.38;0.3986;0.48;0.48;0.14823493
0.48;0.435599;0.39;0.389999;0.3744197
0.349699;0.4045;0.3;0.28;0.81443906
0.3203;0.289899;0.419999;0.469999;0.78079224
0.469999;0.563299;0.57;0.62;0.8962017
0.62;0.6467;0.5196;0.51;0.11817631
0.5;0.430099;0.6004;0.559999;-0.3118742
0.420999;0.8399;0.420999;0.84;0.03335592
1.0;0.64;0.999;0.51;0.4339111
0.469999;0.424599;0.346399;0.389999;0.767563
0.399999;0.695399;0.543599;0.6;0.5678934
0.58;0.3425;0.4277;0.52;0.8478415
0.5;0.357499;0.299399;0.31;0.55493534
0.32;0.4048;0.5619;0.439999;-0.1917857
0.419999;0.6352;0.530999;0.58;0.934
0.58;0.364799;0.469;0.419999;0.12784418
0.419999;0.6352;0.530999;0.58;0.046111315
0.63;0.379999;0.42;0.329999;0.55188656
0.329999;0.329999;0.449999;0.55;0.6873381
0.382999;0.69;0.472999;0.509999;0.36369085
0.657;0.3;0.257;0.09;0.0080626905
0.12;0.239999;0.4556;0.599999;1.3205628
0.58;0.57;0.5944;0.52;0.9611857
0.509999;0.5627;0.559999;0.595;0.32460213
0.5474;0.388;0.4033;0.334999;0.67333996
0.3626;0.633299;0.506699;0.609999;1.094721
0.67;0.446;0.4768;0.48;0.48616943
0.447999;0.434999;0.5642;0.505;0.34083843
0.492;0.5379;0.568999;0.311999;0.4006487
0.337;0.5569;0.337;0.579;0.17126021
0.753;0.5002;0.6634;0.734;0.6887239
0.55;0.649999;0.6296;0.639999;0.87764084
0.64;0.6067;0.629999;0.51;0.30495942
0.48;0.6733;0.4788;0.719999;0.15715179
0.75;0.4802;0.616499;0.39;0.26984334
0.39;0.3598;0.4947;0.43;0.8415711
0.469999;0.554199;0.37;0.44;0.6704223
0.43;0.5458;0.557599;0.739999;0.35705686
0.699999;0.5648;0.5969;0.4;-0.042589307
0.449999;0.4554;0.465199;0.599999;0.7513416
0.57;0.529799;0.6143;0.4614;1.0034424
0.6448;0.65;0.6444;0.718599;0.0764769
0.5252;0.739999;0.340199;0.58;0.6562841
0.579999;0.701599;0.831399;0.84;0.58971465
0.83;0.6796;0.82;0.449999;0.121448606
0.449999;0.343;0.4173;0.51;1.2685996
0.55;0.4158;0.3427;0.43;1.0978413
0.419999;0.43;0.489999;0.5;-0.41162258
0.45;0.52;0.13;0.0;-0.3098119
0.049999;0.08;0.16;0.18;0.7130158
0.248;0.183999;0.513999;0.464;0.62561154
0.422;0.5772;0.526;0.596;0.14818427
0.579999;0.740199;0.559999;0.609999;0.58019876
0.6;0.5186;0.64;0.8;0.1988959
0.789999;0.739999;0.789999;0.719999;0.5293232
0.682;0.5;0.673;0.52;1.3245893
0.468;0.94;0.477;0.84;0.5598676
0.832999;0.585899;0.669999;0.5;0.4522693
0.567;0.3519;0.553899;0.28;0.72015643
0.3;0.392199;0.3259;0.46;0.253914
0.449999;0.3804;0.5489;0.552;0.2878827
0.5804;0.5122;0.4294;0.398;0.48579392
0.3796;0.4374;0.541499;0.5;0.5862993
0.5;0.48;0.4604;0.48;0.007860035
0.52;0.509999;0.5141;0.549999;0.31105995
0.5;0.4855;0.335899;0.22;1.1620742
0.25;0.4648;0.401299;0.48;0.070757836
0.469999;0.3127;0.517299;0.489999;0.35020828
0.49;0.567;0.5307;0.6;0.66299856
0.625999;0.526;0.579699;0.510999;0.043819517
0.474;0.483999;0.460999;0.568999;0.48579392
0.58;0.58;0.37;0.21;1.0866058
0.189999;0.315999;0.469999;0.53;0.9321046
0.54;0.404;0.139;0.149999;0.14820215
0.109999;0.131;0.311;0.399999;0.30638695
0.419999;0.489;0.565999;0.62;0.52916825
0.64;0.593;0.599;0.43;-0.2221483
0.44;0.439;0.434999;0.379999;-0.124959946
0.41;0.488;0.48;0.64;1.1626136
0.609999;0.439999;0.629999;0.48;0.7392359
0.469999;0.51;0.48;0.5;0.2699238
0.51;0.76;0.51;0.81;0.8304876
0.759999;0.579999;0.66;0.41;0.75550497
0.45;0.42;0.449999;0.489999;0.10867533
0.479999;0.539999;0.538;0.609999;0.49458262
0.6;0.68;0.59;0.609999;1.0458839
0.59;0.359999;0.541999;0.39;0.31995595
0.43;0.8;0.53;0.66;0.18534777
0.68;0.521999;0.652;0.609999;1.0818315
0.609999;0.408;0.468;0.33;1.0412318
0.3;0.43;0.405;0.609999;0.5593997
0.62;0.489999;0.574999;0.469999;0.91448545
0.484999;0.494;0.509999;0.44;0.19454476
0.414999;0.616;0.438;0.66;-0.1664567
0.67;0.549999;0.532;0.289999;0.6736052
0.289999;0.307;0.469999;0.51;0.4230392
0.52;0.692999;0.539999;0.739999;0.2901566
0.74;0.47;0.74;0.5;0.930987
0.479999;0.481999;0.299999;0.309999;0.17990586
0.31;0.378;0.27;0.31;0.5318117
0.329999;0.379999;0.539999;0.579999;0.7104677
0.59;0.539999;0.529999;0.59;0.4674357
0.63;0.56;0.56;0.449999;0.51851094
0.389999;0.379999;0.529999;0.51;0.84789217
0.5;0.5;0.5;0.48;0.43365777
0.51;0.68;0.46;0.64;-0.17695606
0.629999;0.53;0.56;0.579999;0.21053073
0.56;0.690999;0.639999;0.65;0.37578166
0.66;0.669;0.64;0.669999;0.197525
0.649999;0.44;0.449999;0.25;0.39337397
0.27;0.279999;0.53;0.52;0.5121213
0.5;0.48;0.5;0.48;1.5196602
0.49;0.66;0.449999;0.609999;0.80474734
0.609999;0.488;0.519;0.49;0.39948046
0.509999;0.552;0.562999;0.509999;0.3651452
0.5;0.705;0.577999;0.72;-0.35973376
0.72;0.555;0.69;0.5;-0.2321291
0.5;0.37;0.53;0.488;1.0929656
0.48;0.509999;0.48;0.481999;0.6523353
0.469999;0.55;0.414999;0.53;-0.18770576
0.53;0.553;0.555;0.539999;0.010065407
0.559999;0.556999;0.506999;0.59;0.8953941
0.609999;0.504;0.573;0.419999;0.47672805
0.41;0.417999;0.32;0.35;1.1459422
0.34;0.318;0.55;0.48;0.4442823
0.489999;0.558;0.449999;0.509999;0.040454835
0.48;0.481999;0.42;0.49;1.0638428
0.5;0.419999;0.436;0.329999;0.9760183
0.34;0.44;0.439;0.43;0.10504839
0.45;0.495999;0.515;0.62;0.055502027
0.599999;0.454;0.599999;0.48;0.46908674
0.48;0.5;0.48;0.51;0.5826843
0.51;0.8;0.51;0.759999;0.47345278
0.759999;0.494;0.538999;0.46;0.36378026
0.47;0.548;0.661;0.57;0.001601547
0.559999;0.597999;0.489999;0.419999;-0.38050002
0.39;0.361;0.49;0.5;0.8773428
0.529999;0.488999;0.529999;0.58;1.276679
0.56;0.5;0.55;0.46;0.26665747
0.48;0.46;0.34;0.349999;0.3972125
0.349999;0.539999;0.49;0.69;0.30442894
0.69;0.55;0.66;0.489999;0.27119637
0.5;0.57;0.509;0.55;0.72142303
0.539999;0.43;0.460999;0.469999;0.5085629
0.42;0.6;0.53;0.64;-0.23210227
0.68;0.539999;0.521999;0.32;0.3314954
0.329999;0.34;0.455;0.46;1.1617792
0.46;0.55;0.492999;0.59;0.6401491
0.57;0.69;0.57;0.75;0.062392324
0.77;0.549999;0.669999;0.52;0.5403441
0.51;0.52;0.55;0.53;0.086010665
0.539999;0.47;0.539;0.413999;0.09668586
0.5;0.5;0.521;0.526;1.1587453
0.419999;0.46;0.399999;0.49;0.33156097
0.49;0.489999;0.474;0.46;-0.19822896
0.489999;0.587;0.545999;0.629999;1.2469214
0.62;0.722999;0.64;0.71;0.50907254
0.69;0.58;0.652999;0.609999;-0.306781
0.599999;0.48;0.637;0.48;0.23723957
0.51;0.509999;0.51;0.489999;0.17264304
0.489999;0.631;0.489999;0.58;0.5102587
0.57;0.489;0.489;0.419999;0.18912372
0.43;0.609999;0.501;0.69;0.7966411
0.68;0.49;0.57;0.399999;1.3431978
0.42;0.799999;0.537999;0.92;-0.0034201145
0.91;0.53;0.825;0.55;0.0056397617
0.55;0.523;0.456999;0.379999;0.5507183
0.389999;0.376999;0.25;0.189999;0.7993889
0.18;0.36;0.5;0.66;0.19550738
0.65;0.634;0.65;0.65;-0.15463114
0.64;0.579999;0.55;0.43;1.0979515
0.449999;0.335999;0.257999;0.23;0.39266467
0.23;0.53;0.442;0.8;0.36552668
0.8;0.564;0.8;0.5;2.331717
0.509999;0.745999;0.579999;0.789999;0.9295058
0.76;0.522;0.708;0.489999;-0.8953799
0.509999;0.477999;0.431999;0.449999;1.1076254
0.43;0.673;0.559999;0.69;1.1117828
0.72;0.497;0.527;0.379999;0.33074737
0.379999;0.39;0.452999;0.52;-0.14443278
0.44;0.460999;0.56;0.49;0.1676571
0.549999;0.798999;0.549999;0.789999;0.8894515
0.78;0.69;0.76;0.67;-0.53200316
0.699999;0.64;0.719999;0.549999;1.8013607
0.539999;0.469999;0.32;0.41;0.71691394
0.39;0.55;0.56;0.74;-0.36145037
0.73;0.62;0.779999;0.43;0.45030832
0.46;0.399999;0.43;0.579999;0.60628474
0.579999;0.75;0.46;0.77;-0.28275436
0.76;0.53;0.8;0.369999;-0.07589936
0.379999;0.506999;0.388999;0.53;-0.34891254
0.55;0.513;0.550999;0.64;-0.29919034
0.6;0.53;0.58;0.34;0.53617775
0.359999;0.410999;0.379;0.48;0.97444475
0.355;0.644;0.456;0.561999;-0.5062599
0.574999;0.331;0.574999;0.468;1.092003
0.609999;0.693999;0.609999;0.77;1.6131233
0.76;0.681;0.75;0.669999;0.05141315
0.669999;0.731999;0.649999;0.741;0.51315546
0.629;0.782;0.659;0.743;0.7670772
0.698;0.759;0.698;0.465999;-0.13180852
0.602999;0.456;0.512999;0.8;0.21173176
0.76;0.952;0.727;0.57;1.8473696
0.609999;0.378;0.713;0.699999;-0.42849666
0.69;0.799999;0.649;0.609999;-0.6072093
0.609999;0.45;0.550999;0.51;1.6006659
0.52;0.329999;0.32;0.349999;1.0027659
0.359999;0.34;0.405999;0.31;-0.18969059
0.309999;0.359999;0.434;0.469999;1.5521805
0.45;0.41;0.408;0.32;0.49275574
0.349999;0.91;0.541999;1.0;-0.18123865
1.0;0.635;0.97;0.559999;0.6452185
0.59;0.564999;0.479999;0.4;1.6702871
0.379999;0.42;0.45;0.469999;-0.72807264
0.48;0.419999;0.509999;0.55;0.37495017
0.58;0.968;0.67;1.0;2.0286899
0.850999;0.717;0.850999;0.535;-0.4387099
0.673999;0.574999;0.561;0.43;-0.17880976
0.391999;0.35;0.504999;0.689;-0.22516727
0.723;0.759999;0.702999;0.449999;0.41437864
0.509999;0.289999;0.336;0.449999;0.08375165
0.35;0.31;0.0;0.0;0.556947
0.0;0.189999;0.579999;0.69;1.0958654
0.689999;0.73;0.73;0.8;-0.6191571
0.78;0.56;0.21;0.0;1.7867606
0.0;0.0;0.196999;0.34;1.2502742
0.279999;0.497999;0.533;0.56;-0.64332974
0.58;0.38;0.475999;0.32;0.93040586
0.34;0.573999;0.423999;0.759999;0.61561584
0.739999;0.696;0.82;0.59;-0.27144432
0.62;0.39;0.4;0.32;0.60254455
0.27;0.25;0.0;0.03;1.3347845
0.059999;0.359999;0.559999;0.77;0.4757565
0.78;0.55;0.55;0.3;-0.28816944
0.27;0.43;0.53;0.599999;1.222412
0.64;0.654;0.619999;0.74;1.6363512
0.71;0.625999;0.64;0.669999;-1.2042928
0.66;0.66;0.56;0.26;-0.11336684
0.3;0.4;0.449999;0.68;1.7183553
0.669999;0.515999;0.609999;0.532;1.1748087
0.343;0.504999;0.396;0.315;-0.29542333
0.334;0.339;0.390999;0.532999;0.20430502
0.683;0.609999;0.632999;0.57;0.716905
0.57;0.379999;0.23;0.15;0.6284845
0.16;0.272;0.48;0.619999;0.08361754
0.609999;0.527999;0.576;0.46;1.5114527
0.47;0.8;0.564;0.82;0.36147058
0.849999;0.489999;0.73;0.399999;-1.2557554
0.37;0.69;0.489999;0.71;1.1518788
0.69;0.42;0.56;0.39;0.70177734
0.0;0.479999;0.099999;0.57;0.32949567
1.0;0.9;1.0;0.96;0.09812829
0.96;0.5;0.78;0.299999;1.2505841
0.309999;0.559999;0.439999;0.58;2.3752105
0.489999;0.379999;0.25;0.109999;0.099749535
0.19;0.12;0.439;0.469999;2.0322633
0.48;0.94;0.311;0.36;-0.10885477
0.34;0.169999;0.438;0.529999;-0.8549739
0.51;0.38;0.611999;0.699999;0.069079965
0.699999;0.539999;0.399999;0.14;0.5368185
0.0;0.149999;0.0;0.41;1.5292029
1.0;0.51;0.94;0.66;-0.21614611
0.64;0.71;0.645999;0.64;1.82635
0.63;0.739999;0.854;0.82;0.4481268
0.829999;0.51;0.559999;0.32;-0.5127002
0.309999;0.43;0.39;0.359999;0.5439502
0.37;0.439999;0.529999;0.649999;0.11187014
0.66;0.56;0.5;0.32;0.5142641
0.309999;0.358999;0.42;0.5;0.008110374
0.52;0.551;0.579999;0.65;1.6901981
0.279999;0.789999;0.3;0.73;-0.09321153
1.0;0.489999;0.97;0.379999;-0.32303518
0.369999;0.4;0.459999;0.609999;1.2219858
0.61;0.629999;0.616;0.53;-0.113155246
0.539999;0.41;0.264;0.23;0.809173
0.23;0.359999;0.5;0.609999;1.4502001
0.609999;0.52;0.466999;0.378;1.799209
0.238;0.69;0.401;0.841999;-0.34922546
0.972;0.579999;0.841999;0.37;-0.07083893
0.379999;0.343;0.46;0.53;1.0091168
0.509999;0.537;0.559999;0.5;0.49130437
0.53;0.610999;0.149;0.319999;-0.30246264
0.309999;0.363;0.545;0.48;0.61457574
0.48;0.422999;0.0;0.24;1.5893947
0.24;0.265;0.973;0.509999;0.39333522
0.5;0.600999;0.593999;0.59;0.19640741
0.59;0.589;0.52;0.62;0.8310926
0.629999;0.524999;0.58;0.43;-0.5504836
0.42;0.402;0.416999;0.57;0.15588817
0.579999;0.599;0.561;0.344;1.7142575
0.344;0.667999;0.482;0.885999;0.8934361
0.885999;0.582;0.753;0.46;-0.17427087
0.449999;0.459;0.532;0.52;0.054074496
0.539999;0.706;0.540999;0.759999;1.0827941
0.75;0.805;0.702;0.67;0.4491222
0.69;0.408;0.687999;0.579999;0.6300461
0.55;0.738;0.53;0.56;0.9755504
0.539999;0.387;0.506;0.609999;0.59889376
0.71;0.777;0.548999;0.69;0.21078703
0.289999;0.222999;0.451;0.309999;0.45018613
0.71;0.777;0.548999;0.69;0.6246966
0.59;0.668999;0.866;0.619999;0.40626645
0.68;0.609;0.599;0.45;0.6120008
0.409999;0.356;0.401999;0.549999;1.8212448
0.56;0.460999;0.439;0.359999;1.5639346
0.38;0.277;0.0;0.38;-0.44572836
0.349999;0.529999;0.461;0.659999;-0.6899704
0.66;0.57;0.481999;0.49;0.043268174
0.509999;0.58;0.452999;0.34;1.7391067
0.31;0.182999;0.565;0.477;0.76646626
0.372;0.608999;1.0;0.367;1.2560529
0.609999;0.485;0.437;0.44;1.8922548
0.26;0.283999;0.292999;0.415999;-0.2085346
0.436;0.436;0.511;0.436;-0.3667075
0.364;0.506;0.410999;0.43;0.8299035
0.568999;0.56;0.551;0.662;0.6241572
0.515999;0.483999;0.582999;0.459;0.08836505
0.58;0.452999;0.302;0.623;0.5420071
0.623;0.676;0.834;0.469999;1.9302796
0.469999;0.614;0.564;0.64;-0.20614743
0.64;0.473999;0.464;0.5;0.27952015
0.489999;0.815;0.545999;0.8;0.3956926
0.81;0.483999;0.768;0.519999;-0.025193691
0.519999;0.579;0.515999;0.41;0.54297566
0.43;0.356;0.468;0.53;1.1068386
0.51;0.82;0.559;0.829999;1.4761488
0.799999;0.710999;0.79;0.659999;-1.3745594
0.68;0.448999;0.559999;0.45;-0.6100197
0.45;0.769;0.551;0.689999;0.94317615
0.689999;0.329999;0.576999;0.46;-0.058375597
0.479999;0.650999;0.414999;0.5;0.3370148
0.48;0.352;0.5;0.5;1.5593063
0.509999;0.585999;0.481999;0.39;1.2010497
0.399999;0.393999;0.732;0.64;-0.4597116
0.63;0.516;0.596999;0.57;1.1800897
0.56;0.634;0.613;0.67;0.9758127
0.68;0.786999;0.057999;0.71;0.22146818
0.71;0.750999;1.0;0.769999;-0.16813159
0.789999;0.532;0.872999;0.53;-0.039522648
0.5;0.5;0.539;0.49;1.1181545
0.509999;0.479999;0.091999;0.079999;-0.8207966
0.049999;0.271;0.509;0.64;0.49666283
0.67;0.628999;0.680999;0.63;1.008479
0.609999;0.399999;0.44;0.339999;1.1919659
0.359999;0.72;0.396;0.77;1.4467638
0.77;0.524999;0.773999;0.479999;0.51606417
0.469999;0.614999;0.59;0.71;0.699566
0.74;0.5;0.6;0.39;-0.95167947
0.369999;0.524;0.53;0.539999;0.26787043
0.539999;0.475999;0.379999;0.509999;1.2307954
0.53;0.59;0.649999;0.66;0.17737266
0.63;0.68;0.64;0.71;0.9129864
0.71;0.549999;0.63;0.489999;0.0032794178
0.519999;0.62;0.49;0.69;0.43737411
0.649999;0.53;0.659999;0.5;0.36269844
0.49;0.599999;0.53;0.519999;-0.36207622
0.82;0.74;0.63;0.78;0.5991441
0.479999;0.66;0.659999;0.579999;1.099844
0.59;0.32;0.21;0.39;0.501166
0.39;0.649999;0.869999;0.56;0.48373756
0.519999;0.369999;0.13;0.449999;0.93425333
0.5;0.471;0.63;0.36;-0.6680776
0.35;0.398999;0.425999;0.57;-0.34675187
0.539999;0.83;0.704;0.799999;1.0412467
0.83;0.591;0.38;0.149999;0.021846265
0.149999;0.228999;0.64;0.67;0.30136824
0.649999;0.419999;0.379999;0.49;-0.05187571
0.49;0.47;0.47;0.149999;0.39866984
0.17;0.209999;0.259999;0.479999;-0.33374614
0.479999;0.48;0.5;0.26;0.51701486
0.28;0.7;0.46;0.899999;1.3639073
0.89;0.479999;0.719999;0.369999;1.3327849
0.359999;0.289999;0.167999;0.21;1.0364127
0.18;0.503999;0.472;0.359999;1.0151607
0.43;0.346;0.46;0.729999;0.30422926
0.699999;0.68;0.739999;0.66;-1.126318
0.68;0.579999;0.53;0.38;1.0104281
0.369999;0.34;0.359999;0.579999;1.5274327
0.579999;0.649999;0.69;0.479999;1.6490083
0.49;0.466999;0.439999;0.51;0.95314205
0.509999;0.533;0.49;0.369999;0.6826681
0.359999;0.406999;0.479999;0.689999;0.6994438
0.71;0.813;0.63;0.829999;0.24521169
0.799999;0.6;0.829999;0.46;0.5592239
0.5;0.719999;0.549999;0.71;0.3159684
0.7;0.509999;0.64;0.55;0.7939142
0.52;0.64;0.58;0.589999;0.11054394
0.559999;0.5;0.559999;0.649999;-0.51334393
0.68;0.49;0.469999;0.333;1.2768579
0.5;0.311;0.35;0.276999;0.573073
0.109999;0.289;0.0;0.0;-0.37977284
0.0;0.0;0.238999;0.39;0.11392352
0.4;0.57;0.171;0.099999;0.5155456
0.109999;0.0;0.439;0.58;0.29446006
0.579999;0.49;0.440999;0.25;1.0615599
0.24;0.523;0.48;0.649999;1.3573627
0.649999;0.346999;0.469999;0.246;-1.3212222
0.536;0.66;0.707999;0.823999;-0.16679347
0.543999;0.68;0.552;0.549999;0.79158366
0.549999;0.42;0.494999;0.64;1.2899797
0.65;0.64;0.665;0.5;0.46329018
0.469999;0.669999;0.489999;0.78;0.48519787
0.769999;0.9;0.789999;0.93;1.1353266
0.92;0.479999;0.72;0.359999;-1.0428537
0.399999;0.49;0.139999;0.07;1.2213689
0.06;0.006999;0.285;0.469999;2.008016
0.479999;0.433;0.525999;0.399999;0.2996248
0.38;0.38;0.081;0.35;0.5882096
0.359999;0.46;0.758;0.59;-0.31491405
0.6;0.68;0.609999;0.689999;-0.03261745
0.67;0.649999;0.75;0.549999;0.53236306
0.549999;0.39;0.286;0.36;0.011311144
0.41;0.479999;0.532999;0.519999;1.0313463
0.489999;0.52;0.514;0.57;1.0585618
0.55;0.799999;0.656999;0.829999;1.0242891
0.859999;0.64;0.76;0.42;0.13560471
0.399999;0.31;0.469999;0.469999;0.4803699
0.49;0.509999;0.289999;0.37;0.4002136
0.329999;0.71;0.57;0.849999;-0.67391586
0.859999;0.436;0.74;0.45;0.3960502
0.43;0.694;0.549999;0.719999;0.71813285
0.759999;0.509999;0.56;0.53;0.88956475
0.52;0.57;0.549999;0.339999;0.4979622
0.32;0.53;0.369;0.78;0.6997925
0.789999;0.839999;0.901;0.83;-1.7447519
0.859999;0.777;0.789999;0.68;0.40528
0.66;0.482999;0.63;0.469999;1.3726215
0.449999;0.58;0.529999;0.68;0.3485453
0.719999;0.979999;0.72;0.979999;1.3079417
0.95;0.46;0.659999;0.23;0.5192292
0.219999;0.7;0.435;0.879999;0.24737534
0.899999;0.589999;0.918999;0.51;-0.048591495
0.64;0.773;0.625999;0.619999;0.34062386
0.49;0.186999;0.32;0.399999;1.0455114
0.399999;0.399999;0.51;0.32;-0.6503899
0.31;0.35;0.189999;0.189999;0.14653918
0.219999;0.729999;0.433999;1.0;0.8122128
1.0;0.920999;1.0;0.66;0.9504032
0.5;0.459;0.449999;0.699999;0.3587407
0.699999;0.57;0.539999;0.27;-0.37309414
0.28;0.335;0.392;0.56;0.21799919
0.55;0.765;0.538;0.859999;0.8816463
0.829999;0.609999;0.924999;0.57;0.62703013
0.589999;0.67;0.515;0.359999;1.0555547
0.35;0.239999;0.1;0.21;-0.051270723
0.23;0.72;0.529999;1.0;-0.49474424
1.0;0.5;0.64;0.1;0.42086363
0.0;0.0;0.22;0.35;0.68534136
0.472999;0.613;0.686;0.56;1.3318758
0.557;0.504999;0.283999;0.18;1.3239694
0.149999;0.695;0.439999;1.0;1.0690314
1.0;0.407;0.543999;0.0;-0.15737593
0.009999;0.192999;0.384;0.549999;-0.035356283
0.52;0.37;0.611;0.42;-0.14008164
0.439999;0.586999;0.481;0.63;1.4059496
0.649999;0.57;0.529999;0.539999;1.9738417
0.509999;0.719999;0.59;0.829999;-0.043209195
0.82;0.57;0.64;0.229999;0.7936728
0.24;0.27;0.31;0.34;1.5590827
0.34;0.28;0.189999;0.21;-0.27533352
0.219999;0.299999;0.259999;0.6;0.45295474
0.579999;0.49;0.34;0.099999;0.3363949
0.089999;0.14;0.439999;0.4;0.06359932
0.41;0.339999;0.32;0.299999;-0.23150623
0.31;0.619999;0.549999;0.579999;1.4549148
0.599999;0.27;0.27;0.16;0.83952665
0.15;0.32;0.487;0.559999;-1.0839689
0.579999;0.619999;0.472999;0.74;0.8983177
0.74;0.7;0.808999;0.57;0.46451208
0.559999;0.38;0.441;0.39;0.840227
0.37;0.43;0.304;0.439999;1.1928928
0.43;0.379999;0.555999;0.49;0.09182212
0.489999;0.48;0.13;0.0;0.6460172
0.02;0.199999;0.43;0.619999;-0.29157287
0.589999;0.507;0.599999;0.55;1.463012
0.55;0.602999;0.5;0.6;0.700469
0.619999;0.46;0.452;0.219999;0.890277
0.219999;0.396;0.407999;0.579999;0.63360155
0.59;0.625999;0.32;0.189999;0.83664775
0.17;0.148;0.359999;0.63;1.3911259
0.659999;0.531999;0.59;0.409999;-0.62280786
0.41;0.578;0.52;0.64;-0.47736353
0.659999;0.609999;0.672999;0.67;-0.064127445
0.64;0.527;0.627;0.43;0.6563109
0.439999;0.863;0.53;0.98;1.9789647
0.97;0.564999;0.82;0.379999;1.3355772
0.449999;0.545;0.521;0.64;0.7237536
0.56;0.399999;0.468999;0.369999;-1.5776205
0.379999;0.52;0.43;0.36;0.13281223
0.36;0.247;0.229999;0.259999;1.7133902
0.269999;0.232999;0.159999;0.129999;0.5502832
0.1;0.41;0.341;0.8;0.4317206
0.829999;0.689999;0.869;0.649999;0.60798347
0.63;0.57;0.6;0.579999;0.68924844
0.589999;0.575;0.539999;0.32;0.09264764
0.31;0.515;0.49;0.68;0.5122137
0.7;0.461999;0.53;0.37;0.26112318
0.369999;0.428;0.339999;0.57;0.33840656
0.56;0.482999;0.58;0.289999;0.78499734
0.279999;0.387;0.324999;0.6;1.6170989
0.62;0.53;0.515;0.369999;1.9085537
0.339999;0.327999;0.5;0.43;-0.63714874
0.37;0.422;0.149999;0.149999;-0.5163748
0.239999;0.14;0.28;0.5;0.1067203
0.49;0.479999;0.569;0.399999;0.05668816
0.41;0.41;0.0;0.0;0.20090756
0.0;0.0;0.239999;0.329999;0.56850433
0.27;0.427;0.539999;0.469999;2.1718872
0.5;0.53;0.41;0.58;0.04232642
0.599999;0.629999;0.67;0.609999;-0.36405212
0.61;0.51;0.549999;0.579999;1.8120598
0.579999;0.785999;0.67;0.82;-0.33837444
0.839999;0.548;0.784999;0.469999;-0.4822362
0.359999;0.292;0.105;0.07;0.5828363
0.18;0.344;0.379999;0.619999;1.1819494
0.6;0.82;0.65;0.88;-0.12116611
0.88;1.0;0.928999;1.0;1.2037438
1.0;0.511;0.861;0.34;1.5443723
0.399999;0.829;0.529999;0.96;0.76877594
0.96;0.479999;0.817;0.449999;-0.6751199
0.43;0.649999;0.51;0.51;0.4854035
0.52;0.72;0.436;0.839999;-0.04248798
0.759999;0.43;0.869999;0.43;0.9129119
0.519999;0.519999;0.237;0.18;0.32046258
0.16;0.39;0.43;0.77;-0.37388986
0.759999;0.57;0.649999;0.329999;1.1115474
0.329999;0.56;0.508;0.85;0.5189997
0.859999;0.839999;0.861999;0.689999;1.365469
0.71;0.517;0.63;0.39;1.0285032
0.4;0.363;0.439999;0.589999;-0.1305896
0.579999;0.659999;0.58;0.55;-0.6385405
0.509999;0.49;0.549999;0.549999;-0.039781928
0.549999;0.89;0.479999;0.98;0.99916875
1.0;0.869999;1.0;0.659999;1.4056814
0.58;0.42;0.67;0.62;0.3023398
0.649999;0.609999;0.41;0.309999;0.35705686
0.299999;0.27;0.18;0.16;0.132395
0.18;0.509999;0.439999;0.93;0.7501286
0.89;0.67;0.979999;0.589999;-0.34650153
0.609999;0.595999;0.609999;0.56;0.4690033
0.56;0.474;0.006;0.07;1.2693954
0.049999;0.25;0.526;0.63;0.62455356
0.609999;0.42;0.298;0.389999;1.4222693
0.41;0.345999;0.484999;0.44;0.9875667
0.439999;0.423999;0.384999;0.129999;0.3361833
0.14;0.313;0.43;0.4;-0.78101647
0.399999;0.427;0.386;0.699999;-0.4940737
0.69;0.609999;0.564999;0.26;0.75431585
0.289999;0.281999;0.485999;0.579999;0.29518127
0.579999;0.878;0.593;0.869999;0.17482159
0.88;0.55;0.799999;0.5;0.48513827
0.469999;0.53;0.5;0.439999;0.7954222
0.469999;0.449999;0.39;0.56;0.1608145
0.52;0.37;0.329999;0.1;-0.18610835
0.159999;0.289999;0.39;0.39;1.1753541
0.35;0.546999;0.48;0.56;0.3200215
0.539999;0.288;0.39;0.369999;-0.38126892
0.399999;0.324999;0.0;0.019999;1.2963128
0.009999;0.14;0.500999;0.59;0.75826764
0.57;0.454;0.39;0.25;-0.4809875
0.26;0.347999;0.405;0.42;-0.14010847
0.449999;0.698;0.465;0.829999;1.8934082
0.55;0.302;0.534999;0.17;0.69076836
0.449999;0.698;0.465;0.829999;0.14129993
0.83;0.53;0.78;0.369999;0.6021273
0.379999;0.451999;0.439999;0.6;1.1737657
0.6;0.948;0.649999;0.93;-0.594597
0.88;0.71;0.447;0.75;-0.28029263
0.809999;0.68;1.0;0.63;2.200849
0.59;0.63;0.46;0.399999;0.6281656
0.39;0.849999;0.519999;1.0;-0.048883557
1.0;0.52;0.92;0.24;1.2431306
0.23;0.45;0.48;0.589999;0.38589656
0.609999;0.439999;0.469999;0.51;-0.5060632
0.5;0.45;0.129999;0.0;0.37455976
0.0;0.111999;0.49;0.55;2.1659207
0.57;0.878;0.56;0.96;-0.90708625
0.939999;0.5;0.829999;0.399999;0.55937886
0.399999;0.705;0.539999;0.75;1.7103951
0.75;0.574999;0.585999;0.409999;0.5773258
0.42;0.609999;0.495;0.82;0.24278876
0.789999;0.6;0.875;0.57;-0.1332748
0.579999;0.579999;0.375999;0.42;0.97886145
0.43;0.48;0.535;0.66;-0.07187307
0.67;0.595999;0.680999;0.57;-0.056563616
0.56;0.597999;0.561999;0.609999;1.3256531
0.579999;0.446;0.396;0.359999;0.07365462
0.369999;0.359999;0.234;0.329999;0.5594325
0.33;0.609999;0.74;0.71;-0.14172673
0.71;0.53;0.309999;0.559999;1.0439914
0.599999;0.579999;0.829;0.38;0.53632975
0.35;0.539999;0.460999;0.759999;-1.6265051
0.77;0.549999;0.685;0.377;1.4487128
0.497999;0.52;0.499;0.542999;0.18167612
0.421999;0.509999;0.525999;0.53;-0.28655416
0.51;0.423;0.539999;0.49;0.7921499
0.5;0.634;0.46;0.649999;0.7855129
0.64;0.473999;0.687;0.509999;0.52740693
0.509999;0.643;0.512999;0.57;-0.5398501
0.57;0.731;0.56;0.73;1.9865404
0.769999;0.465;0.579999;0.479999;0.5807024
0.45;0.689999;0.589999;0.609999;-0.67651165
0.63;0.35;0.366;0.369999;0.5607647
0.359999;0.601999;0.654;0.62;1.6657125
0.609999;0.719;0.64;0.729999;0.52705824
0.78;0.789;0.78;0.719999;0.6260854
0.649999;0.339999;0.399999;0.2;1.3470423
0.21;0.42;0.135999;0.68;-0.09471655
0.719999;0.536999;0.771;0.576999;-0.532328
0.521999;0.512999;0.463;0.153;1.8166046
0.178;0.202;0.38;0.509999;0.67171276
0.509999;0.467999;0.299999;0.18;-0.045360923
0.18;0.2;0.289999;0.28;0.59175014
0.289999;0.32;0.0;0.0;0.6942433
0.0;0.0;0.446;0.41;-0.1076895
0.38;0.939999;0.533999;1.0;0.36273718
1.0;0.789999;1.0;0.7;1.3759534
0.72;0.59;0.628999;0.529999;-0.5397011
0.519999;0.38;0.081;0.02;-1.3424295
0.0;0.009999;0.209999;0.17;0.54159284
0.189999;0.539999;0.44;0.909999;0.9878111
0.939999;0.52;0.549999;0.079999;0.11018929
0.0;0.139999;0.227;0.32;0.6848258
0.48;0.45;0.452999;0.7;1.6566198
0.729999;0.549999;0.73;0.46;0.46195504
0.44;0.833;0.57;0.78;0.63542247
0.82;0.366999;0.619;0.409999;0.47370312
0.369999;0.7;0.550999;0.579999;-0.38286036
0.589999;0.732999;0.53;0.93;0.07866737
0.94;0.576999;0.75;0.44;0.2314907
0.439999;0.564;0.579999;0.359999;1.2633276
0.35;0.656;0.48;1.0;2.1572423
1.0;0.529999;0.882999;0.329999;0.8197558
0.32;0.51;0.278;0.32;1.0610265
0.31;0.263999;0.497999;0.62;1.332001
0.64;0.765999;0.651;0.729999;-0.38565284
0.719999;0.64;0.25;0.07;-0.8514751
0.079999;0.0;0.5;0.579999;-0.106971264
0.57;0.594999;0.079999;0.0;1.5227448
0.009999;0.03;0.359999;0.589999;0.75604737
0.54;0.859999;0.699999;0.89;0.6866467
0.919999;0.469999;0.35;0.0;2.126093
0.0;0.0;0.27;0.359999;-0.16631067
0.379999;0.5;0.439999;0.64;-0.015111566
0.65;0.6;0.676;0.43;0.987975
0.399999;0.31;0.0;0.0;0.2812755
0.0;0.0;0.23;0.6;1.3293099
0.59;0.561;0.705999;0.479999;0.08219001
0.489999;0.939;0.614;0.88;0.8735132
0.85;0.43;0.869999;0.589999;0.019044846
0.6;0.7;0.529;0.57;-0.7315327
0.223999;0.088999;0.109999;0.0;0.5003613
0.316;0.641;0.381;0.799999;-0.11542618
0.829999;0.479999;0.448999;0.07;1.1941683
0.07;0.289999;0.551;0.542999;2.07888
0.673999;0.66;0.68;0.617;-0.14659345
0.496;0.279999;0.309999;0.419999;0.18989858
0.399999;0.859999;0.63;0.9;0.61748147
0.899999;0.46;0.57;0.219999;0.08418676
0.25;0.456;0.399999;0.619999;1.2982559
0.57;0.411999;0.594;0.469999;-0.9586264
0.51;0.481999;0.082;0.0;-0.4250992
0.0;0.03;0.454;0.51;2.063949
0.489999;0.622999;0.421999;0.5;0.72203696
0.5;0.5;0.497999;0.559999;0.88193834
0.57;0.467;0.71;0.55;0.45728502
0.55;0.779999;0.55;0.949999;0.6364685
0.702999;0.69;0.702999;0.62;-0.23126781
0.5;0.449999;0.157;0.0;0.020314425
0.5;0.113;0.192999;0.199999;2.0490537
0.0;0.217;0.502;0.759999;-1.5637593
1.0;0.782999;0.667;0.64;0.078327626
0.327;0.447;0.517999;0.26;1.318125
0.239999;0.219999;0.49;0.519999;0.93542755
0.53;0.530999;0.511;0.55;0.44362366
0.539999;0.478999;0.195;0.18;1.240499
0.17;0.2;0.384;0.509999;0.59860766
0.52;0.561;0.568999;0.57;-0.68765175
0.599999;0.680999;0.611;0.56;0.9081644
0.56;0.667999;0.689999;0.629999;0.6423187
0.6;0.32;0.369999;0.259999;-0.01850605
0.259999;0.39;0.42;0.44;0.9696913
0.439999;0.65;0.41;0.82;0.58223426
0.85;0.579999;0.573999;0.239999;0.65684736
0.219999;0.229999;0.396;0.53;0.8829665
0.55;0.612;0.656999;0.64;0.7767242
0.619999;0.536;0.483;0.3;0.516842
0.32;0.711999;0.46;0.949999;-0.0108110905
0.92;0.63;0.918999;0.59;1.6375046
0.619999;0.49;0.551;0.39;-0.2920199
0.37;0.823999;0.519999;0.989999;0.2813679
1.0;0.576;0.88;0.49;1.0563087
0.449999;0.449999;0.389;0.289999;-0.48213786
0.0;0.303;0.010999;0.02;0.70740104
0.369999;0.0;0.316;0.309999;0.79850674
0.31;0.710999;0.448;0.58;0.6128204
0.579999;0.548999;0.595999;0.799999;1.1799347
0.759999;0.46;0.5;0.219999;1.002
0.219999;0.417999;0.52;0.71;0.22837338
0.75;0.871;0.769999;0.789999;-0.058479905
0.79;0.430999;0.56;0.32;0.2887082
0.319999;0.503999;0.52;0.67;-0.34350044
0.66;0.426;0.384999;0.35;-0.14625669
0.35;0.640999;0.644999;0.67;1.9058506
0.67;0.386;0.45;0.439999;1.6990672
0.439999;0.787999;0.649999;0.769999;-0.21680176
0.78;0.554;0.77;0.54;0.40849864
0.53;0.932;0.519999;0.989999;-0.2988029
1.0;0.536999;0.879;0.35;-0.57026935
0.349999;0.391999;0.390999;0.39;2.006791
0.39;0.54;0.439999;0.719999;1.217283
0.69;0.629999;0.71;0.41;-0.4736591
0.409999;0.37;0.39;0.539999;-0.23068368
0.579999;0.611999;0.447;0.619999;1.0228497
0.62;0.618;0.823;0.66;1.190601
0.629999;0.549999;0.445;0.309999;1.3058734
0.31;0.25;0.0;0.0;-0.6835569
0.0;0.03;0.449;0.66;-0.3255028
0.7;0.48;0.326;0.219999;1.0709655
0.21;0.440999;0.454999;0.629999;1.4948738
0.639999;0.728999;0.71;0.8;0.33813834
0.79;0.497;0.359999;0.049999;0.3799808
0.059999;0.225;0.549999;0.6;0.69746196
0.609999;0.718;0.445;0.789999;-0.019686222
0.783999;0.489999;0.798999;0.41;0.66762686
0.386;0.44;0.465;0.509999;0.8529407
0.53;0.693999;0.503;0.43;-0.010831952
0.42;0.487;0.417999;0.759999;0.043759912
0.769999;0.499;0.699999;0.49;0.7055384
0.49;0.622;0.539;0.53;0.6774467
0.539999;0.397999;0.371;0.199999;0.8226615
0.21;0.58;0.472999;0.87;1.4541786
0.829999;0.519999;0.707;0.339999;0.36545217
0.359999;0.78;0.509999;0.969999;-0.025298
0.969999;0.539999;0.89;0.43;-0.29919034
0.43;0.512;0.42;0.44;1.4878254
0.43;0.671999;0.52;0.829999;0.40334582
0.849999;0.61;0.829999;0.609999;-0.8182485
0.62;0.558999;0.598999;0.6;1.806749
0.579999;0.586999;0.420999;0.49;0.17182645
0.479999;0.4;0.399;0.299999;0.37787676
0.289999;0.483999;0.561;0.579999;1.3758879
0.6;0.406;0.478;0.41;0.90403676
0.42;0.719999;0.491999;0.789999;0.7079077
0.805;0.494999;0.705;0.439999;1.0122877
0.423999;0.481;0.234999;0.19;1.9765716
0.191;0.193999;0.225999;0.369999;-0.6285806
0.339999;0.34;0.567999;0.43;0.29880226
0.45;0.43;0.066;0.019999;0.37180603
0.019999;0.21;0.489999;0.64;0.7300627
0.64;0.551;0.35;0.26;0.6011319
0.26;0.178999;0.42;0.479999;0.0012468994
0.489999;0.55;0.479999;0.46;0.72279096
0.47;0.589999;0.53;0.45;0.60138226
0.43;0.469999;0.51;0.57;0.83409667
0.559999;0.505;0.559999;0.619999;0.33472002
0.63;0.465;0.428;0.509999;0.97334504
0.509999;0.532999;0.68;0.539999;0.72093725
0.53;1.0;0.561999;1.0;0.15387055
1.0;0.55;1.0;0.519999;1.2683284
0.519999;0.600999;0.439999;0.38;0.08708653
0.399999;0.298999;0.45;0.509999;-0.82793427
0.5;0.619999;0.549999;0.6;0.4683536
0.58;0.75;0.39;0.829999;1.0503215
0.829999;0.52;0.859999;0.41;1.0199678
0.399999;0.469999;0.48;0.479999;0.4247856
0.5;0.439999;0.43;0.46;1.4841986
0.479999;0.539999;0.629999;0.609999;0.29574752
0.58;0.51;0.34;0.339999;-1.664989
0.329999;0.32;0.07;0.0;0.39673865
0.0;0.052999;0.299999;0.349999;1.3763082
0.329999;0.347;0.48;0.52;-0.33656842
0.53;0.508899;0.488;0.53;0.99796176
0.539999;0.5511;0.372;0.24;0.86532056
0.23;0.318999;0.467999;0.644999;0.32272756
0.519999;0.89;0.542;0.875;0.6334704
0.5;0.551;0.5;0.52;0.6262404
1.0;0.43;0.91;0.449999;0.22671637
0.44;0.46;0.18;0.109999;-0.6020267
0.129999;0.18;0.489999;0.539999;0.2735269
0.539999;0.609999;0.539999;0.65;0.905208
0.63;0.719999;0.42;0.699999;0.36280572
0.719999;0.619999;0.89;0.63;0.897367
0.64;0.712;0.619999;0.619999;0.022206873
0.57;0.438;0.571;0.469999;-0.78438115
0.52;0.529999;0.501999;0.48;0.2559495
0.46;0.4;0.227;0.199999;0.11487123
0.209999;0.329999;0.487;0.61;1.1580151
0.63;0.57;0.595999;0.509999;0.1953226
0.469999;0.369999;0.399;0.439999;0.13448116
0.469999;0.98;0.607999;0.96;0.6865901
0.95;0.46;0.686;0.32;0.4248929
0.299999;0.5;0.564;0.509999;1.5468221
0.52;0.568999;0.46;0.53;1.245172
0.589999;0.373;0.539999;0.549999;0.12836275
0.49;0.606999;0.593;0.59;-0.27255893
0.609999;0.470999;0.530999;0.52;0.30608594
0.52;0.81;0.57;0.799999;1.6484778
0.789999;0.479999;0.701999;0.42;1.638655
0.439999;0.43;0.091999;0.109999;0.19709584
0.1;0.25;0.522;0.619999;0.0936639
0.6;0.48;0.497999;0.41;1.0820878
0.42;0.478;0.561999;0.5;0.47746417
0.5;0.841999;0.51;0.859999;0.57181835
0.567;0.43;0.567;0.259999;1.5030186
0.518;0.225;0.363;0.329999;-0.34057087
0.344999;0.484999;0.308;0.6;-1.2289929
0.599999;0.699999;0.771999;0.6;0.7343781
0.63;0.73;0.589999;0.78;1.4784496
0.77;0.609999;0.82;0.549999;-0.6792624
0.539999;0.469999;0.47;0.57;0.46666083
0.579999;0.799999;0.639999;0.7;0.9141964
0.689999;0.56;0.7;0.579999;0.49127457
0.59;0.463999;0.38;0.5;0.3472072
0.479999;0.736;0.699999;0.769999;0.8570564
0.76;0.529999;0.4;0.15;0.59578836
0.18;0.3;0.459999;0.39;-0.18912137
0.409999;0.339999;0.359999;0.609999;0.70009947
0.6;0.58;0.65;0.609999;1.0569525
0.619999;0.589999;0.539999;0.439999;0.65892756
0.41;0.32;0.369999;0.469999;0.38612902
0.5;0.71;0.5;0.73;-0.015898347
0.689999;0.689;0.84;0.589999;1.2283993
0.619999;0.591;0.339999;0.67;0.94332516
0.67;0.539999;0.859999;0.38;0.3920567
0.359999;0.35;0.439;0.439999;1.0524911
0.45;0.68;0.420999;0.49;1.5010904
0.509999;0.299999;0.52;0.549999;-0.297283
0.539999;0.689999;0.566;0.7;-0.08724809
0.67;0.52;0.613999;0.419999;1.078893
0.46;0.494999;0.5;0.53;-0.83339405
0.509999;0.628;0.579999;0.67;0.36786318
0.68;0.497;0.31;0.159999;1.4109473
0.149999;0.39;0.49;0.67;1.202656
0.66;0.46;0.689999;0.55;0.37911952
0.539999;0.609999;0.345999;0.57;0.35863936
0.59;0.56;0.734;0.619999;1.4688027
0.629999;0.609999;0.605;0.6;-0.6694813
0.66;0.729999;0.523999;0.64;0.9503734
0.57;0.41;0.418;0.239999;0.9934288
0.25;0.351999;0.509;0.48;-0.3378976
0.46;0.488;0.372999;0.43;0.91329634
0.449999;0.445;0.454999;0.359999;0.13109264
0.35;0.655;0.442;0.92;0.7654619
0.92;0.5;0.783999;0.28;0.104503006
0.28;0.463999;0.49;0.599999;-0.036000013
0.589999;0.416;0.17;0.39;1.4469218
0.39;0.43;0.64;0.469999;0.5947602
0.469999;0.43;0.367999;0.35;1.5784334
0.359999;0.619999;0.602;0.75;0.39834797
0.74;0.48;0.5;0.289999;0.22970852
0.299999;0.5;0.509999;0.63;1.0009748
0.609999;0.489999;0.219999;0.1;-0.51394594
0.1;0.27;0.57;0.75;0.34575284
0.77;0.732999;0.759999;0.71;0.84403276
0.719999;0.487;0.56;0.339999;0.30946553
0.329999;0.395;0.45;0.539999;0.9364289
0.55;0.805;0.6;0.82;1.47102
0.809999;0.585;0.769999;0.53;0.4151535
0.539999;0.684999;0.536999;0.689999;0.011120409
0.7;0.539999;0.691;0.53;0.23357984
0.5;0.54;0.461999;0.55;0.32467365
0.57;0.509999;0.488;0.469999;-0.14831305
0.469999;0.43;0.281999;0.21;0.88453114
0.2;0.24;0.149999;0.239999;1.6855936
0.25;0.259999;0.109999;0.0;0.000844568
0.0;0.149999;0.416;0.63;0.32036424
0.64;0.439999;0.393999;0.109999;-0.085042715
0.08;0.28;0.109999;0.18;1.0961932
0.199999;0.172;0.539999;0.63;1.2658131
0.62;0.867999;0.62;0.78;-0.02786994
0.799999;0.67;0.543999;0.75;1.0444713
0.729999;0.471;0.5;0.469999;-0.16650438
0.5;0.428999;0.5;0.262;0.26833832
0.247;0.364;0.722999;0.519999;0.5213392
0.529;0.518999;0.402999;0.483;1.0756654
0.444;0.627;0.49;0.475;0.95529974
0.5;0.280999;0.43;0.434999;-0.41376835
0.419999;0.509;0.481;0.585;0.8268279
0.59;0.489999;0.579;0.439999;0.68616986
0.439999;0.42;0.32;0.297;0.24047908
0.32;0.642;0.539999;0.820999;-0.042079687
0.768999;0.494;0.67;0.43;0.5246234
0.483;0.494;0.459999;0.514;0.08810875
0.485999;0.433;0.427;0.402999;-0.6262858
0.432;0.447;0.463;0.453;1.7648737
0.589999;0.562999;0.548999;0.471999;0.058023304
0.31;0.367;0.301;0.397;0.035576195
0.41;0.405999;0.259999;0.125999;0.8818877
0.122999;0.257999;0.36;0.421999;-0.14851868
0.417;0.382;0.539999;0.6;0.5665195
0.588;0.457999;0.46;0.527;1.3494592
0.538999;0.705999;0.532999;0.647999;1.3345432
0.643;0.46;0.697;0.458;-0.42824036
0.46;0.69;0.527;0.731999;-0.093652606
0.73;0.64;0.713;0.626999;0.85145056
0.633999;0.539999;0.489999;0.493;1.1263055
0.496;0.540999;0.66;0.569;2.2182803
0.579999;0.466;0.42;0.481;0.6022346
0.45;0.453;0.548999;0.459999;0.15026745
0.491;0.829999;0.546999;0.847;0.3254813
0.856;0.53;0.692;0.389;0.4210931
0.363999;0.424999;0.408999;0.384;0.8366537
0.392;0.435;0.451;0.628;-0.13515234
0.626999;0.589999;0.582;0.366;-0.35625583
0.366;0.28;0.359999;0.396;1.0703307
0.394;0.39;0.344999;0.445999;0.9871495
0.449999;0.478999;0.515;0.407;0.40186465
0.398;0.721;0.5;0.833999;1.4713418
0.811999;0.479999;0.689;0.408999;-0.057314634
0.44;0.813;0.571;0.865;-0.5096067
0.849999;0.486999;0.648999;0.442999;1.0534596
0.446;0.56;0.561;0.442;0.24826047
0.443999;0.445;0.506;0.585999;0.7763338
0.597;0.503;0.356999;0.316;0.4851353
0.302999;0.314999;0.375;0.311999;1.0433209
0.31;0.612;0.482;0.807;-0.8020003
0.814;0.454999;0.671999;0.405999;0.15353677
0.404;0.41;0.316;0.386;1.2542081
0.393999;0.402;0.230999;0.116;0.10457751
0.118;0.247999;0.271;0.277;1.4837873
0.299999;0.238;0.398;0.423999;1.6158353
0.39;0.389;0.388999;0.335;0.62852323
0.335999;0.372999;0.489;0.579;-0.15337646
0.587;0.56;0.443999;0.469999;0.06104824
0.486999;0.549999;0.612;0.664999;0.86049855
0.63;0.611;0.628;0.445;1.0720742
0.459;0.654999;0.489;0.667;-0.31162685
0.661999;0.544;0.349999;0.256999;1.2784493
0.211999;0.0;0.524;0.445999;1.2893956
0.5;0.594999;0.427;0.538;0.27157187
0.536999;0.518999;0.515;0.509999;0.45932648
0.5;0.521999;0.453;0.34;0.8861941
0.345;0.554;0.411999;0.771999;0.5275738
0.784999;0.56;0.789999;0.518;-0.2227205
0.509999;0.529999;0.346;0.369;0.43290973
0.372;0.361;0.453999;0.544999;1.1804384
0.538;0.448999;0.392;0.237;-0.37931985
0.241999;0.66;0.497999;0.861;0.5900276
0.852;0.648999;0.749;0.657999;0.43246567
0.68;0.551;0.710999;0.552;0.8583677
0.535999;0.55;0.49;0.564;1.081757
0.57;0.519999;0.533;0.357;-0.04774511
0.348;0.411999;0.497;0.541999;0.1528543
0.591999;0.468;0.359999;0.343;0.59149086
0.289999;0.381999;0.49;0.509999;-0.21774054
0.519999;0.438;0.387999;0.285;0.8085948
0.28;0.39;0.481999;0.516999;0.59771955
0.53;0.579999;0.399;0.402;0.5380702
0.407;0.24;0.457999;0.442;0.37593365
0.422999;0.619999;0.478;0.619999;1.1798513
0.62;0.701999;0.655;0.661999;0.3439796
0.674999;0.481999;0.609999;0.508;-0.8302946
0.494999;0.445;0.231999;0.218;0.3351164
0.226;0.280999;0.446999;0.580999;0.85199
0.558;0.55;0.566;0.544;0.604139
0.545999;0.53;0.454999;0.334999;1.2516421
0.349999;0.309999;0.219;0.169;1.1578661
0.19;0.225999;0.431;0.430999;-0.67736995
0.409999;0.504;0.43;0.603999;-0.2164352
0.609999;0.504999;0.57;0.429;0.8529377
0.414;0.613;0.479999;0.691;0.42682707
0.701999;0.5;0.537999;0.359999;0.035161942
0.359999;0.353;0.312;0.286;0.77031374
0.338;0.435;0.497;0.604999;0.5473894
0.55;0.545;0.603;0.511;0.16585407
0.5;0.509999;0.494999;0.571999;0.34833968
0.576999;0.469;0.402;0.305;1.5927325
0.308;0.497;0.521999;0.548999;0.3250134
0.657;0.475;0.360999;0.386;-0.075303316
0.290999;0.277999;0.25;0.161999;0.5511147
0.183999;0.296999;0.301;0.429;1.0611039
0.369;0.48;0.567999;0.662999;0.051106185
0.7;0.608999;0.535;0.372;0.19421098
0.360999;0.45;0.533999;0.66;0.57192564
0.636;0.545;0.622;0.53;0.68655133
0.564999;0.534999;0.346;0.308999;0.46402928
0.3;0.329;0.513999;0.588;1.2290341
0.598999;0.500999;0.337;0.265;0.6543678
0.255;0.203;0.232999;0.472999;-0.25874853
0.461999;0.646999;0.614;0.325;0.9429735
0.407;0.532;0.517999;0.875999;1.1071754
0.722999;0.518;0.601;0.396;0.35171926
0.439999;0.794999;0.589999;0.925999;1.1497062
0.765;0.395;0.515999;0.089;1.1033249
0.295;0.402;0.433;0.677;-0.23953795
0.674999;0.534999;0.597;0.367999;0.15644845
0.351;0.342;0.3749;0.303;0.86780906
0.323999;0.456999;0.366099;0.64;1.4207017
0.635999;0.637;0.783999;0.64;0.22548255
0.644;0.466;0.385;0.271999;0.3164333
0.265999;0.46;0.448;0.591999;0.2534163
0.579;0.463;0.580999;0.521;0.26017547
0.512;0.484;0.167999;0.055999;1.2646091
0.073;0.227999;0.394;0.575;0.30214012
0.57;0.488;0.607999;0.579999;0.6471169
0.605999;0.525999;0.600999;0.548;0.53678274
0.528;0.753999;0.554;0.540999;-0.49268192
0.558;0.316;0.387;0.516;0.50614
0.459999;0.698999;0.669999;0.669999;-0.3242541
0.708;0.829;0.658;0.853;-0.009034872
0.832999;0.448;0.496;0.146999;0.15525636
0.128999;0.283999;0.426;0.504;0.7064116
0.561;0.481;0.489999;0.416999;1.719762
0.451;0.432;0.52;0.519;0.57062924
0.457999;0.463;0.393;0.472999;0.65414727
0.478;0.794999;0.494;0.792;-0.46065038
0.807;0.609;0.695999;0.431999;-0.39851254
0.414;0.301;0.381;0.212;0.9010029
0.259999;0.31;0.437;0.594999;0.44610918
0.564999;0.452999;0.508999;0.465;0.82152903
0.463999;0.612;0.474;0.587999;0.8215678
0.564;0.613;0.652;0.64;0.16645011
0.657;0.484;0.557;0.46;0.5532247
0.575;0.724999;0.579999;0.570999;0.08432683
0.445999;0.467;0.606999;0.544;0.44891655
0.56;0.673999;0.445;0.796999;0.9562892
0.784999;0.619999;0.812999;0.612;0.77118397
0.634999;0.491999;0.448;0.41;1.3764958
0.53;0.705;0.522;0.416999;0.3399533
0.267;0.274;0.531999;0.596;-0.26377916
0.600999;0.479999;0.49;0.494999;-0.3497619
0.515;0.633;0.619999;0.704999;0.44123948
0.656999;0.497999;0.419;0.319;1.5130382
0.317;0.338;0.483999;0.466999;0.5659354
0.503;0.472;0.445;0.503;1.3940256
0.5;0.509999;0.41;0.277;1.4928024
0.298;0.298;0.329999;0.375;0.34567535
0.332;0.347;0.392;0.365;-0.24303377
0.497999;0.626999;0.647999;0.717999;0.101424426
0.614;0.503;0.542999;0.518;0.9101373
0.518999;0.527;0.422;0.533999;-0.016857982
0.527;0.662999;0.666999;0.597999;0.493623
0.586999;0.443;0.573;0.482;0.7902366
0.414999;0.506999;0.324;0.289999;-0.15375793
0.37;0.469999;0.472999;0.589999;1.4399719
0.594999;0.693;0.545999;0.75;0.7050228
0.744999;0.805999;0.771999;0.87;0.27119637
0.844999;0.476999;0.396;0.349999;-0.109695196
0.383;0.56;0.5;0.44;0.07834253
0.414999;0.192;0.5;0.344;1.277892
0.359;0.515;0.5;0.393999;0.7915509
0.387999;0.354999;0.5;0.476999;0.6796372
0.579999;0.529;0.539999;0.585999;0.33060133
0.253;0.412999;0.286;0.263;-0.12642026
0.542;0.347;0.494;0.433;0.59494793
0.52;0.5;0.427;0.448;0.5505127
0.128;0.5;0.304;0.410999;0.6633234
0.696999;0.445999;0.548999;0.494;0.251503
0.434;0.281;0.210999;0.382;-0.18380165
0.417999;0.424999;0.706;0.548999;0.5683702
0.375999;0.601999;0.476999;0.509999;1.0083091
0.612;0.469;0.432;0.395;0.10544476
0.378;0.395;0.406999;0.349999;0.95703125
0.286999;0.552;0.405999;0.571;1.0804725
0.567999;0.255;0.525;0.339999;0.4150313
0.477;0.480999;0.497;0.530999;-0.022025704
0.562999;0.557;0.515;0.508;0.13083038
0.442;0.529;0.488;0.526;0.5220634
0.305;0.287999;0.349999;0.311999;-0.49185938
0.533;0.45;0.501;0.497;0.10747132
0.495;0.550999;0.506999;0.524999;1.0627639
0.821999;0.914999;0.624;0.890999;-0.14648616
0.743;0.577;0.681999;0.478;0.24065194
0.326999;0.353999;0.441;0.364;0.8451861
0.314999;0.315999;0.390999;0.405999;0.77377975
0.41;0.519;0.436;0.576999;0.57883084
0.494999;0.475;0.463;0.322;-0.054617524
0.655;0.597999;0.645;0.784999;0.6156367
0.680999;0.622999;0.537999;0.404;0.09570834
0.234;0.215;0.294;0.311;0.36880195
0.355;0.564;0.445999;0.573999;1.5123885
0.562999;0.420999;0.646999;0.478;0.919081
0.66;0.634999;0.509999;0.506999;1.3049703
0.274999;0.399999;0.352;0.479999;0.54448664
0.509999;0.683;0.579;0.721;-0.22618353
0.765;0.579999;0.704;0.457;-0.28922743
0.495;0.471;0.544999;0.601999;0.5207491
0.548999;0.478;0.487;0.369;1.0134798
0.317999;0.366;0.245;0.364;1.1116934
0.389;0.512;0.488;0.658;0.30278087
0.811;0.604999;0.671999;0.526999;0.807814
0.422999;0.442;0.445;0.258;1.3288867
0.137;0.267;0.0;0.1;0.4786801
0.163;0.350999;0.5;0.647999;-0.17779946
0.5;0.5;0.5;0.5;0.11880216
0.475;0.382999;0.51;0.528;0.3048551
0.729999;0.492;0.579999;0.408999;0.1559299
0.441;0.482999;0.524999;0.474999;0.5995643
0.298999;0.42;0.347;0.434;0.46801683
0.681999;0.566;0.530999;0.417;0.22882637
0.388;0.378999;0.442;0.576999;0.27178943
0.582;0.515;0.46;0.451999;1.026122
0.382999;0.475999;0.548999;0.512;1.4093649
0.576999;0.676;0.528999;0.637;0.84789515
0.670999;0.484999;0.49;0.313;0.0021588504
0.191;0.342999;0.494;0.625;0.4396391
0.859999;0.887;0.698;0.603999;-0.19918263
0.433;0.252;0.524999;0.455999;0.06297347
0.395;0.433;0.385;0.379;0.921638
0.317999;0.576;0.397999;0.710999;0.8142811
0.945;0.677999;0.627;0.445;0.016922921
0.313;0.328;0.542999;0.542999;0.5929959
0.519999;0.473999;0.417;0.317999;0.96373975
0.337;0.554;0.503;0.623;0.19081053
0.603;0.57;0.619999;0.666999;-0.49630886
0.698999;0.539;0.375;0.497;0.9193194
0.449999;0.428999;0.668999;0.411;0.6390703
0.43;0.687;0.51;0.728999;0.74611723
0.727999;0.467999;0.611999;0.463999;0.614686
0.529;0.685;0.588;0.689;0.26298583
0.631;0.475;0.611;0.423;-0.02132237
0.574999;0.664999;0.646;0.673;0.45499024
0.435;0.443999;0.329;0.387;0.6988776
0.454999;0.465;0.599999;0.545;0.5530995
0.569;0.505;0.513;0.473999;-0.18446326
0.438;0.567999;0.199999;0.158999;0.85526526
0.262999;0.213;0.472;0.57;0.8571011
0.525999;0.567;0.540999;0.614;0.54854274
0.569;0.405;0.544;0.424999;-0.01736164
0.417999;0.545999;0.506999;0.491;0.7231277
0.494999;0.457;0.456;0.524999;0.795601
0.549;0.637;0.556999;0.481999;0.055952042
0.392999;0.334999;0.376;0.459;-0.31424946
0.64;0.555;0.375;0.454;1.485939
0.342;0.378;0.610999;0.421999;0.67545295
0.607999;0.835;0.634999;0.971;0.0661504
1.0;0.865;0.998;0.814;1.0781121
0.622999;0.506999;0.524999;0.448;0.8828652
0.393;0.68;0.531999;0.634;0.6514263
0.652;0.358;0.422;0.253999;0.2755177
0.277999;0.280999;0.192999;0.31;0.168879
0.276;0.353;0.551;0.579999;0.2507043
0.676;0.632999;0.328;0.318999;0.3367734
0.253;0.302;0.584999;0.604;1.0405046
0.649;0.686;0.501;0.375;0.58427274
0.295999;0.225;0.422999;0.451;0.65770864
0.494;0.535;0.274;0.410999;0.0197303
0.430999;0.433999;0.688;0.564;-0.20151317
0.454999;0.423999;0.456;0.49;0.33170998
1.0;0.932;0.727999;0.686999;0.212149
0.278999;0.347999;0.506;0.513;1.2685192
0.391;0.421999;0.402;0.352999;0.9648603
0.393;0.388;0.495;0.47;0.53084016
0.436999;0.509;0.215999;0.254999;1.2385082
0.216;0.239999;0.443;0.566;0.6665957
0.656999;0.626;0.631999;0.661;-0.19080222
0.649;0.531999;0.469;0.332999;0.3284675
0.308;0.38;0.402999;0.524;0.5300772
0.579999;0.476999;0.402;0.396999;-0.13475001
0.39;0.398;0.494999;0.366;-0.16273737
0.343;0.443999;0.512999;0.515999;0.89355826
0.552;0.456;0.453;0.41;0.50726056
0.478;0.517;0.538;0.576;-0.6386776
0.529999;0.529999;0.379999;0.361999;0.9253216
0.262;0.323;0.352;0.372;0.54818213
0.49;0.382;0.474999;0.523;0.25387824
0.505;0.567;0.537;0.478;0.17619547
0.442999;0.381;0.448;0.464999;1.2593848
0.445;0.576999;0.509999;0.529;1.1975956
0.765;0.64;0.626999;0.586999;0.5643946
0.281999;0.327999;0.426;0.451;-0.41851586
0.558;0.505;0.445999;0.516;0.8714181
0.42;0.642;0.551;0.507999;0.60196936
0.582;0.378;0.43;0.375999;0.3162098
0.308;0.322999;0.341;0.375;0.17952141
0.493;0.539;0.512;0.565;0.8592349
0.574999;0.512;0.563;0.469999;0.6678802
0.467;0.633;0.531999;0.759999;0.9198767
0.703999;0.545;0.591999;0.436;1.5364985
0.544;0.539999;0.509;0.422;0.8403075
0.262999;0.263999;0.332;0.343999;0.24297354
0.258;0.502;0.378;0.59;0.39716184
0.603999;0.473999;0.575;0.481999;0.4539233
0.561;0.462;0.469;0.402;0.25744855
0.539;0.57;0.644999;0.642;0.4886907
0.631;0.615;0.551;0.644999;0.21946546
0.616;0.559999;0.476999;0.408999;0.53892255
0.381;0.547;0.554;0.698;0.9230715
0.683;0.512999;0.613;0.515999;0.8521837
0.417999;0.482999;0.524;0.407;0.93464375
0.399;0.449;0.38;0.386;0.18803295
0.427999;0.399;0.476999;0.511999;0.3369999
0.463999;0.445999;0.277999;0.303;-0.010834932
0.394;0.491999;0.511;0.674999;0.26346862
0.714999;0.55;0.634999;0.382;0.71246743
0.311999;0.494999;0.439999;0.543999;0.92300296
0.373;0.366999;0.394;0.454999;0.5276573
0.655899;0.4679;0.655899;0.501899;0.025485128
0.7551;0.761099;0.6041;0.6661;0.3492993
0.214999;0.5;0.366;0.547;0.9833497
0.868;0.689;0.747999;0.68;0.7070404
0.583999;0.527;0.641;0.500999;0.68585396
0.536999;0.535;0.384999;0.411;0.37805855
0.27;0.347999;0.317;0.283999;0.5366099
0.317999;0.331;0.485999;0.506999;1.0460359
0.57;0.530999;0.57;0.576;0.45454618
0.643999;0.540999;0.457;0.46;1.1030418
0.361;0.425;0.493;0.506;-0.18346488
0.497;0.488;0.536999;0.500999;-1.0849434
0.619999;0.792999;0.634999;0.765;0.4201752
0.635;0.524999;0.573;0.54;1.480351
0.699999;0.604999;0.587;0.619;-0.16186714
0.417999;0.434;0.479999;0.400999;0.35113513
0.42;0.533999;0.503;0.555;0.6388289
0.674999;0.551;0.575;0.57;0.73209524
0.49;0.547999;0.507999;0.535;0.5600047
0.524999;0.592;0.595;0.523999;1.5200715
0.565;0.689999;0.523999;0.762;0.96695244
0.748999;0.561999;0.695;0.6;-0.797974
0.591;0.643999;0.682;0.442999;0.63073456
0.375;0.336;0.368;0.466;0.82733154
0.572;0.506;0.518999;0.553;0.6549758
0.446999;0.619;0.493;0.506;0.21969792
0.618;0.524999;0.652;0.605999;-0.120194554
0.542999;0.571999;0.495999;0.467;1.9509118
0.442;0.487;0.42;0.545999;0.81308305
0.618;0.575;0.713;0.555999;0.17436561
0.469999;0.576999;0.388999;0.593;0.8531821
0.667;0.581;0.748;0.580999;0.18987176
0.609999;0.454999;0.43;0.416;-0.08142471
0.372999;0.439;0.457;0.512;0.6955099
0.561;0.546999;0.25;0.136999;0.89292645
0.194;0.43;0.551;0.835;-0.54135215
0.796999;0.501;0.522999;0.423;0.17947969
0.295;0.580999;0.558;0.713;1.4732611
0.843;0.562;0.648;0.402999;0.70584834
0.171999;0.369999;0.305;0.268999;0.04024324
0.457999;0.381999;0.543999;0.606;0.67885935
0.602;0.535;0.478;0.408999;0.97899854
0.415999;0.404999;0.531999;0.51;-0.5328764
0.602;0.793;0.652;0.707999;0.80796003
0.576999;0.403999;0.492;0.466;0.5192113
0.379999;0.508;0.344999;0.588999;0.6620002
0.67;0.507999;0.492999;0.335999;0.532521
0.395;0.398;0.62;0.566;0.14170524
0.332;0.396999;0.333999;0.251999;1.2615544
0.485999;0.384999;0.406;0.522;0.4597914
