<bid_top>;<ask_top>;<spread>;<prediction>
0.0;-4.680000095388857;5.1;0
-5.561419914584087;-2.6600000066266802;8.00142;0
-0.5385799924832083;-0.6000000544558081;7.94;0
-1.993999832245089;-1.9300000777772959;8.004;1
4.004001089364351;3.9999990890429102;8.0;1
0.0;0.0;8.0;1
0.0;0.0;8.0;1
0.0;-1.760000041463864;6.24;1
0.0;0.0;6.24;0
0.0;0.0;6.24;0
0.0;0.0;6.24;0
0.0;1.5499999171715169;7.79;0
1.989999831709383;4.670000361168412;10.47;0
0.7299999228958914;1.449999997562287;11.19;0
3.1699993758687395;0.609999892771749;8.63;0
-3.5337889758868353;-0.6700000463275099;11.49379;0
5.683787789112753;16.08001922191057;21.89;0
-0.6500001196599782;8.06000293097442;30.6;0
17.7299764145244;-3.5100000786598833;9.36;0
-18.820003684639474;-7.56000100788313;20.62;0
5.083552602169596;5.2299980255275615;20.76644;0
-4.163554776377683;-1.7199993741501804;23.21;0
-4.270000122676892;-3.590001305812048;23.89;0
2.6100003411480848;-1.498028113170692e-06;21.28;0
-2.719999932055765;-2.529997417090475;21.47;0
1.0599998724623145;0.9099999007965178;21.32;0
-3.3700000889421413;-22.080006551759023;2.61;0
-0.11999996033974931;0.0;2.73;0
-0.4100000342239797;16.000025211095107;19.14;0
0.0;-11.659998609953341;7.48;0
0.9999999999999999;1.7699997577695237;8.25;0
0.0;0.7999999085580566;9.05;0
-0.4499999920034971;-1.5000000843143648;8.0;0.5
0.609999892771749;20.340002166086798;27.73;0.5
2.4699993613915967;-16.439998905680387;8.82;0.5
-2.63000000910014;-2.6099999754372516;8.84;0.5
1.330000118480962;5.460002417326424;12.97;0
3.3600011266429144;-0.6100000212370176;9.0;0
-4.1600002902175595;-0.6600000791980584;12.5;0
10.339999264168148;15.12001551416154;17.28;0
-2.4900000108840965;0.0;19.77;0
-2.540000044941025;0.0;22.31;0
5.349999279439184;0.0;16.96;0
-5.889999622050076;0.0;22.85;0
4.830001731407046;0.0;18.02;0
2.1800003947517044;0.0;15.84;0
-0.21999995567978187;0.0;16.06;0
-0.30000002545606735;0.0;16.36;0
-0.6499999864759097;0.0;17.01;0
23.520227005221592;7.840002106068471;1.3298;0
-0.6701977149163483;0.9999999999999999;3.0;0.5
0.0;0.0;3.0;0
0.0;0.0;3.0;0.5
0.0;0.0;3.0;0.5
-33.98999767291528;-18.820003684639474;18.17;0.5
-0.9999999999999999;-8.320000468262467;10.85;0.5
0.0;-2.7699999441404666;8.08;0.5
1.1400000882215369;1.9199995642157937;8.86;1
6.999994970050791;7.360004263632187;9.22;0.5
1.4899999303824512;0.9200000352693285;8.65;1
7.339995569703676;2.590000257408454;3.9;1
-7.08999950258112;16.12002268395185;27.11;1
2.509999941209211;-16.599999668939;8.0;1
0.0;0.0;8.0;1
0.8799999454818311;1.32000007536547;8.44;1
0.9599998861317528;0.5200000873952987;8.0;1
0.1799999450241356;1.2099998488611952;9.03;1
2.8400002770516672;2.09999977592398;8.29;1
2.9799998753353947;3.0100007343157245;8.32;1
0.0;0.5299999518345083;8.85;1
0.9999999999999999;0.030000079801075937;7.88;0
5.8600026334580555;7.680003399960646;9.7;0
1.2999997853166363;-0.15000000288958212;8.25;0
0.5999999271234194;0.3500000793249561;8.0;0
0.0;0.0;8.0;0
0.0;0.0;8.0;0
-0.3999999685558813;0.0;8.4;0
-0.9500000531330878;0.0;9.35;0
-22.819993302847784;-11.470000435630839;20.7;0
-2.050000243308874;0.9400006867397931;23.69;0
-203.8798031674267;1.2598106430243012;228.8298;0
203.02275427474498;-0.09981033686606748;25.71;0
1.1200000195992947;-5.630000281842195;18.96;0
-3.030000062299034;-7.4399990460957115;14.55;0
8.870173954777849;-3.020000051558311;2.65983;0
0.0;16.189830450709053;18.84964;0
-8.870170224690053;-18.849643420880838;8.87017;0
0.0;-1.650170815077633;7.22;0
0.0;0.31000008068455165;7.53;0
0.0;-0.48000000874019216;7.05;0
0.0;0.0;7.05;0
0.0;-0.020000030575289467;7.03;0
2.9900003532884214;0.9200000352693285;4.96;0
5.880173752463199;4.029998795631739;3.10983;0
-5.880170837920959;-3.109829190242726;5.88017;0
0.0;0.0;5.88017;0
7.0101679268976875;18.849637165871354;17.71964;0
0.0;0.0;17.71964;0
-13.010172367102898;-6.559810674946962;24.17;0
16.480191217906427;0.15000000288958212;7.83982;0
-16.360175405896026;0.6800001136927623;24.88;0
0.0;-6.130000682265979;18.75;0.5
-0.020000030575289467;-10.769999344691733;8.0;0
0.4599999147244292;0.4599999147244292;8.0;0
0.5299999518345083;0.5299999518345083;8.0;0
-5.089999537407211;-1.5799999796204465;11.51;0
0.0;-9.72999799651106;1.78;0
-4.999999934059029;2.7900008089467705;9.57;0
0.0;24.430024668785716;34.0;0
0.0;-25.9999917219847;8.0;0
0.0;-0.0400000318245179;7.96;0
0.10000002673407121;0.08999992467566297;7.95;0
0.0;-0.5399999363428855;7.41;0
-0.10000002673407121;0.4900000588800476;8.0;0
0.0;-3.0000000348614897;5.0;0.5
0.0;0.0;5.0;0.5
0.0;0.0;5.0;1
0.0;0.0;5.0;1
0.0;0.0;5.0;1
0.0;0.0;5.0;1
3.269041584804814;0.0;1.73096;1
0.0;-1.6999998894081436;0.03096;1
0.0;0.0;0.03096;1
0.0;0.0;0.03096;1
0.0;7.199999813911182;7.23096;1
0.0;0.0;7.23096;1
0.0;-0.32999995461284304;6.90096;1
0.0;-0.7100000428244131;6.19096;1
0.0;0.6900000713189816;6.88096;0
1.8725351414619863e-07;1.1200000195992947;8.00096;0
0.0;0.0;8.00096;0
0.0;0.0;8.00096;0
-9.36267570730985e-08;-1.449999997562287;6.55096;0
1.0009580732769758;2.2800006518177263;7.83;0
-1.0009578858439905;-0.6100000212370176;8.22096;0
1.0009580732769758;-2.600000032903411;4.62;0
-1.0009578858439905;-2.3100000328663404;3.31096;0
0.0;0.1100000709050053;3.42096;0
0.0;0.07999993200617636;3.50096;0
0.0;-0.2799999915436406;3.22096;0
0.0;-0.1799999450241356;3.04096;0
3.1709575605678038;3.6900005417873354;3.56;0
-0.08000002623214436;-3.1501567012544487;0.48984;0
0.0;0.0;0.48984;0
0.2400000964558214;0.0;0.24984;0
0.0;0.0;0.24984;0
-0.23998999647338334;0.0;0.48983;0
-1.0018063007156651e-05;0.0;0.48984;0
0.0;0.0;0.48984;0
0.0;0.0;0.48984;0.5
0.0;0.0;0.48984;0.5
0.25999991871895833;1.7701568700177068;2.0;0.5
-0.1799999450241356;-0.1799999450241356;2.0;0.5
0.40984321284678354;0.15000000288958212;1.74016;0.5
2.6701568194909595;1.4099999496145077;0.48;0.5
15.65001745556215;28.55003534110976;13.38;0.5
1.9700001193382959;-2.189999976972324;9.22;0.5
0.13999989921205244;1.0199999764649315;10.1;0.5
2.2099995642605426;7.52988746845049;15.41989;0.5
-2.5300000155466935;-3.63989004700027;14.31;0.5
4.3299992171081305;-1.9790007691179914;8.001;0.5
-0.0299999860900546;-0.03300070441269854;7.998;0.5
-0.0400000318245179;-0.03500072864606747;8.003;1
-4.230000409978879;-4.233182682060199;7.99981;0.5
-0.009999951844197795;-0.01400026820951756;7.99581;1
-8.000001152169677;-7.995814799067549;8.0;1
-4.380000169740359;-2.5900000769873324;9.79;1
-0.15339277016753192;-4.88000030806811;5.06339;1
-4.926607820503088;-1.990000063908413;8.0;1
-0.009840489785323038;-0.9999999999999999;7.00984;0.5
0.0;0.0;7.00984;1
-2.0038664190421582;-1.0799999884584688;7.93371;1
0.0;-0.0400000318245179;7.89371;0.5
0.0;0.0;7.89371;1
0.0;-0.11999996033974931;7.77371;1
0.8937068897871732;1.0300001008086583;7.91;0
0.0;-0.15999995796251998;7.75;0
0.0;-0.7900000146957581;6.96;0
0.0;1.1600001693320234;8.12;0
0.0;-1.0999999576331156;7.02;0
0.0;0.840000130696355;7.86;0
4.419999031778816;6.78199331224633;10.22199;0
-4.419999512467799;-1.2966906601239205;13.3453;0
0.0;-5.345301910099759;8.0;0
0.82999991027888;1.8600001049629147;9.03;0
-0.8300000684051083;-1.8599998961939719;8.0;0
0.0;0.0;8.0;0
0.15000000288958212;10.58000471228606;18.43;0
20.465408216700464;19.117113719901436;17.0817;0
0.0;-2.891834767039648;14.18986;0
1.1346039596973996;2.4847408234942843;15.54;0
7.440003003250393;2.4799998962099314;10.58;0
3.4100011475041563;0.82999991027888;8.0;0
0.0;0.0;8.0;0
0.0;0.0;8.0;0
0.0;0.0;8.0;0
0.0;0.0;8.0;0
-25.099991600729034;-5.030000373422797;28.07;0
7.93999864139848;1.7900001812768502;21.92;0
-0.22999996928912553;-0.840000130696355;21.31;0
1.6400000146035452;0.7500001353976012;20.42;0
-1.2299999454374584;2.679999908061382;24.33;0
3.260000307127427;-2.169999861280449;18.9;0
1.3599997794259677;2.8200000067588866;20.36;0
0.0;-3.7100001230479043;16.65;0
0.0;-0.10999997614536398;16.54;0
-6.480000047044232;-0.23999999743616102;22.78;0
2.1800003947517044;-0.5000000628744109;20.1;0
-5.510000852209429;-1.8300001192058548;23.78;0
2.2900005231162934;-0.16999999973672625;21.32;0
1.82999971203248;0.0;19.49;0
-4.6500001280379015;-3.547553146790228;20.59245;0
-6.819999646811485;1.7675537033462445;29.18;0
3.8600002360451406;-1.32000007536547;24.0;0
6.049997931479385;1.32000007536547;19.27;0
-3.1299999190625245;-0.5100000117758838;21.89;0
3.8500001495480194;0.5100000117758838;18.55;0
-5.570001219773005;-0.20999999345641357;23.91;0
-0.679999976772987;0.0;24.59;0
-2.540000044941025;-0.23000006786873883;26.9;0
8.640006772929473;0.22999996928912553;18.49;0
-2.2899999385013614;0.0;20.78;0
-3.9100001733829917;0.0;24.69;0
5.789997925575508;0.0;18.9;0
3.57999900426109;0.0;15.32;0
4.53999811169995;8.549997991204483;19.33;0
7.740001241970775;0.0;11.59;0
3.6500006551705995;0.0;7.94;0
-0.05999999138143994;0.0;8.0;0
-9.579998600578293;-1.5200000989907716;16.06;0
7.479995676824061;0.9699999628516847;9.55;0
-11.239999313691905;-6.450000747364347;14.34;0
5.980002912361444;-0.5000000628744109;7.86;0
-0.390000007424183;-0.24999995745640138;8.0;0
1.8725351414619863e-07;0.0;8.0;0
-0.07000010001538785;-0.12999995274163015;7.94;0
-0.059999897417627165;0.0;8.0;0
-0.05999999138143994;-0.05999999138143994;8.0;0
-0.0299999860900546;-0.0299999860900546;8.0;0
0.0;0.0;8.0;0
-0.020000030575289467;-0.020000030575289467;8.0;0
-0.010000045480317542;-0.009999951844197795;8.0;0
-0.9300000770294838;0.0;8.93;0
0.9300002516340519;0.0;8.0;0
3.2700003448942017;0.0;4.73;0
-3.2700000712020927;0.0;8.0;0
-17.910001090410752;-6.39000026008953;19.52;0
-1.249999783000218;0.9200000352693285;21.69;0.5
-2.170000128533345;-1.600000119417243;22.26;0.5
5.329997505335232;0.0;16.93;0.5
-7.4200004352729;-2.0599998289883357;22.29;0.5
5.000000542633005;0.980000048576286;18.27;0.5
-1.1600000595265503;-1.8725351414619863e-07;19.43;0.5
-0.24999995745640138;1.8725351414619863e-07;19.68;0.5
0.9899998970846743;-0.12999995274163015;18.56;0.5
-1.480000066227201;-0.5899999518494932;19.45;0.5
1.239999883106176;-1.2200000277493537;16.99;0.5
-0.5899998256312743;0.0;17.58;0.5
0.5699997045726537;0.0;17.01;0.5
0.16999999973672625;0.0;16.84;0.5
-1.190000057554255;0.0;18.03;0.5
0.7100000428244131;0.0;17.32;0.5
-2.6400001238512587;0.0;19.96;0.5
4.969999091598408;2.7800007011802728;17.77;0.5
0.23000036360760429;-0.11999996033974931;17.42;0.5
1.3107745990241257e-06;1.2000000614739004;18.62;1
2.247042169758139e-06;0.6199998717968742;19.24;1
0.2799959528641002;0.0;18.96;1
0.5699999526647982;0.0;18.39;1
-8.600000609913092;-18.40016821961894;8.58983;1
0.0;-1.3898332684069796;7.2;1
-0.8937070581947593;-0.9699999628516847;7.12371;1
-1.1462929901108554;-1.4899999303824512;6.78;1
0.0;1.2200000277493537;8.0;1
0.0;-0.07000000592985899;7.93;1
0.0;0.07000000592985899;8.0;1
0.0;-0.21999995567978187;7.78;1
0.9999999999999999;2.84983392366205;9.62983;1
0.0;-1.6998330942802247;7.93;1
-0.9999999999999999;-1.910000037693839;7.02;1
0.9999999999999999;-0.7499999891057847;5.27;1
5.839998421197295;15.539996993156253;14.97;1
4.28999993850038;0.010000045480317542;10.69;1
0.46999987498500234;-3.309999986150479;6.91;1
-0.7100000428244131;5.929998077933029;13.55;1
-7.200000432315939;-3.1000001058158766;17.65;1
-0.720000048481753;-1.2400000018997988;17.13;1
-2.3299999334210666;-18.880003891990317;0.58;1
0.0;0.0;0.58;1
0.0;0.0;0.58;1
0.0;0.0;0.58;1
0.0;0.0;0.58;1
-0.6400000487404452;0.0;1.22;1
0.0;0.0;1.22;1
-4.959999870492363;-1.6999998894081436;4.48;1
0.0;1.6999997073041324;6.18;1
0.4399999267427046;2.2599995437555993;8.0;1
0.18999995951284895;0.18999995951284895;8.0;1
0.0;0.0;8.0;1
0.0;-0.9500000531330878;7.05;1
-1.5100000448530055;-0.7900000146957581;7.77;1
0.0;0.0;7.77;1
0.0;-0.6299999825900957;7.14;1
0.0;-1.09000004265051;6.05;1
0.7699998643981434;2.7200003252132756;8.0;1
-0.7700000135361958;-0.9500000531330878;7.82;1
0.0;0.030000079801075937;7.85;0
1.149999973206558;1.2999997853166363;8.0;0
0.0;0.0;8.0;0
0.1100000709050053;0.1100000709050053;8.0;0
0.03999993804795813;0.010000045480317542;7.97;0
0.15999995796251998;-2.870000043628309;4.94;0
-1.4600000364947672;-2.569999988964909;3.83;0
0.0;-0.6299999825900957;3.2;0
-23.519995132781204;-19.559995566870427;7.16;0
-0.8010985179626258;-0.3499999742289195;7.6111;0
0.0;-3.7899999098996475;3.8211;0
0.5810985101379118;4.760001508884255;8.0;0
0.0;0.0;8.0;0
1.2299999454374584;11.120006663443998;17.89;0
0.9000000503117024;-3.5799999744493776;13.41;0
2.120000439854816;-6.360000098295455;4.93;0
1.7900001812768502;1.949999771056822;5.09;0
-3.640000110778534;-6.219999826173778;2.51;0
2.1400001187556286;4.839998461195464;5.21;0
-0.9899998970846743;10.920004033888294;17.12;0
-2.3900000573677933;-16.87999772378563;2.63;0
-0.15999995796251998;-0.7900003188142397;2.0;0.5
-1.581098478679947;-2.010127501848081;1.57097;0.5
-0.3189014764833648;-0.8999992029898656;0.98987;0.5
-0.11999996033974931;0.0;1.10987;0.5
0.0;-0.00400013090441409;1.10587;0.5
-10.951292924900821;-6.515872547112852;5.54129;0.5
-2.4397081285216933;-5.769999833834315;2.211;0.5
-8.769000702709786;-5.7000000271444975;5.28;0.5
-1.2200000277493537;-1.760000041463864;4.74;0.5
2.6199999955581643;2.7400008393982094;4.86;1
0.0;1.3699999817159059;6.23;1
0.18999995951284895;5.7599980032446;11.8;1
-0.18999995951284895;-5.75999960321288;6.23;1
0.0;0.0;6.23;1
0.0;-0.5800000338660249;5.65;1
3.069999515236008;6.3499996286602975;8.93;1
-0.07000000592985899;-0.32000004736078086;8.68;1
-1.9999999825692552;-2.2600001155903082;8.42;1
-0.9999999999999999;-2.8800000302593665;6.54;1
0.0;-0.7400000289954272;5.8;1
0.0;-0.020000030575289467;5.78;1
-2.6199999955581643;-0.4499999920034971;7.95;1
0.0;0.0;7.95;0
3.6200009123212054;4.139999198252806;8.47;1
-2.6199999955581643;-3.089999994457911;8.0;0
6.61999804173575;-0.10000002673407121;1.28;0
-4.759999847645527;9.259995519967532;15.3;0
7.609998930035465;2.5199994154461174;10.21;0
-0.7599999795952662;-1.9999999825692552;8.97;0.5
0.82999991027888;1.1700000109108606;9.31;0.5
-1.9999999825692552;-1.0400000383995776;10.27;0.5
1.4300002650764978;4.629999136152582;13.47;0.5
3.499999052151754;-0.9999999999999999;8.97;0.5
-1.7899999844687116;-2.7599999354693687;8.0;0.5
3.520000187747912;3.1798754597609165;7.65987;0.5
6.2099979374983185;0.0;1.44987;0
-19.329996078318622;22.48016192224261;43.26;0
30.32003705339175;-4.080000011363856;8.86;0
-0.13999999467389257;-0.9999999999999999;8.0;0
0.0;0.0;8.0;0
0.0;0.0;8.0;0
-0.9999999999999999;-0.9999999999999999;8.0;0
-23.575666558070445;8.360006385907134;39.93567;0
-5.12712489894454;-2.1199999254318898;42.94279;0
3.3827913979359088;-20.12800075955202;19.432;0
-0.5699997045726537;6.99800127956075;27.0;0
3.0399995418176906;2.8200000067588866;26.78;0
4.007298196629508;6.520002290364224;29.2927;0
-2.8072963888411127;-7.929999658983023;24.17;0
2.4400004169413565;1.7900001812768502;23.52;0.5
-0.7200001906446369;-6.339999909626937;17.9;0.5
9.399999330151909;12.46998897098484;20.97;0.5
-1.1200000195992947;-7.3700009207344115;14.72;0.5
10.529993054341414;9.510005373607715;13.7;0
7.469995192267463;3.340000262426218;9.57;0
-26.279994045341887;-15.939997251843764;19.91;0
0.5115212269160176;1.289999753049629;20.68848;0
0.7784784488275035;-5.830000132572573;14.08;0
0.0;-2.0799999328779935;12.0;0
7.15999799594739;16.030014414823157;20.87;0
7.459999727186039;-2.8400000648559622;10.57;0
1.7400001590876895;0.0;8.83;0
-16.359997762437438;-3.749999861853562;21.44;0
0.0;-7.550000478971413;13.89;0
0.0;0.25999991871895833;14.15;0
0.025503088984374082;18.36999688706331;32.4945;0
-0.025503088984374082;-15.899997037391756;16.62;0
1.1100003108571839;12.90999665784879;28.42;0
3.8899986592788727;5.470001486232219;30.0;0
9.999997326593583;-4.020000000334835;15.98;0
-14.999996434612884;-6.259999828002995;24.72;0
-3.745070282924104e-07;5.189998671979932;29.91;0
0.0;-0.21999995567978187;29.69;0
-10.366098669159582;-1.2400000018997988;38.8161;0
2.7660996231814594;-12.149998575802144;23.9;1
-2.9000000198054443;-3.770000104298038;23.03;1
-2.1199999254318898;-9.770000982097779;15.38;1
2.770000553152189;14.889997681802035;27.5;1
1.5200000989907716;-1.2999999112446061;24.68;1
7.419995842943582;-2.400000282169162;14.86;0
7.479995676824061;6.61999804173575;14.0;0
6.880002607456342;2.1800003947517044;9.3;0
0.390000007424183;0.0;8.91;0
1.9099998201005872;0.9999936334007858;7.99999;0
0.0;0.0;7.99999;0
-0.009999951844197795;-0.00500008500289847;8.00499;0
-0.020000030575289467;-0.024000489140254006;8.00099;0
-1.6200000186810546;-0.6209930491168502;9.0;0
0.08999992467566297;-0.22999996928912553;8.68;0
1.2600000796059057;3.2499997366163167;10.67;0
-1.4000000814603766;-3.6100000420233984;8.46;0
-9.169998736939469;-8.629999549635466;9.0;0.5
-3.1999999098693777;-4.199999614003786;8.0;0.5
-1.0500000155598028;-0.04999999920947741;9.0;0.5
-0.12999995274163015;-0.12999995274163015;9.0;0.5
0.3799998963213796;3.550000316872268;12.17;0.5
3.8100010782747127;-0.35999999393972215;8.0;0.5
5.990000249919811;16.66001593605917;18.67;0.5
3.839998369386226;-5.640000003331077;9.19;0.5
-0.20999999345641357;-0.8399999710065502;8.56;0.5
-0.4600000281626056;0.07999993200617636;9.1;0.5
-0.5399999363428855;-4.710000154355546;4.93;0.5
0.7499998428139885;4.819999148211836;9.0;0.5
2.1600005185359565;1.6999997073041324;8.54;0.5
-20.220004520706276;-16.230122323634927;12.52988;0.5
0.0;15.570114701080902;28.1;0.5
0.0;-14.400000803536855;13.7;0.5
6.390000749665092;3.200000699143076;10.51;0.5
1.1800001571888605;-1.6800000213667463;7.65;0.5
-2.4699998600171407;-2.180000125462373;7.94;0.5
-9.230000271055555;7.29000204358771;24.46;0.5
-4.240000123853645;-12.320001690879748;16.38;1
-0.24999995745640138;-15.649997308732866;0.98;1
0.9901033502355103;18.48998581806553;18.4799;1
1.6098964818371426;14.639980866712708;31.51;1
0.3199999441466441;-4.52999967390881;26.66;1
-1.2100000795668793;6.020000052704394;33.89;1
5.490001352651722;-13.799998679254134;14.6;1
-2.4900000108840965;2.0599998289883357;19.15;1
1.7900001812768502;-2.189999976972324;15.17;1
6.170000173326912;-0.15000000288958212;8.85;1
0.22999996928912553;0.15000000288958212;8.77;0
-11.909896518547246;-8.540000642326635;12.1399;0
-1.5021413361678457;-9.670001456113342;3.97204;1
0.1420378185878902;4.499998080263839;8.33;1
0.0;-0.32999995461284304;8.0;1
0.0;-0.15000000288958212;7.85;1
0.0;0.15000000288958212;8.0;1
0.0;0.0;8.0;1
0.0;0.0;8.0;1
0.0;0.0;8.0;1
4.129998406686419;7.850003806124992;11.72;1
3.5600008593047483;-0.5100000117758838;7.65;1
0.2500000569348311;0.5100000117758838;7.91;1
-0.5100000117758838;-0.9999999999999999;7.42;0.5
0.0;0.0;7.42;1
-2.500000026827246;-4.999999934059029;4.92;1
-1.0599999718751973;-1.4199999103703635;4.56;0.5
-2.8400000648559622;-5.370999866552457;2.029;0.5
-3.040000021261528;-0.8689997841788222;4.2;0.5
0.0;-3.049999894375484;1.15;1
0.609999892771749;3.459998913796411;4.0;0.5
1.3999998043251904;-0.6040001291795669;1.996;0.5
-2.0099998496021296;-1.0320004418783109;2.974;0.5
-8.48580209794336;-10.265869512804626;1.19393;0.5
-1.514198904392531;3.65186817334649;6.36;0.5
1.4300002650764978;10.809994810516931;15.74;0.5
-1.4299999799923522;-0.01900046579106586;17.151;0.5
6.44000318112214;-1.7109993586822965;9.0;0.5
-4.540000135123232;-0.3120000268405899;13.228;0.5
0.1100000709050053;-9.108000466515541;4.01;0.5
-2.0099998496021296;-4.35000008476442;1.67;0.5
0.0;-0.23999999743616102;1.43;0.5
0.0;0.0;1.43;0.5
0.0;-0.009999951844197795;1.42;0.5
0.0;0.0;1.42;0.5
0.0;0.07999993200617636;1.5;0.5
-0.9999999999999999;-0.720000048481753;1.78;0.5
0.2799999915436406;0.720000048481753;2.22;0.5
7.469995192267463;27.469993305761026;22.22;0
-6.4700003099595875;-12.17000105193248;16.52;0
-1.2800000327008965;-7.500000728848539;10.3;0
5.7699986298097485;17.360027551467315;21.89;1
10.009993059506193;3.909998648381442;15.79;0
-12.199998832738107;6.279998726093544;34.27;0
-3.580000297845582;-24.279994036622313;13.57;0
0.0;11.419997922298279;24.99;0
0.9999999999999999;-16.180002735361114;7.81;1
-0.9999999999999999;-2.6400001238512587;6.17;1
0.0;-0.18999995951284895;5.98;1
5.980002912361444;18.459986298359468;18.46;1
5.269998361653547;2.0799996835312515;15.27;0
7.500000728848539;1.6999997073041324;9.47;0
0.4999999458409642;0.0;8.97;0
-10.919989961045374;0.0;19.88999;0
11.380001488581517;-0.15999995796251998;8.35;0
2.829999092476373;2.4799998962099314;8.0;0
0.0;0.0;8.0;0
-3.320000149056032;-9.22926394507048;2.09074;0
0.7920000176404458;0.0;1.29874;0
0.0;0.0;1.29874;0
-8.001898063950405;-3.8807357499558317;5.4199;0
0.0;-1.2200000277493537;4.1999;0
0.0;0.9999999999999999;5.1999;0
0.9998988882143298;4.080000424407698;8.28;0
4.990000247968365;0.0207360548838503;3.31074;0
-3.380000082000112;0.0;6.69074;0
1.3999998043251904;0.0;5.29074;0
-4.009899107891891;0.0;9.30063;0
9.310738315587201;4.439263842290349;4.42915;0.5
0.0;-0.08000002623214436;4.34915;0
-0.8408463602597684;11.099991683404888;16.29;0
-0.3698908734372373;-0.13999999467389257;16.51989;0
0.0;-12.199998832738107;4.31989;0
-8.590109954488305;-0.8300000684051083;12.08;0
2.19999969164805;-1.779999999922655;8.1;0
-0.6900000713189816;0.2799999915436406;9.07;0
2.8599999330784733;2.020000440267452;8.23;0
25.109885750728203;16.880017802136976;1e-04;0
13.64008134731286;26.899970752892745;13.26;0
4.400000370632244;-6.3101498924932935;2.54985;0
9.839999890484533;13.04978653981041;5.75963;0
0.0;7.360365856037078;13.12;0
1.0199999764649315;-2.1999999650381468;9.9;0
12.579989746009037;3.011265235580629;0.33127;0
8.520005213403234;10.468734149412523;2.28;0
-9.809999636774045;-6.590000358152868;5.5;0
-0.9999999999999999;-5.610000242309031;0.89;0
-11.310001235491095;-7.82999920138031;4.37;0
0.0;7.9500006857981855;12.32;0
0.0;2.0597886556110735e-06;12.32;0
0.0;-0.010170182601135438;12.30983;0
-14.090003157980473;-1.8725351414619863e-07;26.39983;0
-1.779999999922655;-2.209828517998715;25.97;0
-2.0099998496021296;-2.13001676164777;25.84998;0
-2.970000054105072;-2.8699831797068645;25.95;0
22.139959668742453;5.81000211814792;9.62;0
0.9999999999999999;-0.419999973149789;8.2;0
0.0;-4.020000000334835;4.18;1
0.0;-0.24999995745640138;3.93;1
0.0;0.0;3.93;1
2.0000002166361663;0.7499998428139885;2.68;1
-1.0799999884584688;-0.29000000564555023;3.47;1
0.049999905348653895;0.020000030575289467;3.44;1
-0.9600000660449249;-3.439999998173866;0.96;1
-1.010000017116545;6.03000210161327;8.0;1
0.9999999999999999;1.9799998148192781;8.98;1
0.0;-1.1099999973807093;7.87;0.5
0.0;2.1498289053091866;10.01983;0.5
7.120003897733864;4.810171801983561;7.71;0.5
-6.100000040259296;-5.009999739713001;8.8;0.5
-0.18999995951284895;-6.230000087270076;2.76;0.5
-30.760005953460894;-19.329996078318622;14.19;0.5
-2.71987255429345;-7.500000728848539;9.40987;0.5
0.0;15.000022884205656;24.40987;0.5
0.0;-0.16000043808055991;24.24987;0.5
4.519873602379331;1.8800004132791848;21.61;0
-4.1600002902175595;-11.519998876013066;14.25;1
-0.3499999742289195;-6.430000151476347;8.17;1
-0.009872513247041786;0.1100000709050053;8.28987;1
1.8725351414619863e-07;-0.6899999331165253;7.59987;1
-2.7501275120069972;-2.740000042858985;7.61;1
-3.1798785807951537;24.870015913659216;35.65988;1
8.369880710624047;-3.3499998897334553;23.94;1
-0.9098710262939095;-2.5100001120803865;22.33987;1
3.7798724047235464;5.410000134327941;23.97;1
-1.6099993899364065;-4.309999947626217;21.27;1
-2.1698718533851604;-16.48999760884195;6.94987;1
5.617605424386484e-07;14.83999595388608;21.78987;1
-3.745070282924104e-07;-1.7199999300682447;20.06987;1
0.5098709494063899;0.7699998643981434;20.33;1
1.0399998435061317;3.5300008476347307;22.82;1
8.800003891521397;-0.8100000127127993;13.21;0
6.990000288400525;1.780000195059558;8.0;0
0.0;0.0;8.0;0
0.22999996928912553;0.0;7.77;0
9.549997962522546;14.450013765200122;12.67;0
-6.169999716090124;-8.490160278250075;10.34984;1
0.9999999999999999;0.0;9.34984;1
10.420003449483719;9.820164312505792;8.75;1
-21.98999223140764;-3.6000000493842457;27.14;1
-9.189999071695743;-1.7700001447195315;34.56;1
16.290015686084093;-6.7699992762592425;11.5;1
7.129997682555529;3.629999298243941;8.0;1
-5.939999343864078;-7.670153505694478;6.26985;1
-18.669874057435067;-6.6898455484220944;18.24987;1
0.0;0.0;18.24987;1
0.0;0.0;18.24987;1
23.729834941990735;6.689848761274934;1.20985;1
-23.729867951616622;0.0;24.93972;1
5.039870999913916;0.0;19.89985;1
-1.760000041463864;0.0;21.65985;1
4.679997951112274;0.0;16.97985;1
0.9300002516340519;0.0;16.04985;1
-0.9300002516340519;-0.349846015930519;16.63;1
0.0;-7.540000190302752;9.09;1
0.0;-2.8400000648559622;6.25;1
0.0;-3.1350001395670732;3.115;1
4.109999118284077;27.314951444193685;26.32;1
9.880002262849894;0.3500000793249561;16.79;1
0.0;-7.289999508918933;9.5;1
0.0;-1.5000000843143648;8.0;1
0.0;0.18999995951284895;8.19;1
-13.990000644086782;-1.910000037693839;20.27;1
12.990013783168452;6.61999804173575;13.9;1
0.9999999999999999;-2.4599999178521585;10.44;1
0.0;0.1799999450241356;10.62;1
-9.670001456113342;8.380004782912206;28.67;1
8.669998733327407;-1.5000000843143648;18.5;1
2.5399996961064844;1.4999999321708832;17.46;0
14.76998621854322;6.347222950042295;9.03722;0
3.9599987994638255;3.112779303452288;8.19;0
-3.0000000348614897;-3.189999948656439;8.0;0
0.0;0.0;8.0;0
-0.5199999684518638;13.308441642153037;21.82843;0
25.26001031845709;4.421572378569632;0.99;0
1.5499999171715169;0.9999999999999999;0.44;0
0.0;0.0;0.44;0
-3.180000045374779;5.000000542633005;8.62;0
-0.3800000034678368;-0.9999999999999999;8.0;0
19.82998925935675;21.499970632202274;9.67;0
14.169987506543814;8.908096806722758;4.4081;0
5.179999665988786;3.1564325208173147;2.38453;0
4.819999148211836;4.401266461036893;1.9658;0
3.419999834015611;3.93177607971133;2.47758;0
2.319999935128525;1.1121815458062059;1.26976;0
1.4899999303824512;2.990242342378457;2.77;0
-0.22024202632376527;2.0000002166361663;4.99024;0
0.24024191574544124;0.0;4.75;0
0.609999892771749;1.1537793261693796;5.29378;0
-0.30000002545606735;0.8362206078381095;6.43;0
10.260009047625669;5.35674143507148;1.52674;0
-0.5100000117758838;-0.036743490215609;2.0;0
0.0;0.0;2.0;0
0.0;0.0;2.0;0
-4.930000071055085;-1.9999999825692552;4.93;0
34.30978216383323;31.276569446799456;1.89691;0
-19.479715214359594;-7.490140565849258e-07;21.37663;0
6.260002179650398;1.758470878279851;16.8751;0
17.530001374810894;0.8626219351362652;0.20772;0
0.0;0.007205827192300608;0.21493;0
0.22521397598162018;5.035070274086437;5.02479;0.5
-5.105213901443138;5.6955986486457295;15.8256;0.5
15.979982416815206;0.9693688660845671;0.81497;0.5
-13.880001456838773;-2.4949687246917356;12.2;0.5
-4.619999504591311;-7.81999883190401;9.0;0.5
-7.979999516911103;-10.631887253000126;6.34811;0.5
-1.6200000186810546;0.0;7.96811;0.5
-4.999999934059029;-2.0597886556110735e-06;12.96811;0.5
0.0;-2.7151759551265204e-06;12.96811;0.5
0.0;-2.968106511228082;10.0;0.5
-15.889995946064023;0.0;25.89;0.5
16.46000219234013;10.830003863315444;20.26;0.5
-11.48000013501084;-4.479999938253422;27.26;0.5
-9.901471095656827;-2.050000243308874;35.11147;0.5
0.0;-7.069999698183159;28.04147;0.5
0.0;-11.22999945696737;16.81147;0.5
0.0;2.2099995642605426;19.02147;0.5
1.731469469360789;-0.339999989058113;16.95;0.5
-1.7399999705421156;-11.870000766047545;6.82;0.5
1.9700001193382959;22.59404139631707;27.44407;0.5
-0.9699999628516847;-2.084073748683367;26.33;0.5
2.8200000067588866;-15.510003578799378;8.0;0.5
-2.8200000067588866;0.45000010458967654;11.27;0.5
-0.9999999999999999;-4.270000122676892;8.0;0.5
0.0;0.0;8.0;0.5
0.0;-3.930000072068074;4.07;0.5
0.9999999999999999;2.0000002166361663;5.07;0.5
1.4999999321708832;0.0;3.57;0.5
0.1799999450241356;0.0;3.39;0.5
-0.0299999860900546;0.0;3.42;0.5
0.4300001609560596;-1.2500000229187607;1.74;0.5
-0.4299999390793626;0.0;2.17;0.5
-0.8300000684051083;-2.169999861280449;0.83;0.5
1.8725351414619863e-07;0.0;0.83;0.5
0.0;5.749999082174583;6.58;0.5
-1.820000037220297;-6.579999276387617;1.82;0.5
0.0;0.0;1.82;1
0.0;0.0;1.82;1
-9.36267570730985e-08;0.0;1.82;1
0.0;0.0;1.82;1
-7.500000728848539;0.0;9.32;1
-1.1502085275055502;-8.300000899614234;2.17021;1
0.0;0.0;2.17021;1
-6.529791569743368;-0.07000000592985899;8.63;1
-3.1134549854114533;-11.743454949766267;0.0;1
-2.6502000816290314;0.0;2.6502;1
0.0;4.083456230336223;6.73366;1
0.0;-1.6800000213667463;5.05366;1
-7.6486592453882425;16.709978173976488;29.41231;1
0.0;-24.000007645252417;5.41231;0
-0.9708542305288621;-0.15999995796251998;6.22317;0
-2.194375966361368;-6.223168271078579;2.19438;0
1.4475448010707443;6.3831694935403105;7.13;0
-5.7801800138625055;-5.945230281165243;6.96495;0
0.0;0.7952301523227906;7.76018;0
0.0;-0.980000048576286;6.78018;0
-2.9531534996462216;-5.079999791401718;4.65333;0
-1.6866667484409312;1.2099998488611952;7.55;0.5
2.1800003947517044;9.880002262849894;15.25;0
-2.63000000910014;-10.549999339346005;7.33;0
-0.9999999999999999;-0.32999995461284304;8.0;0
0.9999999999999999;0.9999999999999999;8.0;0
0.0;0.0;8.0;0
3.9999990890429102;3.9999990890429102;8.0;0
-4.999999934059029;-4.999999934059029;8.0;0
1.4999999321708832;-3.749999861853562;2.75;0
0.0;2.2900005231162934;5.04;0
0.4599999147244292;-1.310000014481301;3.27;0
0.15000000288958212;4.879999727245156;8.0;0
4.160001575638577;8.890002019354267;12.73;0
-2.270000068993878;-0.609999892771749;14.39;0
-0.6700000463275099;-7.4799990093725315;7.58;0
0.6700000463275099;0.3799998963213796;7.29;0
0.0;0.0;7.29;0
0.0;7.709995051904463;15.0;0
6.999994970050791;-0.10000002673407121;7.9;0
7.999995827149845;7.700002378411167;7.6;0
0.5100000117758838;-4.550000120964276;2.54;0
-25.498828613686364;-3.990000021965151;24.04882;0
8.168818488613091;4.159998147850862;20.04;0
-6.190000503253352;-0.08000172229980984;26.15;0
0.5699999526647982;-0.06999821830504463;25.51;0
9.969996764945257;-15.130001223231034;0.41;0
1.9700001193382959;18.06000016263437;16.5;0
3.7400007365691734;2.9999995667277606;15.76;0
-2.3499987417046553;0.0;18.11;0
-8.939999898694541;-4.520000507532203;22.53;0
0.15999995796251998;-7.029999667861202;15.34;0
-3.2600000349637805;-6.190000503253352;12.41;0
0.5200000873952987;3.839998369386226;15.73;0
12.460003817100976;0.22999996928912553;3.5;0
4.239998791245609;16.51000390927696;15.77;0.5
-1.069999947723169;0.0;16.84;0.5
13.769986320565325;0.0;3.07;0.5
0.0;0.0;3.07;0.5
-1.3400000501403484;-3.12022872085099;1.28977;0.5
-10.12999978757516;6.28022590099326;17.7;0.5
7.599995276468913;0.0;10.1;0.5
6.000002445936308;0.0;4.1;0.5
-0.24999995745640138;0.0;4.35;0.5
-1.2600000796059057;0.0;5.61;0.5
-9.370000047873162;-2.7502321432154098;12.22977;0.5
0.4100000342239797;10.680225656394738;22.5;0.5
9.250000029458503;-3.930000072068074;9.32;0.5
2.7800007011802728;0.0;6.54;0.5
-12.439999982688178;0.0;18.98;0.5
18.990253899182257;4.949998649929758;4.93976;0.5
4.399760196722859;0.9500000531330878;1.49;0.5
-4.3997606732337085;-0.9000000503117024;4.98976;0.5
0.0;0.0;4.98976;0.5
-6.010238778429529;-4.989760795933651;6.01024;0.5
-12.979998422880577;-0.010239005433643969;18.98;0.5
-6.321559952214503;-1.2200000277493537;24.08156;0.5
-7.352492975649385;-4.270000122676892;27.16405;0.5
-0.08594752800877274;-5.520000182591865;21.73;0.5
21.100258258525024;-0.5060000328840465;0.12377;0.5
-22.36022603737788;-0.9839999760655935;21.5;0.5
0.0;-1.149999973206558;20.35;0.5
10.159996651184759;2.134000088192024;12.324;0.5
-6.100000040259296;0.0;18.424;0.5
-2.3800000368850602;-4.023999941382375;16.78;0.5
3.2799993813115105;-3.189999948656439;10.31;1
-2.219999908856314;-2.1400001187556286;10.39;1
2.2599995437555993;-2.48000006357712;5.65;1
23.989966999532783;23.36025993143572;5.02024;1
-9.60999835255446;1.979761204960255;16.61;1
-15.679999828770931;-8.220000854419649;24.07;1
-0.9600000660449249;-12.85999779422472;12.17;1
0.0;-6.009999398641739;6.16;1
0.0;0.48000000874019216;6.64;1
0.0;-1.9000000072356371;4.74;1
-11.749672442139067;-11.48000013501084;5.00967;1
0.0;3.180000305479299;8.18967;1
-2.2220285163356825;-9.890000011546658;0.5217;1
0.0;-0.07000000592985899;0.4517;1
-1.1604359713831038;-0.8600000280788496;0.75214;1
-0.2378642849106788;0.8599998652057516;1.85;1
-10.73000061942233;-2.129999913474978;10.45;1
0.9999999999999999;-0.8700000631337594;8.58;1
9.510193724788424;26.57993745413101;25.64981;1
0.0;-7.959998943794821;17.68981;1
5.119808670819251;0.22999996928912553;12.8;1
3.2499997366163167;-0.8900000006897315;8.66;1
-7.970000091467104;-1.849999975730022;14.78;1
7.29000204358771;1.3399997883974066;8.83;1
-0.3800000034678368;6.500003304724268;15.71;1
-7.929999658983023;-2.0302130641872442;21.60979;1
11.469996557117085;0.0;10.13979;1
3.069999515236008;0.0;7.06979;1
1.6700000921802842;0.0;5.39979;1
-0.020000030575289467;6.3202145731861075;11.74;0
-0.8199999412134145;-2.8200000067588866;9.74;0
-0.5689999512035147;-1.7199999300682447;8.589;0
-5.330999945936446;-6.320000380210475;7.6;0
-0.9999999999999999;-8.179999787992422;0.42;0
-6.430000151476347;-3.3499998897334553;3.5;0
-0.8300000684051083;-2.8600001479425234;1.47;0
0.25999991871895833;-0.7700000135361958;0.44;0
4.070001496033576;4.100001212990438;0.47;0
-3.2600000349637805;1.4600000364947672;5.19;1
0.0;0.0;5.19;1
0.5699999526647982;0.0;4.62;1
-0.22999996928912553;0.0;4.85;1
17.78999671542414;30.99995648316108;18.06;1
8.529993526881366;-0.9999999999999999;8.53;1
-26.689997632759862;0.0;35.22;1
7.400000121086307;-4.250000100529535;23.57;1
-5.6599998863653616;-3.7500002144168256;25.48;1
5.800002730533158;-3.1833097404960922e-06;19.68;1
-2.3600000396402536;-1.1235210848776512e-06;22.04;1
-0.08000002623214436;-2.434295683905362e-06;22.11999;1
-7.319999500069456;-10.049991982471893;19.39;1
10.380001334375317;10.050002726399995;19.06;1
-1.2500000229187607;0.0;20.31;1
1.8500001827622021;5.840004994848;24.3;1
1.7300000818453427;-1.8400000768830547;20.73;1
-3.580000297845582;-0.9999999999999999;23.31;1
0.0;0.0;23.31;1
2.460000578070714;0.0;20.85;1
-3.629999961912401;0.0;24.48;1
-2.4399999286590326;-6.629999510072057;20.29;1
0.0;-7.210000659720671;13.08;1
0.0;1.5100003519581877;14.59;1
7.309998517969775;3.32999897469763;10.61;1
6.3299972292184465;0.0;4.28;1
0.9299999024249466;0.0;3.35;1
-8.470000821005577;-4.999999934059029;6.82;1
-2.420000067235713;0.0;9.24;0
6.229996825663022;0.0;3.01;0
-3.180000045374779;0.0;6.19;0
14.230016330003208;19.00001006234552;10.96;0
3.239999096455775;0.0;7.72;0
-0.2799999915436406;0.0;8.0;0
0.3199999441466441;0.0;7.68;0
11.429997522590698;20.999967090401885;17.25;0
-0.720000048481753;-9.9999996906685;7.97;0
0.9999999999999999;0.0;6.97;0
-13.029999488180653;-13.940001944613893;6.06;0
0.0;1.9400000087035032;8.0;0
0.0;0.0;8.0;0
0.00019998675577427466;0.0;7.9998;0
0.0;0.0;7.9998;0
0.9998000332415766;0.9999999999999999;8.0;0
-0.9999999999999999;9.259995519967532;18.26;0
0.0;-15.320002416444138;2.94;0
0.0;-2.109999944105123;0.83;0
0.0;-0.10000002673407121;0.73;0
0.0;-0.1800000416843994;0.55;0
0.0;6.140001909309282;6.69;0
0.0;0.07999993200617636;6.77;0
0.0;1.2299999454374584;8.0;0
2.7299999404670006;4.309999489414584;9.58;0
-2.7299999404670006;-2.349999963065132;9.96;0
0.0;-4.637225252408295;5.32277;1
2.66000038467285;7.737230762430224;10.4;1
2.9999995667277606;1.749999908769531;9.15;0
-5.6339991844852;-4.309999947626217;10.474;0
0.036000797778084584;-2.4399999286590326;7.998;0
28.945893618317445;21.939985939844615;0.99209;0
-2.1076610822542086;0.0;3.09975;0
0.0;0.0;3.09975;0
0.0;0.0;3.09975;0
-4.900247368344128;0.0;8.0;0
0.0;0.0;8.0;0
4.340206439125306;0.0;3.65979;0
-3.330206113943178;-6.12024402363052;0.86976;0.5
-2.5300000155466935;-1.3997560920563186;2.0;0.5
-0.48000000874019216;-0.5299999518345083;1.95;0.5
0.0;0.0;1.95;0.5
-10.658597180803328;-6.020000488541664;6.5886;0.5
0.0;-4.489999834226345;2.0986;0.5
0.0;0.1799999450241356;2.2786;0
-8.469531773721114;-2.430000119828797;8.31813;0
-0.8718719166218811;0.22999996928912553;9.42;0
6.840224601596939;-1.2299999454374584;1.34977;0
3.6997734943894938;6.290002012923882;3.94;0
0.0;-2.699999839495906;1.24;0
0.0;7.220001441702841;8.46;0
0.0;0.0;8.46;0
0.0;0.0;8.46;0
6.680001638292997;0.9999999999999999;2.78;0
0.0;0.0;2.78;0
0.45000010458967654;-0.1799999450241356;2.15;0
0.0;-0.15000000288958212;2.0;0
0.0;0.0;2.0;0
0.0;0.0;2.0;0
0.0;0.0;2.0;0
-0.4499999920034971;-0.20999999345641357;2.24;0
-15.299998936789878;0.5400000572712046;18.08;0
15.739772019107713;-0.5100000117758838;1.83024;0
-5.059762467932811;0.3500000793249561;7.24;0
1.0700000481331846;0.15999995796251998;6.33;0
0.0;0.0;6.33;0
0.5400000572712046;0.0;5.79;0
-4.210000294546341;0.0;10.0;0
-8.99999926659972;-10.010229940660574;8.98977;0
-0.9999999999999999;-1.269769955757823;8.72;1
0.0;-1.1399999805694878;7.58;1
0.0;-0.4100000342239797;7.17;1
1.780000195059558;-3.6100000420233984;1.78;1
-1.779999999922655;0.0;3.56;1
7.999995827149845;5.019999446528783;0.58;1
-3.9999998848701526;-1.3000000371725913;3.28;1
-3.0000000348614897;-2.7739999612378754;3.506;1
-18.92152308918342;-7.8760004288867895;14.55152;1
-1.0784821212681936;-7.660000160330445;7.97;1
-0.9999999999999999;-7.970000091467104;1.0;1
-24.000007645252417;-17.000000062106622;8.0;1
-2.801600968459595;0.45000010458967654;11.2516;1
-4.9996688318692835e-05;-2.5200001036401187;8.73165;1
8.441611778348165;8.74999372769615;9.04003;1
9.670032426187085;7.090004302649588;6.46;1
-14.709474770930305;-9.29999942733467;11.86947;1
4.999474787818171;-6.709999543284416;0.16;1
-8.639426018762745;-1.449999997562287;7.34943;1
-2.960573173100816;-1.820000037220297;8.49;1
0.9999999999999999;0.5100000117758838;8.0;1
-6.741191493362621;0.48000000874019216;15.22119;1
5.671192121423954;12.780010905472967;22.33;1
-1.779999999922655;-7.629999550281665;16.48;1
-3.8911907036644084;-10.638999456047372;9.73219;1
-0.5078223850658824;-9.732189723091887;0.50782;1
-1.9798496418800604;-2.2588095083900934;0.22886;1
0.0;36.260037321094856;36.48886;1
4.03886298819957;-9.099999535554039;23.35;1
-2.8700002598335774;-1.552962264215143;24.66704;1
-1.010000017116545;1.5929620768735433;27.27;1
-1.5726897733425367;-1.2200000277493537;27.62269;1
-9.36267570730985e-08;-13.660000691676936;13.96269;1
0.0;5.005151742657529;18.96784;1
6.212688363006603;8.548693848444735;21.30385;0
0.0;-6.663848356506938;14.64;0
-4.910000379613769;12.429997864249104;31.98;0
-0.8900000006897315;-9.32999853093288;23.54;0
-0.24999995745640138;-3.3000000623463652;20.49;0
-0.16268984928011337;-8.579998946395813;12.07269;0
0.0;-7.4799990093725315;4.59269;0
0.0;-2.5500000513661667;2.04269;0
0.0;0.0;2.04269;0
0.0;4.860000803389071;6.90269;0
-2.691462147033165;-0.8199999412134145;8.77415;1
18.674139969910954;32.05994970336732;22.16;1
0.0;-4.959999870492363;17.2;1
-16.830001772621284;-17.300003875801504;16.73;1
0.4900000588800476;-11.239999313691905;5.0;1
-2.3577500138579186;0.0;7.35775;1
2.357750320906206;-0.9000000503117024;4.1;1
7.700002378411167;4.210612640984522;0.61061;1
-7.69999955603188;-1.3506145055858056;6.96;1
2.600162969211695;1.3506143733773643;5.71045;1
-2.600162605900249;-0.44061448338643094;7.87;1
0.0;0.44061448338643094;8.31061;1
12.50001062404397;8.029386306882776;3.84;1
-12.500001422280429;-3.8399998435950486;12.5;1
0.9999999999999999;0.0;11.5;1
-0.9999999999999999;0.0;12.5;1
-2.049374482754395;-1.5499999171715169;12.99937;1
0.3608816521558926;-4.6399996012267986;7.99849;1
0.06185927420296777;0.059999897417627165;7.99663;1
0.13863371396188895;0.13999989921205244;7.998;1
0.04000087581358745;0.03999993804795813;7.998;1
0.02800059120010516;-1.4199999103703635;6.55;1
0.16734026489325107;-0.16999999973672625;6.21266;1
6.215655651970777;1.2000000614739004;1.197;1
-6.455999264218797;3.929998532385931;11.583;1
0.02300047144793371;-3.559999899143437;8.0;1
0.0020000574514856023;-3.430000084871558;4.568;1
-0.0010000277256586219;-1.3299999888593914;3.239;1
0.0;0.0;3.239;1
1.4689990711119922;0.6299999825900957;2.4;1
-2.3577500138579186;-1.0799999884584688;3.67775;1
0.031000569002436605;0.020000030575289467;3.66675;1
3.736750662133572;15.000022884205656;14.93;1
12.23998683493006;0.0;2.69;1
1.3500000491076298;0.0;1.34;1
0.7999999085580566;0.0;0.54;1
0.19999997829468213;0.0;0.34;1
-3.4700001159343743;-1.3501649613120117;2.45983;1
-1.010000017116545;0.0;3.46983;1
-0.0400000318245179;0.0;3.50984;1
0.0;0.0;3.50984;1
4.100001212990438;1.3501649613120117;0.76;1
0.0;0.0;0.76;1
-0.7599999795952662;0.0;1.52;1
0.5100000117758838;0.0;1.01;1
2.5199994154461174;19.395022932786762;17.885;1
3.209999189729598;-4.394999039811759;10.28;1
0.0;2.0900005004263797;12.37;1
-9.070170504969466;1.5699999190841558;23.01017;1
0.0;-3.759999768835333;19.25017;1
0.0;0.15999995796251998;19.41017;1
11.210172686036088;2.9499998733299253;11.15;1
-11.210171203597342;-2.1199999254318898;20.24017;1
0.0;-1.2599999584716053;18.98017;1
-17.2298268085788;-20.52999677644518;15.68;1
1.709999960980755;-2.0597886556110735e-06;13.97;1
5.309997555891995;5.617605424386484e-07;8.66;1
0.0;0.0;8.66;1
0.0;0.0;8.66;1
-6.5800008316357514;-8.670160976698252;6.56984;1
0.0;8.67015562792018;15.24;1
0.9999999999999999;-1.6852816273173635e-06;14.24;1
8.759997399678552;10.820001219476186;16.3;1
12.839985324199883;11.390005109590135;14.85;0.5
-15.579996749802715;-17.929998817187453;12.5;0.5
0.9999999999999999;-2.500000026827246;9.0;0
0.9999999999999999;0.9999999999999999;9.0;0
-9.36267570730985e-08;-3.630169536595424;5.36983;0
0.9999999999999999;0.8601695932010671;5.23;0
-151.07680043459422;-0.24999995745640138;156.05685;0
151.96712205292172;4.100001212990438;8.19;0
1.330000118480962;2.0799996835312515;8.94;0
4.059999577898008;3.1200003132472856;8.0;0
9.499999135610015;8.999995427904919;7.5;0
18.020022882209258;11.500010210661088;0.98;0
0.8799999454818311;0.0;0.1;0
5.319998579534159;8.999995427904919;3.78;0
4.680002239667321;9.130006263257961;8.23;0
-0.4400000384956004;0.12999995274163015;8.8;0
5.789997925575508;0.0;3.01;0
-0.12999995274163015;0.0;3.14;0
-3.1000001058158766;-1.869999934091187;4.37;0
-0.419999973149789;1.6700000921802842;6.46;0
-2.4499999292197736;-0.8000000621059361;8.11;0
-16.340002096398923;-15.450198612793432;8.9998;0
2.2099995642605426;0.0;6.7898;1
1.4800002155806236;-0.9997981610825951;4.31;1
-3.589999680439429;-0.24999995745640138;7.65;0.5
3.069999515236008;-0.8199999412134145;3.76;0.5
-3.6900001996727605;-0.7400000289954272;6.71;0.5
4.370001246555783;0.0;2.34;0.5
-0.6600000791980584;0.0;3.0;0.5
-0.9999998127465032;0.9999999999999999;5.0;0.5
8.430004332561252;16.86001661378787;13.43;0.5
-3.4299997860875204;-2.029999929218663;14.83;0.5
6.140001909309282;2.9799998753353947;11.67;0.5
2.8200000067588866;0.7699998643981434;9.62;0.5
2.8700006922442016;-0.19999997829468213;6.55;0.5
-0.29000000564555023;-0.1799999450241356;6.66;0.5
-1.3400000501403484;-0.27000000502737065;7.73;0.5
-3.0799999587850233;-2.580000026719858;8.23;0.5
-3.1299999190625245;-1.1399999805694878;10.22;0.5
-22.98999716455697;-12.799999889271133;20.41;0.5
-5.7000000271444975;-10.43999892222772;15.67;1
8.980001421714894;-0.9699999628516847;5.72;1
-15.98999755772515;-3.0000000348614897;18.71;1
2.0000002166361663;0.559999949172108;17.27;1
0.22999996928912553;0.0;17.04;1
4.699999696558723;0.0;12.34;1
-3.9200003055754853;0.4399999267427046;16.7;1
12.899988915944274;-1.7999999063340684;2.0;0.5
16.759975965883314;18.799994701594805;4.04;0.5
6.639999962592806;11.999988776064068;9.4;0
5.9099984407375254;1.3800000776637538;4.87;0
0.6700000463275099;-0.3800000034678368;3.82;0
0.030000079801075937;-1.9702160625699563;1.81978;0
-3.20999998350408;-0.6697839682064132;4.36;0
-0.9999998127465032;-1.2599999584716053;4.1;0
6.029785234302903;3.900000395205747;1.97022;0
1.8725351414619863e-07;0.0;1.97022;0
-9.36267570730985e-08;0.0;1.97022;0
-21.919780381808344;-4.309999947626217;19.58;0
-3.979810206233815;-6.690000839762381;16.86981;0
-0.010190127167144616;-2.3100000328663404;14.57;0
4.159998147850862;-2.6899999851805663;7.72;0
-4.179999806950711;-1.9999999825692552;9.9;0
9.650004878827882;13.754156810872898;14.00416;1
9.610002722682134;2.2458445176326465;6.64;0
0.3799998963213796;0.0;6.26;0
0.0;0.0;6.26;0
6.260002179650398;2.1099996888739385;2.11;0
-23.500286453559408;-9.540000962886772;16.07029;0
-5.499705198400558;-8.489999482325675;13.08;0
0.0;-8.480000895279208;4.6;0
1.8725351414619863e-07;3.139999373955074;7.74;0
1.8725351414619863e-07;0.25999991871895833;8.0;0
2.0000002166361663;2.0000002166361663;8.0;0
2.0000002166361663;1.239999883106176;7.24;0
8.759997399678552;18.82997521557831;17.31;0
-3.9399999026977213;-2.9000000198054443;18.35;0
0.0;-7.4200004352729;10.93;0
3.180000305479299;0.2500000569348311;8.0;0
0.0;0.0;8.0;0
0.0;0.9200000352693285;8.92;0
2.2400005515789645;1.32000007536547;8.0;0
0.2400000964558214;0.2400000964558214;8.0;0
-0.9999999999999999;-0.7700000135361958;8.23;0
0.9999999999999999;0.7299999228958914;7.96;0
-8.200000570216854;-5.85999932472483;10.3;0
9.239993496917885;3.669999383728393;4.73;0
-5.520000182591865;-2.2500001161972683;8.0;0
0.9999999999999999;0.9999999999999999;8.0;0
-15.208997179733455;8.50000163441326;31.709;0
1.7290001132463007;-16.319997184555035;13.66;0
10.510190320370985;-1.2600000796059057;1.8898;0
1.8898045699897155;13.080007352123175;13.08;0
0.0;-2.6899999851805663;10.39;0
1.8725351414619863e-07;-1.4600000364947672;8.93;0
0.9999999999999999;0.03999993804795813;7.97;0
0.9999999999999999;0.45000010458967654;7.42;0
-13.180001930888299;-5.809999677571482;14.79;0
-7.739999103502774;-14.169998133755804;8.36;0
0.0;0.3799998963213796;8.74;0
1.330000118480962;11.82000622623123;19.23;0
-4.28999993850038;-3.2700000712020927;20.25;0
-6.039999700414505;-12.030183772962245;14.25982;1
0.07999993200617636;0.0;14.17982;1
0.0;0.0;14.17982;1
8.430004332561252;10.320193086235859;16.07;1
-7.170000450255007;-3.582219424491831;19.65778;1
0.6599999447874844;-11.187779697745468;7.81;1
-0.9999990637328674;6.750003850826713;15.56;1
0.9999992509862239;2.1400001187556286;16.7;0
0.9999999999999999;0.31435241411820103;16.01435;0
-0.9999998127465032;-5.809106966963442;11.20525;0
-9.36267570730985e-08;4.334756167215795;15.54;0
0.9999999999999999;1.149999973206558;15.69;0
8.999995427904919;-1.7300000818453427;4.96;0
-9.36267570730985e-08;-0.8199999412134145;4.14;0
1.8725351414619863e-07;-3.140000136516814;1.0;0
-11.999998109471287;-4.630000186499528;8.37;0
-5.509999751155142;2.349999963065132;16.23;1
0.0;-0.5600001951483394;15.67;1
7.170004130413835;0.840000130696355;9.34;1
-0.8900000006897315;-5.009999739713001;5.22;0.5
3.209999189729598;5.010000350629942;7.02;0.5
0.7400000289954272;0.0;6.28;0.5
-0.32999995461284304;0.0;6.61;0.5
-0.9999999999999999;0.0;7.61;0.5
0.0;8.58000418596638;16.19;0.5
-16.3899968561031;-4.080000011363856;28.5;0.5
3.909998648381442;-3.780000153443793;20.81;0.5
13.650000906692803;6.370001184506591;13.53;0.5
-5.48000046487179;-3.689999857558245;15.32;0.5
9.449991248004487;4.760001508884255;10.63;0.5
-9.270001194666106;0.4299999390793626;20.33;0.5
10.08000226497225;-1.5899999057287504;8.66;0.5
-18.339997088556185;-11.610001028530462;15.39;0.5
-0.16999999973672625;-7.200000432315939;8.36;0.5
0.7100000428244131;8.810003057258706;16.46;0.5
3.509999455101077;-5.220000072991741;7.73;0.5
-3.6100000420233984;-3.340000262426218;8.0;0.5
0.0;0.4399999267427046;8.44;0.5
-4.439999708369617;-1.8899999685645366;10.99;0.5
0.9999999999999999;-1.990000063908413;8.0;0.5
-0.9999999999999999;-2.1400001187556286;6.86;0.5
1.8725351414619863e-07;1.1400000882215369;8.0;0.5
0.9999999999999999;-0.0299999860900546;6.97;0.5
-1.2400000018997988;-0.20999999345641357;8.0;0.5
-0.9999999999999999;-0.7599999795952662;8.24;0.5
0.9999999999999999;0.7000000912237818;7.94;0.5
0.0;0.020000030575289467;7.96;0.5
-0.9999999999999999;-1.6599999857772754;7.3;1
0.9999999999999999;1.6999997073041324;8.0;1
0.0;0.0;8.0;1
-0.9999999999999999;-1.4299999799923522;7.57;1
0.0;0.6900000713189816;8.26;1
7.640165822967775;6.9799962956797685;7.59984;1
1.8725351414619863e-07;-0.7799999338980576;6.81984;1
-7.640163043558597;-5.009999739713001;9.45;1
0.9999999999999999;-6.209999789626846;2.24;1
0.0;5.7599980032446;8.0;1
3.2199994320390966;3.2499997366163167;8.03;1
1.6199996793402816;1.1200000195992947;7.53;1
1.6400000146035452;0.40000007716292124;6.29;1
1.3599997794259677;0.4999999458409642;5.43;0
0.0;0.0;5.43;0
0.0;0.0;5.43;0
0.0;0.0;5.43;0
0.9999999999999999;0.4999999458409642;4.93;0
0.0;0.0;4.93;0
1.8600001049629147;9.470003105967043;12.54;0
0.0;-4.990000247968365;7.55;1
0.0;4.990000247968365;12.54;1
0.9999999999999999;-10.89016690139482;0.64983;1
0.0;0.0;0.64983;1
1.7900001812768502;23.28017305376976;22.14;1
-2.790000192126477;-8.769999056758405;16.16;1
0.9999999999999999;-6.660000448534612;8.5;1
0.0;-0.5000000628744109;8.0;1
-4.940000431304307;-3.980000191521017;8.96;1
0.4299999390793626;-0.5299999518345083;8.0;1
0.36999997492844133;0.36999997492844133;8.0;1
-5.320000294214234;-1.5499999171715169;11.77;1
0.0;-1.7999999063340684;9.97;1
-0.9999998127465032;-2.970000054105072;8.0;1
0.027000463307996603;0.030000079801075937;8.003;1
8.46300363425619;8.999995427904919;8.54;0
-0.6669998408368072;15.700001999331397;24.907;0
0.020000592560543123;-16.890000961510182;7.997;0
-7.834000267629234;-1.9400000087035032;13.891;1
2.9910001822309487;-4.389999966903663;6.51;1
0.4900000588800476;2.490000179414611;8.51;1
5.969996819994046;18.680035651305158;21.22;1
-2.4599999178521585;-17.679999729754336;6.0;1
-1.8400000768830547;-1.849999975730022;5.99;1
0.0;-0.0299999860900546;5.96;1
0.7900000146957581;-0.27000000502737065;4.9;1
-1.3000000371725913;2.1500005058746643;8.35;1
0.1100000709050053;0.0;8.24;0
0.9500000531330878;-2.5200001036401187;4.77;0
0.0;0.0;4.77;0
7.490995621240933;5.850000400431139;3.129;0
5.409002777879547;13.289989782741742;11.01;0
3.0100007343157245;-0.419999973149789;7.58;0
0.0;7.96999480569813;15.55;0
0.0;-15.240180623408632;0.30982;0
-3.8399998435950486;0.0;4.14982;0
2.309999736252116;6.530177690803647;8.37;0
0.9999999999999999;0.6299999825900957;8.0;0
0.9999999999999999;0.609999892771749;7.61;0
-0.9999999999999999;-0.6100000212370176;8.0;0
-0.7599999795952662;-0.7599999795952662;8.0;0
2.0000002166361663;1.4999999321708832;7.5;0
0.0;0.0;7.5;0
8.020006192645505;13.170007723649524;12.65;0
6.020000052704394;-1.3999999428927745;5.23;0
-0.7100000428244131;0.0;5.94;0
-1.2000000614739004;0.0;7.14;0
0.2100000912121123;-3.20999998350408;3.72;0
-0.03999993804795813;3.6100010273586824;7.37;0
1.0099997334134627;0.0;6.36;0
3.6800005239597042;0.0;2.68;0
-1.1299999884888092;0.0;3.81;0
1.4600000364947672;0.0;2.35;0
0.3500000793249561;0.9999999999999999;3.0;0
9.160005458553151;9.999997326593583;3.84;0
5.850000400431139;5.000000542633005;2.99;0
-0.7100000428244131;0.0;3.7;0
-0.980000048576286;3.260000307127427;7.94;0
3.8100010782747127;0.0;4.13;0
-0.8399999710065502;0.0;4.97;0
0.6299999825900957;1.7400001590876895;6.08;0
-2.612788555923307;-2.0799999328779935;6.61279;0
0.0;-3.2700000712020927;3.34279;0
0.0;-0.48999994277350606;2.85279;0
0.0;-1.3999999428927745;1.45279;0
-10.046182903412454;-3.589999680439429;7.90897;1
-11.261028810093832;-2.989999887958724;16.18;1
0.12447501389133242;-7.690000659727281;8.36552;1
-0.12447510896874629;-6.489999740856962;2.0;1
-9.36267570730985e-08;0.0;2.0;1
1.8725351414619863e-07;0.0;2.0;1
1.9801923944114437;0.7299999228958914;0.74981;1
1.8725351414619863e-07;7.249998528018505;7.99981;1
0.9998078963475743;0.9999999999999999;8.0;1
0.740091897585198;16.51000390927696;23.76991;1
3.5799084555014966;-11.7899998187665;8.4;1
