<OPEN>;<HIGH>;<LOW>;<CLOSE>;(predicted -> )<LOW>
1.0;0.084;0.9324;0.0;1.3488778
0.0;0.0;0.757;0.890999;0.36397365
0.792;0.499;0.802999;0.49;0.7306436
0.514;1.0;0.079999;1.0;0.56718373
1.0;1.0;1.0;1.0;0.62483335
1.0;1.0;1.0;1.0;0.68931663
1.0;1.0;1.0;1.0;0.75133824
1.0;1.0;1.0;1.0;0.80531025
1.0;0.102999;1.0;0.545999;1.2382575
0.634;1.0;0.0;1.0;1.0934212
1.0;1.0;1.0;1.0;1.0098376
1.0;0.0;1.0;0.0;1.5710362
0.0;0.0;0.0;0.412999;0.9068289
0.637;0.0;0.5669;0.0;1.1353561
0.0;0.0;1.0;0.0;0.37121263
0.48;0.0;0.0;0.0;0.6370493
0.0;0.0;0.0;0.0;0.234718
0.0;0.0;0.812999;0.0;-0.33660448
0.0;0.0;0.0;0.0;-0.49250937
0.0;1.0;0.542699;1.0;-1.0247163
1.0;0.0;1.0;1.0;-0.4163525
1.0;0.494;1.0;0.494;0.30039936
0.495;1.0;0.235999;1.0;0.21087018
1.0;1.0;1.0;0.0;0.9703257
0.0;0.976;1.0;1.0;0.077784896
1.0;0.0;1.0;0.0;0.7604399
0.503;1.0;0.0;0.4761;0.9356984
0.472999;0.0;1.0;0.507899;0.68492675
0.103999;1.0;0.0;1.0;0.17892805
1.0;1.0;1.0;1.0;0.3583142
1.0;0.0;1.0;0.0;1.0275462
0.0;0.0;0.0;0.0;0.6252297
0.0;0.0;1.0;1.0;-0.26932275
1.0;0.504999;1.0;0.540999;0.36825922
0.181;0.192999;0.548;0.194;0.24068144
0.340999;1.0;0.082999;1.0;0.056193113
1.0;1.0;1.0;1.0;0.2591917
1.0;0.0;1.0;0.0;0.9633579
0.0;0.0;0.0;0.909;0.27103215
0.0;0.0;0.838999;0.314999;-0.18732464
0.616;0.0;1.0;0.655999;-0.0016502142
0.0;0.263999;0.0;0.403;-0.13726866
1.0;1.0;0.0;0.608;0.7287273
0.716;0.756499;1.0;0.204999;0.934402
0.236;1.0;0.569999;0.888999;0.3360131
1.0;0.0;0.0;0.0;1.1321285
0.0;0.0;0.0;0.0;0.6128379
0.0;0.0;1.0;0.349;-0.1671753
0.515;0.447;0.933999;0.784999;-0.21085656
0.0;1.0;0.0;1.0;-0.5441836
1.0;0.0;1.0;1.0;-0.026201367
1.0;0.851999;0.835999;0.0;0.909675
0.0;1.0;1.0;1.0;0.00053727627
1.0;1.0;1.0;0.741;0.41045037
0.744;0.0;1.0;0.557999;0.6465056
1.0;0.602;0.0;0.0;1.5625753
0.0;0.0;0.0;0.0;0.97317183
0.0;1.0;0.0;1.0;0.15824822
1.0;0.573;1.0;0.0;0.8609929
0.0;0.0;0.183;0.2673;0.3185996
0.0;0.0;0.741;0.3357;-0.24247384
0.555999;0.548999;1.0;0.747999;-0.20604348
0.0;1.0;0.0;0.0;-0.03636992
0.0;0.026699;0.406999;0.0;-0.28938568
0.0;0.0;0.0;0.475999;-0.48874533
0.137;1.0;0.323;1.0;-0.7477752
1.0;0.8359;0.0;0.0;0.58732414
0.0;0.0;0.521;0.974;-0.21365798
0.21;0.646;0.873999;0.718;-0.41437364
1.0;0.8289;0.0;0.0;0.83439136
0.0;0.0;0.823999;0.6698;0.01881504
0.596;1.0;0.0;0.0;0.7558265
0.0;0.0;0.927;1.0;-0.17352319
1.0;0.022999;0.2377;0.299999;0.66180015
0.518999;0.646;1.0;0.945999;0.26218385
0.609;0.216;1.0;0.615;0.34002748
0.600699;1.0;0.0;1.0;0.4294136
1.0;0.0;1.0;0.0;1.0869869
0.0;0.1959;0.0;0.0;0.698013
0.0;0.0;0.0;0.0;0.31096128
0.0;0.0;0.37;1.0;-0.43757772
1.0;0.0;1.0;0.0;0.37148085
0.927999;0.893;0.402;0.411;0.92106247
0.013999;1.0;0.222999;1.0;0.08826935
1.0;0.0;1.0;0.0;0.75655067
0.0;0.772499;0.0;0.0;0.5664923
0.001999;0.0;0.0;0.0;0.2028921
0.0;0.0;0.0;0.0;-0.097652435
0.0;0.0;1.0;0.006;-0.6567291
1.0;0.537999;1.0;1.0;-0.30404842
0.0;1.0;0.0;0.451999;-0.32545543
1.0;1.0;0.546;1.0;0.11315432
0.966999;0.6033;0.0;0.0;1.1369982
0.0;0.0;0.466;0.0;0.5043992
0.0;0.0;0.488999;0.3366;-0.062265158
0.637;0.375999;1.0;0.854999;-0.06846702
0.234999;0.331;0.0;0.268;0.113312274
0.872999;1.0;0.665;0.867;0.3264883
0.933999;0.122;0.579999;0.105;0.9851196
0.0;0.0;0.0;0.0;0.53310776
0.0;1.0;0.0;0.405;0.20983008
0.066;0.0;0.786999;0.772999;-0.3855995
0.64;0.0;1.0;0.133;-0.0030151606
0.192999;0.520999;0.547999;0.847999;-0.28901017
0.600999;0.959;0.057999;0.399999;0.3480622
0.917;0.369;0.0;0.0;1.188893
0.0;0.0;0.181999;0.46;0.45321074
0.403999;0.0;0.0;0.0;0.59241736
0.0;0.6152;1.0;0.844999;-0.31518257
1.0;0.369799;1.0;0.743;0.18485573
0.239999;0.3919;0.515;0.515999;0.07120752
0.582999;1.0;0.0;0.023299;0.7849344
0.0;0.0;0.223099;0.4427;0.20897475
0.632;0.865;0.1919;0.149;0.7562914
0.011999;0.0;0.049999;0.0;0.3293076
0.108;0.736499;0.0;1.0;-0.15513515
1.0;0.3695;1.0;0.039;0.58706784
0.341999;0.662999;0.780999;0.8772;0.13910618
0.796999;0.745;0.0;0.0;0.9970256
0.0;0.0;0.0;0.0;0.50950134
0.0;0.0;0.0;0.0;0.118718415
0.0;0.0;0.0;0.0;-0.18990254
0.0;0.0;0.0;1.0;-0.7257751
1.0;0.401999;1.0;0.743;-0.14878428
0.59;0.962;0.0;0.428;0.4164466
0.436999;0.564999;0.0;0.0;0.8006849
0.0;0.0;0.0;0.0;0.3360876
0.0;0.0;0.0;0.0;-0.029208422
0.0;0.411;0.3064;1.0;-0.6656579
1.0;1.0;1.0;1.0;-0.32528257
1.0;0.0;1.0;1.0;0.08821273
0.698;1.0;0.425;0.431;0.59931064
0.2255;1.0;0.0;1.0;0.22712436
1.0;0.556999;1.0;0.896099;0.5498567
0.851999;0.715;0.0;0.0;1.4256426
0.0;0.0;0.0;0.234;0.7912346
0.0;0.0;0.177999;0.795999;0.04051709
0.789999;0.0;1.0;0.448999;0.36015597
0.787999;0.787999;0.019899;0.6463;0.8291104
0.3267;1.0;0.0;1.0;0.4163721
1.0;1.0;1.0;0.0;1.1367121
0.289999;0.579999;0.593;0.726;0.6356367
0.59;1.0;0.701999;1.0;0.3791609
1.0;0.8269;1.0;0.945;0.57925665
0.444;0.039;1.0;0.438;0.52409256
0.175999;0.474999;0.175999;0.2547;0.5149969
0.859;0.974;0.0;0.590299;1.0616013
0.859;0.381;0.075899;0.0;1.653538
0.0;0.091999;0.207;1.0;0.5434164
1.0;0.462;1.0;0.0;1.1764565
0.0;0.162999;0.0637;1.0;0.28050333
1.0;0.128999;1.0;0.442999;0.7896193
0.478;0.478;0.282;0.288;0.9151765
0.0;1.0;0.0;0.818799;0.26916057
1.0;0.336999;1.0;0.0;0.9616711
0.070999;0.0971;0.0;0.0741;0.6083914
0.0;0.976999;0.909999;1.0;-0.3034345
1.0;0.036999;1.0;0.070999;0.4295179
0.144999;0.060999;0.890799;0.494;-0.008895159
0.390999;0.515999;0.268999;0.3836;0.22098508
0.474;0.473;0.0;0.0;0.67916
0.0;0.0;0.0;0.040299;0.2826342
0.332;0.3187;0.621499;0.6516;0.026962996
0.384;0.515;0.6975;0.6841;-0.06791866
0.631;0.707999;0.297999;0.115;0.55191904
0.05;0.0;0.69;0.552999;-0.030835629
0.545999;0.398;0.394599;0.2916;0.34802344
0.358899;0.629999;0.0;0.513399;0.45776752
0.506099;0.866;1.0;0.7002;0.25021523
0.867;1.0;1.0;1.0;0.2645114
1.0;1.0;1.0;1.0;0.42720821
1.0;1.0;1.0;0.375299;0.93681896
0.256999;0.0;0.802;0.792;0.5053886
0.57;0.298999;0.198;0.243;0.9005674
0.081;1.0;0.347999;1.0;0.18436995
1.0;1.0;0.9776;0.885999;0.45865265
0.919;1.0;0.913399;1.0;0.53268754
1.0;1.0;1.0;1.0;0.6425061
1.0;0.807;1.0;0.0;1.3188728
0.0;0.0;0.7182;0.89;0.482721
0.694;0.266999;0.565999;0.125999;0.94989026
0.714999;1.0;0.0;1.0;0.9354093
0.637;1.0;0.866;0.0;1.1740872
0.004;0.0;0.0;0.0;0.7205525
0.0;0.0;0.0;0.642699;0.15287784
0.646999;0.901;0.2192;1.0;0.21178511
0.597999;0.335999;1.0;0.414999;0.36407498
0.243;0.2515;0.228999;0.1139;0.40429917
0.695399;1.0;0.1794;0.253799;0.9173521
0.287599;0.947;0.0;0.0;1.0177203
0.0;0.0;0.0;0.7683;0.28190106
0.687;0.603999;1.0;0.489999;0.40009406
0.413999;0.973999;0.0;1.0;0.24869826
1.0;0.243;1.0;0.601999;0.702084
0.401;0.679;0.468;0.73;0.5212554
0.675999;0.610999;0.0;0.0;1.1899986
0.096;0.381;0.0;0.0;0.91365063
0.0;0.02;0.724;1.0;-0.077252746
1.0;1.0;0.918999;0.9677;0.17523256
0.753999;0.4604;1.0;0.462499;0.50684595
0.216;0.073;0.789999;0.731999;0.12582031
0.725999;0.238;0.0;0.0;0.87007964
0.239;1.0;0.256999;1.0;0.2824375
1.0;0.615;0.99;0.0;1.000131
0.0;0.0;1.0;0.635999;0.17309871
0.573999;0.507799;0.213;0.2385;0.627599
0.217999;0.505099;0.210999;1.0;0.18647102
1.0;0.43;1.0;0.556999;0.69680303
0.616999;0.499;0.0;0.145;1.1650243
0.100999;1.0;0.060999;1.0;0.40961888
1.0;0.874;1.0;0.0;1.0923036
0.129999;0.988;0.552;1.0;0.30133516
1.0;0.517;1.0;0.0;0.96916044
0.006;0.303999;0.429;0.2496;0.4740992
0.153999;0.0;1.0;0.585;-0.003059864
0.686;0.547999;0.444;0.530999;0.4208186
0.254;0.898;0.0;0.0;0.6774523
0.061999;0.057999;0.32;0.4701;0.21542099
0.282;0.152999;0.0;0.694899;0.14542726
0.678999;0.405;0.986999;0.146;0.48399654
0.179;0.625999;0.655;0.289;0.23993042
0.0;0.0;0.323;0.487;-0.17178273
0.835;0.523;0.6976;0.442599;0.38271335
0.487;0.878999;0.4106;0.506999;0.48755792
0.411999;0.736;0.0;1.0;0.3565946
1.0;1.0;1.0;0.5095;0.78868055
0.911999;1.0;0.6385;1.0;0.78926766
1.0;1.0;1.0;1.0;0.7782885
1.0;0.359999;1.0;0.580999;1.1580893
0.426999;0.463999;0.318999;0.314999;1.1721679
0.369;1.0;0.329;1.0;0.65853083
1.0;1.0;1.0;0.7538;0.8697071
0.81;0.087;0.0;0.0;1.4292189
0.0;0.0;0.2404;1.0;0.42376307
1.0;1.0;1.0;1.0;0.47890034
1.0;0.492999;1.0;0.499;0.9641298
0.084999;0.396;1.0;1.0;0.16310301
0.813;1.0;0.0;1.0;0.5360671
1.0;1.0;1.0;0.0;1.2637594
0.0;0.0;0.0;0.941399;0.46023813
1.0;1.0;1.0;1.0;0.5201199
0.820999;1.0;1.0;0.881799;0.53080404
0.874;0.0;1.0;0.527;0.88345194
0.363;0.472999;0.363;0.3996;0.85833454
0.602999;1.0;0.0;0.0;1.4007577
0.0;0.76;0.406799;1.0;0.4168251
1.0;1.0;1.0;1.0;0.50313556
1.0;0.804999;1.0;0.748399;0.8006879
0.576;0.313;1.0;0.4285;0.83172107
0.466999;0.012;0.5712;0.135;0.895653
0.194999;1.0;0.537999;1.0;0.23368087
1.0;0.815999;0.376;0.402999;1.0036834
0.277;0.568;0.894999;0.4298;0.65334225
0.671999;1.0;0.657;1.0;0.49736288
1.0;1.0;1.0;1.0;0.5909481
1.0;1.0;1.0;1.0;0.67705
1.0;0.353999;1.0;0.397999;1.1927255
0.024999;0.441;0.225999;0.602;0.6714531
1.0;1.0;0.581;1.0;0.8395263
1.0;0.0;0.358;0.0;1.5376695
0.0;0.0;0.158;0.0;0.92564905
0.0;0.0;0.0;0.0;0.47467437
0.0;0.0;0.0;0.0;0.1089313
0.0;0.0;0.962999;0.129999;-0.5047492
0.2;1.0;0.609;1.0;-0.84196544
1.0;1.0;0.0;0.0;0.48126963
0.0;0.360999;0.0;1.0;-0.119986296
1.0;1.0;1.0;0.8413;0.19617763
0.689;0.536;0.0;0.0;0.91838324
0.0;0.1841;1.0;1.0;-0.057723284
1.0;0.545299;1.0;0.482799;0.5426415
0.364199;0.5267;0.0;0.5979;0.5809345
0.0;1.0;0.686;1.0;-0.1822195
1.0;0.239;0.829999;0.0;0.6917664
0.0;0.0;0.000599;1.0;0.027776599
1.0;1.0;1.0;0.0546;0.8014598
0.091999;0.382;0.486999;1.0;0.1081624
1.0;0.330999;1.0;0.422;0.7080117
0.227;0.337;0.337999;0.411999;0.528244
0.585;0.960999;0.0;0.207999;1.0202923
0.449999;0.936;0.0;0.0;1.2892404
0.0;0.0;0.0;0.0;0.7133731
0.0;0.004;0.625;1.0;-0.21966612
1.0;1.0;1.0;0.664999;0.22108045
1.0;0.799;1.0;0.552999;0.64627016
0.0;0.0;0.0;0.376;0.2394506
0.619999;1.0;0.0;0.0;0.9361305
0.0;0.0;0.097999;0.09;0.42045203
0.057;0.764;0.13;1.0;-0.18415666
1.0;0.463999;1.0;0.676999;0.31643596
0.203999;0.0;0.0;0.0;0.31945196
0.0;0.0;1.0;0.478;-0.34665382
0.605999;0.616;0.0;0.473999;0.2429494
0.376;1.0;0.416999;1.0;-0.051747918
1.0;1.0;1.0;0.3119;0.5964824
0.599999;0.147999;0.0;0.0;0.9825059
0.0;0.3232;0.0;1.0;0.19984034
1.0;1.0;1.0;0.0;0.91002667
1.0;0.0;1.0;0.549899;1.1147001
0.31;0.195499;0.546;0.5002;0.74542254
0.587999;0.772999;0.0;0.0;1.2365171
0.0;0.0;0.0;0.0;0.69174254
0.0;0.0;0.0;0.0;0.25613695
0.0;0.0;0.165599;0.0;-0.13659513
0.0;0.0;0.3114;0.7102;-0.65575755
0.713;0.274;1.0;1.0;-0.50049937
0.468099;1.0;0.315199;0.0;0.16048935
0.2188;0.0;0.4485;1.0;-0.23722863
1.0;1.0;1.0;1.0;0.034565568
1.0;0.397199;0.233599;0.787899;0.69486284
0.634;0.9201;0.1967;0.0;1.284317
0.0;0.0;0.0;0.563299;0.57082856
0.514799;0.0;0.808;0.384;0.5151727
0.428;0.777;0.5365;0.7128;0.34692374
0.804199;1.0;0.245199;1.0;0.5110004
1.0;0.768999;1.0;0.317999;1.0491797
0.408;1.0;0.8147;1.0;0.46449092
1.0;1.0;0.0;0.0;1.4711478
0.0;0.0;0.0;0.0;0.8923539
0.0;0.0;0.963099;0.554899;0.027371287
0.4452;0.439;0.3119;0.308199;0.28263122
0.499799;1.0;0.0;1.0;0.24125662
1.0;1.0;1.0;1.0;0.35001424
1.0;1.0;0.375299;0.0;1.2794473
0.0;0.0;0.302599;1.0;0.34760323
1.0;0.741;1.0;0.5382;0.79196775
0.253;0.0;0.7377;0.165899;0.5290457
0.775999;1.0;0.9183;0.898;0.43413427
1.0;0.522;0.0;0.0852;1.3500699
0.0;0.0;0.0;0.0;0.80353403
0.0;0.0;0.0;0.54;0.19873467
0.673;0.768;1.0;1.0;-0.010275006
0.927;0.922999;0.0;0.744999;0.6557473
0.738999;0.241;1.0;0.465;0.7909783
0.261;0.759;0.0;0.534999;0.67313695
0.738999;0.241;1.0;0.465;0.8021035
0.632;0.632;0.0;0.0;1.3130077
0.0;0.948999;0.955999;1.0;0.1885542
1.0;0.158;0.534;0.194;0.9092071
0.095;1.0;0.519999;1.0;0.14212516
1.0;1.0;1.0;1.0;0.32418457
1.0;0.671999;0.968999;0.192;0.9787359
0.222999;0.218;1.0;0.738;0.45182195
0.399;0.247;0.0;0.0;0.76413834
0.0;1.0;0.0;0.0;0.62992954
0.0;0.0;0.0;0.132999;0.24217752
0.106999;0.015;0.5922;0.033;-0.09528613
0.058999;0.9981;0.0;0.802;-0.36401665
0.802;0.0;1.0;0.143999;0.12921777
0.143999;0.0;0.657299;0.387;-0.18134034
0.768;0.709999;0.4587;0.371;0.39667872
1.0;1.0;0.209999;1.0;0.7063934
0.069;1.0;1.0;0.218999;0.2804318
0.218999;0.0;0.190999;0.402;0.18682566
0.402;0.483;0.803;0.801;0.02574408
0.813;0.939999;0.661;0.954999;0.22878137
0.942999;0.554699;0.744999;0.0;1.0116466
0.656199;0.4873;0.713;1.0;0.7680067
0.5998;0.765999;0.0;0.052499;1.2896367
0.007;0.665;0.924999;1.0;0.2585718
1.0;1.0;1.0;1.0;0.41350213
1.0;1.0;0.3888;1.0;0.7346341
1.0;0.754;1.0;0.567;1.0999956
0.476999;0.523999;1.0;1.0;0.6498524
0.632;0.0;0.0;0.0;1.1084565
0.0;1.0;0.329999;1.0;0.21677402
1.0;1.0;1.0;0.876;0.4654744
0.811;0.974999;0.909999;0.909;0.5051323
0.790999;1.0;0.362;0.0;1.219953
0.0;0.911999;0.558999;1.0;0.32883373
1.0;0.442;1.0;0.0;1.0124811
0.0;0.973999;0.429;0.441;0.5020567
1.0;0.96;0.0;1.0;0.9055027
0.111999;1.0;0.873;0.0;0.60772383
0.0;0.0;0.783999;1.0;-0.09223139
0.877;0.5802;0.0;0.613;0.66906595
0.991;0.7958;1.0;0.71;0.8919337
0.481999;0.0;0.6105;0.215999;0.884042
0.102499;0.010599;0.6735;0.4628;0.33751515
0.576999;1.0;0.186299;1.0;0.30970362
1.0;1.0;0.9057;0.681999;0.68391347
0.652;0.0;0.0;0.0;1.1062034
0.0;0.012;0.0;1.0;0.24002281
1.0;0.644999;1.0;0.964999;0.43400314
0.965999;0.335999;1.0;0.5;0.89754546
0.1952;0.1952;0.0;0.0;0.8359709
0.0848;1.0;0.326999;1.0;0.068421006
1.0;1.0;1.0;0.332599;0.68067694
0.204;0.689;0.31;1.0;0.20245698
1.0;1.0;0.0;0.0;1.3060727
0.0;0.0;1.0;0.738;0.31423655
1.0;0.528;0.0;0.173;1.2204924
0.0;1.0;1.0;0.671;0.30112058
0.671;0.0;0.0;0.195999;0.72051376
0.241999;1.0;0.689;1.0;0.06253207
1.0;1.0;1.0;1.0;0.24807838
1.0;0.747599;0.220999;0.416999;1.0457017
0.412999;0.0;1.0;0.553;0.6849834
1.0;1.0;1.0;1.0;0.6703296
1.0;0.778999;0.0;0.706;1.2449958
0.0;0.382;0.674999;1.0;0.2889076
0.994;0.238999;0.906;0.680999;0.77966833
0.727;1.0;1.0;0.0;1.1490055
0.0;1.0;0.595199;0.950999;0.2815792
1.0;0.0;1.0;1.0;0.5820968
0.866999;0.644999;0.989699;0.644999;0.86220884
0.432;1.0;0.0;1.0;0.64826393
1.0;1.0;0.706;0.0;1.447291
0.0;1.0;1.0;1.0;0.37864235
1.0;1.0;1.0;1.0;0.5182066
1.0;0.0;0.0;0.0;1.2916126
0.0;0.0;0.611399;0.674099;0.42105702
0.5146;1.0;0.5155;1.0;0.20293084
1.0;1.0;0.0;1.0;0.70965976
1.0;1.0;1.0;0.0;1.3558366
0.0;0.0;0.119;0.238;0.7373223
0.329999;0.0;0.0;0.0;0.74399203
0.0;0.0;0.0;0.0;0.30588594
0.0;0.0;0.947299;0.506;-0.44008112
0.064999;0.0;0.1507;0.513;-0.6138078
1.0;1.0;0.75;1.0;-0.21313941
1.0;1.0;1.0;1.0;0.038731933
1.0;1.0;1.0;0.0;0.8254149
0.0;0.0;0.0;1.0;0.15636173
1.0;1.0;1.0;0.76;0.47847417
0.873999;0.243;1.0;0.685;0.748972
0.0;0.717999;0.415;0.799999;0.16457227
1.0;1.0;0.0;1.0;0.6964335
1.0;1.0;1.0;1.0;0.7217863
1.0;0.3108;1.0;0.0;1.3783672
0.0;1.0;0.920899;1.0;0.33077684
1.0;0.0;1.0;0.0;0.9790131
0.0;0.0;0.968;0.722999;0.20243612
0.783;0.290999;0.403999;0.146;0.83155715
0.022;1.0;0.0;0.0;0.7023969
0.0;0.0;0.0;1.0;0.031326056
1.0;0.075999;0.0;0.0;0.9791919
0.0;0.0;0.560799;1.0;-0.04932499
1.0;1.0;1.0;1.0;0.1344898
1.0;0.091;1.0;0.981999;0.4441091
1.0;0.807999;1.0;0.719999;0.79881036
0.582999;1.0;0.0;0.0;1.371468
0.0;0.0;0.0;1.0;0.46101597
1.0;0.436;1.0;0.0;1.1663624
0.394;0.0;0.0554;0.0;1.1158713
0.0;0.0;0.0;1.0;0.20018306
1.0;0.3121;1.0;0.040999;0.9018042
0.5869;0.4111;0.0;0.987399;0.7528522
0.492099;0.225799;0.0;0.0;1.0459133
0.0;0.0;0.0;0.0;0.52658105
0.0;0.0;0.0;0.660799;-0.102015495
0.649;0.694;1.0;0.8079;-0.1166991
0.822999;0.180999;0.212999;0.0;0.67481184
0.0;0.0;0.622;1.0;-0.24664319
0.882;0.34;0.747;0.119999;0.51402235
0.305999;0.305999;0.0;0.0;0.64135873
0.0;1.0;0.754099;1.0;-0.26991284
1.0;0.5407;0.0;0.0;0.84049785
0.0;0.313199;0.0;1.0;0.08579278
1.0;0.1056;1.0;0.0;0.75832987
0.0;0.0;0.069;0.399;0.2023795
0.0;1.0;0.473199;1.0;-0.48575318
1.0;1.0;0.7639;0.0;0.51131034
0.0;0.0;1.0;1.0;-0.2911917
1.0;0.345999;0.444;0.0;0.70123166
0.0;0.0;0.0;0.1448;0.28733402
0.161199;0.0;0.0;0.0;0.18586007
0.254;0.093999;1.0;1.0;-0.409194
0.4427;1.0;0.363499;0.6901;-0.2024672
0.663299;0.8862;0.0;0.0;0.6707349
0.052;0.0;0.0;0.0;0.34238783
0.0;0.545;1.0;1.0;-0.50633764
1.0;1.0;1.0;0.776799;-0.027947783
0.673999;0.015;0.0;0.1799;0.52843475
0.215;0.0;1.0;0.2762;0.12092379
0.0;0.2202;0.201499;0.4726;-0.19928432
0.7841;0.985799;0.0;0.9855;0.20593491
1.0;1.0;1.0;0.694499;0.5385258
0.677999;0.5;0.240399;0.7379;0.75152004
0.042;1.0;0.323;0.0;0.6202706
0.040999;1.0;0.397999;1.0;-0.0386796
1.0;0.0;1.0;0.0;0.66954577
0.472999;0.5177;0.477099;0.487899;0.6678411
0.0;1.0;0.516599;1.0;-0.080462456
1.0;1.0;1.0;1.0;0.18447724
1.0;0.442999;0.0;0.0;1.1925706
0.0;0.0;0.442999;0.8892;0.30113548
0.878;0.689999;0.0;0.0;1.2429097
0.0;0.0;0.9213;1.0;0.11441198
0.3086;0.552999;0.0;0.524699;0.25999635
1.0;0.548;1.0;0.0;0.9742626
0.0;0.495;0.0;0.0;0.6584921
0.0;0.0;0.044999;0.5942;0.08640671
0.701;0.385;0.855;0.3947;0.35773304
0.161;0.879;0.524;0.374099;0.14086452
0.271;0.117899;0.495;1.0;-0.1673392
1.0;1.0;1.0;1.0;0.099972725
1.0;0.6534;0.309099;0.0;1.1206367
0.0;0.0;0.0;0.3348;0.5653926
0.366;0.441;0.0;0.0;0.79796994
0.0;0.0;0.0531;1.0;-0.020735621
1.0;0.445999;1.0;0.0;0.7533618
0.0;0.0;0.4595;0.9483;-0.099965096
0.010399;0.725999;1.0;1.0;-0.7033787
1.0;0.869799;0.0634;0.516199;0.39166
0.511;0.6297;0.3566;0.0;0.8035668
0.0;0.0;0.3411;0.3977;0.20732966
0.472;0.0;0.0;0.306199;0.4296848
0.325999;0.913499;0.662999;1.0;-0.08976078
1.0;1.0;1.0;1.0;0.12858298
0.0;0.0;0.0;0.0;-0.009890556
0.659999;1.0;0.314999;1.0;0.09063268
1.0;1.0;1.0;1.0;0.25832742
1.0;1.0;0.350999;0.501899;0.9660789
0.764;0.0;0.654;0.0;1.2718298
0.0;0.537199;0.418099;0.305899;0.65233195
0.301;0.0;0.0;0.471;0.5210885
0.951;1.0;0.3196;1.0;0.6997624
0.530999;0.478999;0.905499;1.0;0.3398725
1.0;0.837999;1.0;0.0;1.0951617
0.0;0.0;0.0;0.0;0.64473534
0.0;0.0;0.0;0.0;0.2712974
0.0;0.902;0.4915;1.0;-0.46946323
1.0;0.0;0.8147;0.3797;0.26697308
1.0;1.0;1.0;0.494;0.65527046
0.033;0.0;0.0;0.085299;0.33964303
0.0;0.0;0.0;0.2782;-0.01019752
0.215;1.0;0.9004;1.0;-0.5560986
1.0;1.0;1.0;1.0;-0.18716371
0.853999;0.865899;0.0;0.658;0.5460807
1.0;0.4541;1.0;0.494999;0.98138535
0.0;0.0;0.0;0.542;0.4208186
0.0;1.0;0.451;0.947299;-0.23998535
1.0;0.0;0.087;0.0;0.74465364
0.0;0.0;0.0;0.0;0.34250107
0.0;0.0;0.221;1.0;-0.3989092
1.0;0.695;1.0;0.0;0.49330083
0.0;0.0;0.4629;0.7845;-0.20500338
0.714399;0.817999;0.337599;0.518;0.3332266
0.5336;1.0;0.613;1.0;0.11325267
1.0;1.0;0.915;1.0;0.33081558
1.0;1.0;1.0;0.178899;0.9750285
0.144999;0.0;0.0;0.664099;0.5619505
0.0;0.0;0.7402;0.0;0.11065093
1.0;1.0;1.0;1.0;0.21409181
1.0;1.0;0.0;0.0;1.274664
0.0;0.0;0.0;0.0;0.7495442
0.0;0.0;0.0;0.0;0.31850722
0.0;0.0;0.3547;0.699;-0.3253839
0.798;1.0;0.0;1.0;0.08736932
1.0;0.5728;1.0;0.2299;0.742791
0.158999;0.287999;0.0;0.0;0.63387537
0.0;1.0;0.0;1.0;-0.05781865
1.0;0.527;1.0;0.391399;0.5501577
0.406999;0.186999;0.160299;0.1717;0.6665417
0.0584;0.747;0.3225;0.596;0.19378749
0.0;0.078999;0.210499;0.0;-0.055193067
0.423999;0.0;0.668999;0.477999;-0.06061709
0.576999;1.0;0.576999;1.0;-0.13298011
1.0;0.222;0.0;0.0;0.8901545
0.0;0.245599;0.0;0.0;0.5171039
0.0;0.0224;0.0;1.0;-0.20380533
1.0;1.0;1.0;0.0;0.6124892
0.0;0.375999;0.0;0.564499;0.14493254
0.296999;0.0;1.0;0.608999;-0.17191982
0.7;0.441;0.016;0.0;0.6261625
0.912999;1.0;0.147999;0.933399;0.8340188
0.037;0.0;0.0;0.0;0.45423594
0.0;0.0;0.230399;0.370999;-0.0671438
0.269;1.0;0.353999;0.566;-0.1215986
0.471999;0.0;0.0;0.2869;0.18351164
0.299;0.046;1.0;0.963099;-0.32021022
0.899;0.494;0.882999;0.494;0.28759927
0.501999;1.0;0.191;0.670999;0.42602506
0.757;0.0;0.408;0.51;0.7544317
0.379999;0.0;0.924999;0.578;0.4237422
0.81;0.456;0.0;0.552999;0.9652742
0.411;1.0;0.010399;0.0;1.2640306
0.0;0.0;0.4936;0.588;0.38960066
0.694;0.552999;1.0;0.564999;0.47473994
0.557;1.0;0.486;0.884999;0.36079076
0.897999;0.405;0.279999;0.0;1.1529871
0.266;0.483;0.26;0.796199;0.6689676
0.524;0.439999;0.0;0.0;1.0670104
0.0;0.085999;0.616999;0.933999;0.0903734
0.778;0.537999;1.0;0.940299;0.16911116
0.0;0.7693;0.0;0.0;0.24953273
0.741;0.0357;0.835599;0.031;0.6292381
0.0;0.143;0.468;0.861;-0.08240855
0.891999;0.649999;0.589999;0.811999;0.35412696
0.761;1.0;1.0;1.0;0.24594751
0.979999;0.947;1.0;0.688;0.62085474
0.986;0.238;0.813;0.546;1.0827073
0.326999;0.513;0.525999;0.542;0.8359053
0.631;1.0;0.209;1.0;0.72939485
1.0;1.0;1.0;0.888999;0.8277544
1.0;0.402999;1.0;1.0;0.94670737
0.707999;1.0;0.888999;1.0;0.71178764
1.0;1.0;1.0;0.237499;1.2721428
0.006;0.0;0.306899;0.128399;0.7784703
0.1508;0.497;0.4297;0.4984;0.45240608
0.973199;1.0;0.5574;1.0;0.6319591
1.0;0.449999;1.0;0.677999;0.96753025
0.299;0.299;0.210999;0.0;1.0072716
0.0;0.102099;0.0;0.0;0.63026035
0.155;0.0;0.0;0.0;0.4542896
0.0;0.0;0.684899;0.575;-0.25893366
0.1253;1.0;0.4706;1.0;-0.66730297
1.0;0.814999;0.0;0.0;0.6448486
0.0;0.0;0.576;0.900999;-0.15812135
0.849;0.67;0.635999;1.0;0.12517956
1.0;0.665999;0.221;0.0;1.178033
0.0;0.372;0.610999;1.0;0.18689421
1.0;0.5865;1.0;0.967799;0.4425862
0.887299;0.5129;0.1251;0.0;1.303617
0.0;0.242599;0.0;0.2682;0.75656855
0.400499;0.369;0.998199;0.791299;0.30112058
0.933;0.67;0.888;0.644;0.66030407
0.645999;0.658999;0.431999;0.593999;0.8256295
0.616;0.469999;0.706;0.647999;0.8103051
0.486999;0.271;0.7822;0.511;0.72393507
0.527;0.451;0.3726;0.3395;0.90683186
0.283799;1.0;0.4602;1.0;0.33484486
1.0;0.748;1.0;0.153999;0.99768424
0.214799;0.372;0.391;0.876999;0.50146365
0.817999;0.575999;0.742999;0.5457;0.8432009
0.575;0.427999;0.0;0.0;1.2709507
0.0;0.0;0.491;0.857199;0.335578
0.39;0.1668;0.088999;0.0;0.6035843
0.725999;1.0;0.109999;0.1655;1.1594542
0.0;0.459999;0.501;1.0;0.16270366
1.0;0.635999;1.0;0.631599;0.592468
0.641999;1.0;0.66;1.0;0.40358987
1.0;0.498;0.385999;0.0;1.2830951
0.0;0.0;0.602999;0.611;0.43814567
0.308999;0.42;0.505;0.512999;0.3213146
0.611;0.902;0.0;0.1863;0.9076544
0.028;0.103999;0.444;0.773899;0.17477062
1.0;0.608;0.584;0.0;1.0495343
0.0;0.147999;0.054999;0.4575;0.45293358
0.360999;0.858;0.0;1.0;0.21501866
1.0;0.489;1.0;0.683499;0.6177225
0.332;0.351999;0.004;0.364999;0.6727048
0.534999;1.0;0.359999;0.495;0.76938355
0.465;0.751;0.908;1.0;0.30561474
1.0;0.526999;0.15;0.463299;1.0737517
0.26;0.948;0.793999;0.0;0.885702
0.0;0.0;0.443899;1.0;0.07358575
1.0;0.604599;0.7231;0.3789;0.78494036
0.0;0.804;0.459999;0.0;0.49160507
0.484;0.0;0.0;0.195999;0.68263793
0.361999;0.379999;0.623;0.483;0.45701352
0.379;0.355;0.0;0.0;0.6985405
0.0;0.0;0.402;0.2059;0.12181786
0.129;0.637999;0.393;1.0;-0.37232256
1.0;0.959;0.672499;0.0;0.61238194
0.304;0.0;0.9385;1.0;0.06333971
0.688699;1.0;0.364;0.3515;0.59306407
0.893299;0.498999;0.082999;0.1067;1.3097324
0.0;0.994;0.0;0.0;0.97981775
0.0;0.0;0.251;0.488299;0.2946207
0.363;1.0;0.451;0.5107;0.24244276
0.531;0.0;0.448099;0.574399;0.31323817
0.5;0.5468;0.8549;0.4757;0.32415476
0.500999;0.726199;0.0;0.0;0.83374465
0.0;0.0;0.346999;0.937299;0.026480198
0.960999;0.444;0.618;0.026;0.8631953
0.028;0.066;0.0;0.0;0.4791626
0.0;0.280999;0.451;0.950999;-0.2828262
0.976999;0.591999;1.0;0.591999;0.2653727
0.283;0.365;0.1875;0.2387;0.3614762
0.53;0.647999;0.059499;0.091299;0.8213707
0.0;0.233999;0.506;0.649;0.10670507
0.918999;0.469999;0.484999;0.658;0.61736786
0.648;1.0;0.9278;0.778;0.45904008
0.658;0.156;0.0;0.0;0.9730675
0.0;0.0;0.527;0.539999;0.2168813
0.605;0.551;0.843299;0.4449;0.37262824
0.417;0.848999;0.3177;0.9191;0.20440605
0.988;0.577;0.275999;0.0;1.161758
0.0;0.094999;0.027;0.123;0.64396346
0.204;0.183999;0.432999;0.381;0.3080347
0.194999;0.0;0.019;0.162499;0.20540741
0.388999;0.160999;0.659899;0.421499;0.103951335
0.383;0.548;0.4457;0.5786;0.091637015
0.542;0.639;0.3734;0.342399;0.4266211
0.263999;0.328499;0.293;0.492;0.29037088
0.571899;1.0;0.128299;0.970999;0.29899567
1.0;0.554999;1.0;0.682;0.6882378
0.370999;0.875;0.379;1.0;0.33007947
1.0;0.5296;1.0;0.2222;0.99587226
0.561999;0.354399;0.798299;0.853499;0.7499406
0.576999;0.897;0.126999;0.829599;0.7850268
0.812;1.0;0.657;0.916399;0.7835814
0.975999;1.0;1.0;1.0;0.7675984
1.0;0.393;0.8769;0.582999;1.1890867
0.586999;1.0;0.6931;1.0;0.7961341
1.0;0.510999;1.0;0.674999;1.1260965
0.763;0.361;0.0;0.0;1.6849496
0.0;0.59;0.0;0.0;1.2374082
1.0;0.409999;1.0;1.0;1.0988363
0.0;0.59;0.0;0.0;0.8212873
0.0;0.0;0.435;0.364999;0.2121785
0.334999;1.0;0.0;0.0;0.594888
0.0;0.0;0.1071;1.0;-0.12610471
1.0;1.0;1.0;0.667;0.30132324
0.564;0.0;1.0;1.0;0.12046781
0.6931;0.358;0.535;0.0648;0.72819084
0.486899;0.57;0.0;0.060199;1.0756352
0.0;0.214999;0.0;0.0;0.6550499
0.0;0.0;0.309999;0.757999;-0.0730685
0.757999;0.0;0.551;0.296999;0.3996351
0.296999;0.027;0.346;0.155;0.3200957
0.093;0.275999;0.381799;0.415;-0.03418839
0.494;0.4792;0.6872;0.877799;-0.108440876
0.548;0.409099;0.0;0.0;0.5381384
0.0;0.0;0.180999;0.262999;0.07105553
0.239;0.813;0.4808;0.804;-0.22177017
0.774999;0.231999;0.7402;0.552;0.22127119
0.544;1.0;0.719;1.0;0.02689147
1.0;0.573;1.0;0.363999;0.6853529
0.551;0.365799;0.226399;0.2639;0.94845676
0.157999;1.0;0.0;0.9021;0.4390308
0.788;0.548;1.0;1.0;0.41357067
1.0;0.5;0.0;0.0;1.4030614
0.0;0.0;0.16;0.734;0.5330154
0.733;0.932;0.978999;0.453999;0.67509794
0.454999;0.325999;0.482199;0.491;0.63948715
0.512;0.242;0.5811;0.326599;0.713999
0.316999;1.0;0.0;1.0;0.35928872
1.0;0.695;1.0;0.320999;0.92538977
0.378;0.284;0.097;0.085999;0.99596167
0.085999;0.431999;0.0;0.0;0.77082
0.0;0.4466;0.0;0.0;0.47273722
0.0;0.0;0.725999;0.708999;-0.2847365
0.547999;1.0;0.3973;0.282;0.17049697
0.433;0.6717;0.0;0.0;0.5987921
0.0;0.0;0.336999;0.0;0.10762894
0.0;0.938;0.529;1.0;-0.5508951
1.0;0.3523;0.364999;0.0;0.4772165
0.0;0.4187;0.001;1.0;-0.117411375
1.0;0.0;1.0;0.529999;0.41835395
0.466999;0.588999;0.0;0.357;0.7074484
0.471999;0.584499;0.400299;0.178999;0.8509972
0.126999;0.0;0.08;0.0;0.5439856
0.0;0.0;0.333999;0.408;-0.04627025
0.408;0.569;0.462;0.339999;0.10400796
0.339999;0.643999;0.553999;0.628;-0.0016502142
0.64;0.547;0.572;0.499;0.32512632
0.636;0.223999;0.6906;0.552999;0.48852053
0.427999;0.744999;0.2622;0.469999;0.59326077
0.387;1.0;0.294199;0.221;0.7398376
0.28;0.0;0.0;0.0;0.68871164
0.0;0.0;0.828;0.8522;-0.17883098
1.0;1.0;0.610999;1.0;0.1830348
1.0;0.331899;1.0;0.555999;0.6963888
0.225;0.4884;0.503699;0.115;0.6118932
0.405;0.486499;0.0326;0.0;0.8912363
0.144999;0.0;0.0;0.0485;0.61753774
0.0;0.130999;0.890999;0.491;-0.13035154
0.492999;0.420999;0.0;0.104999;0.37222293
0.103;0.03;0.736;0.277999;-0.08952534
0.277999;0.306899;0.608999;0.456;-0.16951478
0.382;0.2111;0.586;0.481;-0.09460068
0.568999;1.0;0.2866;1.0;-0.036679864
1.0;0.761;0.932399;0.481999;0.5731144
0.489999;0.371;0.538;0.274999;0.7161805
0.267;0.409999;0.422899;0.234999;0.61451876
0.237;0.532;0.5071;0.935;0.16570476
0.920999;0.455999;0.878;0.573999;0.64238393
0.335999;0.375999;0.396;0.167;0.69898456
0.415999;1.0;0.099199;0.802;0.5703875
0.803;1.0;0.8748;0.677999;0.6808528
0.677999;0.0;0.404699;0.099;1.0108688
0.097;0.983999;0.4513;0.860999;0.30073017
0.865;0.306;0.767;0.604999;0.6864109
0.653999;0.440999;0.902999;0.702;0.67571783
0.633;0.720999;0.439;0.562999;0.8649298
0.580999;0.6385;0.372;0.172;1.1560001
0.172;0.163499;0.286;0.845999;0.5588481
0.884999;1.0;1.0;0.971;0.50553465
0.933;0.176;0.457;0.074999;1.2120315
0.070999;0.198999;0.713999;0.771999;0.40869203
0.417;0.5362;0.352899;0.0;0.71437746
0.663;0.794799;0.340899;0.6811;0.816355
0.351999;0.941;0.322;1.0;0.38252857
1.0;0.588999;1.0;0.31;0.9613224
0.31;0.239999;0.0;0.0;0.9957769
0.0;0.0;0.655;0.3284;0.2835551
0.282;0.112999;0.638;0.448599;0.09408975
0.501999;0.521;0.57;0.629399;0.18760946
0.582;1.0;0.0;0.163;0.7884153
0.158;0.0;0.533;0.637;0.26265472
0.636;0.556999;0.539999;0.378;0.5882212
0.364999;0.314;0.158;0.015;0.7416585
0.028;0.035;0.0;0.0;0.38198915
0.0;0.0;0.376899;0.543999;-0.21443284
0.413999;0.482999;0.439;0.493499;-0.06218171
0.611;0.707;0.1661;0.0;0.6001898
0.0;0.0;0.0;0.0;0.2063581
0.0;0.0;0.056999;0.826;-0.36480343
0.826;0.95;1.0;1.0;-0.28090692
1.0;1.0;0.933999;1.0;0.020433307
1.0;0.535999;1.0;0.381;0.6788471
0.509999;0.405;0.261;0.0;0.9932169
0.493;0.477;0.517899;0.5465;0.86347544
0.0;0.048999;0.0;0.0;0.48892286
0.0;0.313;0.298999;1.0;-0.22090292
1.0;0.482999;1.0;0.197;0.5439826
0.197;1.0;0.659999;1.0;-0.061612487
1.0;0.6065;1.0;0.525999;0.52575254
0.46;0.176499;0.6171;0.469;0.551019
0.531999;0.428;0.0;0.288;0.90559506
0.291;0.870999;0.730999;0.759;0.4101136
0.759;0.187;0.2645;0.153999;0.95225656
0.153999;0.518999;0.692499;0.859;0.27246565
0.856999;0.85;0.909;0.522999;0.62995934
0.524999;0.466;0.656999;0.833;0.51082754
0.442;0.447799;0.491999;0.374599;0.6390908
0.43;1.0;0.142;0.0674;0.9720006
0.4;0.0;0.280999;0.364999;0.8380481
0.373999;0.889;0.698;1.0;0.27771682
1.0;1.0;0.859;1.0;0.44755426
1.0;0.564999;1.0;0.683999;0.8330771
0.597999;0.843499;0.923999;0.705999;0.71909815
1.0;0.5766;0.331099;0.0168;1.5293726
0.0;0.426399;0.4039;0.428199;0.8273133
0.457;0.4405;0.463999;0.582;0.73745936
0.575999;0.2418;0.411;0.453;0.8605846
0.546;0.199199;0.0;0.0;1.1685141
0.0;0.146;0.073;0.0;0.6650665
0.0;0.0;0.562999;0.661899;-0.111763835
0.4919;0.5669;0.608;0.5358;0.03726566
0.6141;0.859999;0.484999;0.4191;0.39012817
0.406999;0.921999;0.472999;1.0;0.10005915
1.0;1.0;1.0;0.410999;0.6548532
0.457999;0.0;0.143;0.0225;0.817711
0.034999;0.228999;0.0;0.0;0.53038085
0.088;0.0;0.6111;0.567699;-0.04832959
0.462;0.771999;0.485899;1.0;-0.16856408
0.830999;1.0;1.0;0.567;0.21565345
0.471;0.286999;0.441;0.411;0.40959802
0.408999;0.161;0.0;0.0;0.6890335
0.0;0.0;0.0;0.0;0.3091046
0.0;0.0;0.430999;0.5498;-0.28043604
0.541;0.073999;0.7879;0.605199;-0.15914953
0.515499;0.584;0.3767;0.41;0.19103077
0.361499;0.988999;0.3414;0.502699;0.2426782
0.609999;0.325;0.55;0.351199;0.5334594
0.459;0.311;0.338;0.7851;0.44134048
0.686;0.634;0.777999;0.317;0.7415721
0.295999;1.0;0.576999;1.0;0.2027699
1.0;0.323999;1.0;0.3582;0.81091607
0.463;0.616;0.597299;0.6308;0.6955126
0.680999;0.669999;0.328;0.4619;1.007668
0.327999;0.311;0.319;0.3106;0.8924731
0.236;0.51;0.324999;0.905699;0.40968147
1.0;0.657499;0.111;0.0;1.4002033
0.0;0.0;0.414999;0.412799;0.5848386
0.511;0.2862;0.565799;0.5112;0.5625942
0.601099;0.631799;0.5852;0.645799;0.59225047
0.5469;0.976999;0.189999;0.0962;1.007975
0.203;0.576;0.475;1.0;0.33674327
1.0;0.949;1.0;0.682;0.6637343
0.728699;0.418999;0.604999;0.114999;1.0693678
0.118;0.5407;0.463;1.0;0.34237888
0.899999;0.499299;1.0;0.655999;0.6737628
0.9633;1.0;0.241;0.884799;0.994707
0.712699;0.420999;0.497;0.0;1.4101722
0.0;0.491;0.612;1.0;0.39529887
1.0;1.0;1.0;1.0;0.49995568
1.0;0.902;1.0;0.234999;1.078833
0.192999;0.301;0.582;0.547899;0.6634214
0.631999;0.127699;0.6843;0.6678;0.7286677
0.5169;0.5603;0.5056;0.3332;0.8843281
0.4971;0.486999;0.240199;0.581099;0.9046235
0.484;0.75;0.7159;0.730999;0.66232467
0.774999;0.654;0.597999;0.436;1.0108002
0.524;1.0;0.772999;1.0;0.5598256
1.0;1.0;1.0;0.117799;1.1511513
0.139;0.0;0.649;0.5172;0.6156453
0.3827;0.996299;0.4307;0.6777;0.47650722
0.8943;0.2807;0.301299;0.261299;1.1145213
0.010999;0.334699;0.329999;0.375;0.56455815
0.478;0.240299;0.0;0.0;0.88268304
0.0;0.0;0.0;0.028999;0.42348292
0.042999;0.356999;0.536999;0.777999;-0.23167646
0.832999;0.313;0.776499;0.645;0.19668427
0.451999;0.689;0.6315;0.469299;0.28015167
0.68;0.366999;0.0;0.0;0.9183147
0.0;1.0;0.626999;1.0;-0.025289416
1.0;1.0;1.0;1.0;0.18535641
1.0;1.0;1.0;0.675;0.57496214
0.673999;0.0;0.344;0.228;0.9168365
0.580999;0.463999;0.692999;0.696099;0.8003571
0.083;0.227;0.1663;0.2353;0.5220481
0.589999;0.847999;0.2897;0.3339;0.83692753
0.329;0.31;0.325;0.2507;0.7452765
0.222999;0.1152;0.444999;0.740099;0.29009968
0.643999;0.9848;0.573;0.8869;0.28122753
1.0;0.544999;0.641;0.0;1.1248448
0.0;0.0;0.5383;0.5471;0.36082652
0.329299;1.0;0.435199;1.0;0.0026293993
1.0;0.488999;0.3795;0.0;0.9915271
0.0;0.052;0.343;0.7733;0.22454646
0.726999;0.878;0.817999;0.816699;0.30379683
0.853999;0.299999;0.347;0.108199;1.0054686
0.069;0.716999;0.631999;1.0;0.15287784
1.0;0.442;1.0;0.4649;0.7201472
0.375999;0.61;0.537999;0.444499;0.6505796
0.725999;0.552999;0.0;0.406;1.1224636
0.191;0.348999;0.784999;0.421999;0.61747813
0.499;1.0;0.547;1.0;0.31533924
1.0;0.460499;0.677;0.0;1.122702
0.087;0.0309;0.414999;0.6721;0.46720293
0.513999;0.427599;0.5341;0.545899;0.5382874
0.3077;0.521999;0.559699;0.492;0.40187624
0.685299;0.777999;0.5242;0.492999;0.70325524
0.606;0.3293;0.386999;0.515999;0.8566209
0.473999;1.0;0.652;0.7752;0.56836987
0.711;0.411;0.038299;0.765799;0.8494952
0.855999;0.602999;1.0;0.456;1.0817983
0.576;0.473;0.812299;0.759;0.8552977
0.552999;0.564999;0.5221;0.557;0.8934864
0.548999;1.0;0.354799;1.0;0.63660824
1.0;1.0;1.0;1.0;0.6861665
1.0;1.0;1.0;1.0;0.73889583
1.0;0.560999;0.932;0.0172;1.4175125
0.082;0.076999;0.018599;0.134;1.0179021
0.138999;0.036;0.7753;0.402699;0.4589775
0.445;0.537;0.6191;0.6403;0.3779122
0.495999;0.844999;0.0;0.0;0.90630436
0.0;1.0;0.0;1.0;0.17778066
1.0;0.956;1.0;0.624899;0.57489955
0.501;0.822;0.499;1.0;0.36477533
1.0;1.0;0.454999;0.0;1.2706109
0.0;0.0;0.0;0.718999;0.5486765
0.515;0.425;0.4586;0.0;0.83679044
0.517999;1.0;0.53;1.0;0.42984274
0.805;0.370099;1.0;0.709999;0.5863913
0.417;0.728899;0.518;1.0;0.29797345
1.0;0.862;1.0;1.0;0.4939535
1.0;0.866999;1.0;0.679199;0.8578279
0.717999;0.313;0.7163;0.3823;1.117123
0.276;0.615099;0.5177;0.5595;0.8038559
0.613999;0.4529;0.317999;0.366;1.0734984
0.359;1.0;0.458999;1.0;0.5293765
1.0;0.426;0.264;0.0;1.4055082
0.0;0.0;0.0;0.3268;0.75367475
0.404999;0.028999;0.5604;0.0;0.69341743
0.0;0.0;0.498199;0.6253;-0.038116336
0.4112;0.564;0.5216;0.4499;0.08192146
0.5428;1.0;0.384199;0.900399;0.08257711
0.925999;1.0;0.711;0.8653;0.38854566
0.899;0.125;0.617999;0.0;1.0441222
0.0;0.248999;0.319;1.0;0.19460407
1.0;0.98;1.0;1.0;0.34618762
1.0;0.512499;1.0;0.662999;0.7848867
0.412;0.8783;0.349499;0.344;0.87772393
0.471;0.923199;0.5662;1.0;0.5115011
1.0;0.668999;0.956299;0.435999;1.0250368
0.377;0.216999;0.295999;0.4681;0.9132364
0.429;0.521;0.353;0.188899;1.0123291
0.302999;0.575;0.619999;1.0;0.42186764
0.976999;0.409999;0.9733;0.3142;0.9804287
0.348;0.8855;0.5947;0.6533;0.6568172
0.570999;1.0;0.407299;1.0;0.49236503
1.0;0.841999;1.0;0.996;0.63317204
0.972;1.0;1.0;0.968499;0.7062623
1.0;0.424;0.731;0.387;1.2903162
0.337;0.304999;0.0;0.0;1.3389566
0.0;0.0;0.654499;0.301699;0.58216834
0.408;0.688;0.4809;0.6145;0.46530452
0.6153;0.884;0.5686;0.816499;0.45103517
0.777699;0.32;0.039;0.0275;1.1388847
0.030999;0.204099;0.727999;0.773899;0.27723402
0.9;0.6029;0.301999;0.6171;0.82709277
0.531;0.601999;1.0;0.5057;0.68652415
0.457999;0.323;0.421999;0.218599;0.8017131
0.203099;0.483999;0.5381;0.584699;0.41884568
0.7389;0.558999;0.0623;0.5146;0.8952328
0.412;0.523099;0.459599;0.0172;0.97567225
0.0;0.0;0.0;0.315799;0.43484953
0.314999;0.246;0.383;0.046199;0.43804434
0.054;0.363;0.469999;0.377899;0.00379467
0.397999;0.0;0.410899;0.5253;0.0145145655
0.1653;0.642;0.407399;0.4805;-0.11473513
0.8327;0.917;0.5587;1.0;0.11066881
1.0;0.528999;0.658;0.0964;0.9502896
0.125;0.456999;0.616;0.7695;0.32533494
0.736999;0.624;0.724;0.522499;0.6308683
0.564999;0.474999;0.423999;0.542;0.7595756
0.554;0.399;0.6135;0.376;0.85492814
0.469999;0.697;0.386499;0.735099;0.7094839
0.564;0.585999;0.575;0.5953;0.74851006
0.609999;1.0;0.829999;0.905299;0.5108633
0.930999;0.040099;0.0;0.0;1.2517014
0.0;0.0;0.0;0.161999;0.683231
0.250999;0.0;0.0;0.0;0.5863913
0.0;0.0;0.463999;0.561;-0.13666666
0.518;0.617999;0.492;0.555999;0.052384377
0.587999;1.0;0.608999;0.988;-0.0468812
1.0;0.578;0.4692;0.242999;0.83354497
0.129999;0.109999;0.592799;0.457999;0.33551243
0.465999;0.441;0.2719;0.407;0.5217799
0.519;1.0;0.8141;1.0;0.15989628
1.0;0.412999;1.0;0.665999;0.6283113
0.421999;0.510999;0.423;0.298999;0.74730307
0.370999;0.49;0.0;0.0;0.9838053
0.036;0.533999;0.521;1.0;0.1372197
1.0;0.853999;0.798;0.3709;0.7853159
0.347999;0.03;0.038999;0.1726;0.77535295
0.197999;0.655;0.736;0.785499;0.19532827
0.784999;0.427;0.7853;0.795;0.4177579
0.301;0.304999;0.494699;0.063999;0.4920968
0.576;1.0;0.4375;1.0;0.32628563
1.0;0.923;1.0;0.774799;0.6100991
0.844499;0.423;0.126199;0.0;1.3304689
0.091999;0.025999;0.3678;0.497999;0.67586386
0.417;0.447;0.0;0.056;0.9282031
0.042;0.0;0.9038;0.586999;0.10937238
0.384;0.536;0.287999;0.057;0.4006484
0.194999;0.543999;0.106099;0.3001;0.3412136
0.33;0.132;0.3534;0.544899;0.21387723
0.602999;0.555;0.629499;0.6047;0.3507742
0.584999;0.695999;0.7254;0.4033;0.52202725
0.43;0.274999;0.198599;0.282599;0.6621578
0.182;0.1066;0.572999;0.5314;0.24798897
0.481999;0.4144;0.307;0.3172;0.5021044
0.344999;0.576999;0.0;0.4402;0.58020437
0.581999;0.697;1.0;0.710599;0.4078218
0.6052;0.471;0.4542;0.299499;0.725908
0.353799;0.109999;0.098799;0.3215;0.696511
0.266999;0.95;0.711;1.0;0.06260359
1.0;0.378199;1.0;0.5276;0.617043
0.584;0.5508;0.3228;0.305699;0.9142258
0.403999;0.881999;0.520199;0.9133;0.509254
0.584;0.492;0.547;0.4741;0.7075915
0.734999;0.549;0.649299;0.614899;0.88290954
0.536999;0.478999;0.459699;0.2755;1.0294684
0.231999;0.282199;0.0;0.0;0.96828425
0.011;0.0;0.642;0.4452;0.23373154
0.275999;0.366;0.347999;0.446299;0.17355171
0.512799;0.617999;0.1623;0.3971;0.5015203
0.430199;0.385999;0.6297;0.448799;0.4483172
0.417;0.658;0.045;0.8018;0.41935232
0.822;0.918;1.0;0.647;0.5717763
0.539599;0.319999;0.421899;0.361999;0.7541218
0.491399;0.228999;0.5779;0.549999;0.6874659
0.332999;0.507;0.4512;0.281;0.65505886
0.534;0.498;0.3417;0.4368;0.79337144
0.447;0.631;0.5738;0.776899;0.5454191
0.73;0.863999;0.6435;0.946299;0.5242177
0.922999;0.643;0.191999;0.0;1.3879606
