"MT_250";(predicted -> )"MT_250"

0.3819118;0.37684834
0.5808328;0.3648738
0.47942612;0.3786085
0.3820908;0.39530802
0.56104803;0.40148944
0.3820908;0.44379786
0.52057385;0.47138923
0.400373;0.5237759
0.91335464;0.85528684
0.88002163;0.89738846
0.92387915;0.90255445
0.9202493;0.90520793
0.93482566;0.9056582
0.9175947;0.9055461
0.9215086;0.9056701
0.91480494;0.9055519
0.90691924;0.9051503
0.9162085;0.576721
0.4590227;0.7055131
0.8934305;0.6440077
0.791094;0.7766657
0.791094;0.6433854
0.7830952;0.7130885
0.8713105;0.8883369
0.8531954;0.89123255
0.8490074;0.87085795
0.8680462;0.8949707
0.92481554;0.8301047
0.9435858;0.8061526
0.882992;0.8176
0.829762;0.816955
0.8680128;0.7861718
0.8802723;0.7540135
0.89280415;0.80292517
0.7457199;0.7440742
0.83496594;0.7162818
0.765658;0.54155034
0.2652077;0.29223016
0.17023799;0.40498042
0.12257037;0.2223341
0.234342;0.24428634
0.1509926;0.16911705
0.10081338;0.15986325
0.13900906;0.14175303
0.234342;0.16368596
0.47942612;0.37897137
0.2652077;0.35735744
0.765658;0.6241274
0.234342;0.53146505
0.8680462;0.64814913
0.7231378;0.7085994
0.7831769;0.6299058
0.829762;0.6842844
0.5411799;0.56728643
0.7560623;0.5609409
0.31671518;0.47393957
0.7559632;0.617801
0.25428006;0.447188
0.47922096;0.3169193
0.36424682;0.312652
0.74571997;0.48539641
0.28941235;0.44098705
0.40000018;0.5727597
0.41916722;0.51238096
0.20890602;0.35031798
0.59981346;0.359278
0.234342;0.35660043
0.2892841;0.26903674
0.21690483;0.17270337
0.1757459;0.1502951
0.17023799;0.17234734
0.27686223;0.24114716
0.17029153;0.17407086
0.2252577;0.15702422
0.234342;0.17399104
0.1509926;0.14945947
0.17580259;0.15235224
0.10719584;0.109663986
0.1136944;0.098062135
0.09644792;0.090794116
0.05443607;0.082111515
0.06191146;0.07964406
0.07493704;0.079268456
0.06432515;0.08097894
0.07609776;0.089646555
0.0687662;0.09540943
0.10241638;0.09745885
0.11389622;0.10418325
0.12283251;0.19524299
0.135694;0.34603074
0.47942612;0.35570154
0.33194712;0.35964084
0.24433456;0.36176997
0.34775373;0.39573604
0.30291954;0.36969212
0.6180882;0.35683784
0.289669;0.39461812
0.41936028;0.40919036
0.3321009;0.4024305
0.47942612;0.4014524
0.43895194;0.43101344
0.43895194;0.46733066
0.6179092;0.48108616
0.47942612;0.51280785
0.9282529;0.8291937
0.85690105;0.8889395
0.93026435;0.9003895
0.92149633;0.9051324
0.9282323;0.90566325
0.92271763;0.90541154
0.92502934;0.9056742
0.92022395;0.90552413
0.89095175;0.90526277
0.8995252;0.5643708
0.52057385;0.7128223
0.86556315;0.6257928
0.47942612;0.6879702
0.7746552;0.65287256
0.829762;0.7578376
0.7985308;0.85400224
0.7985308;0.85832524
0.8490074;0.8677616
0.9454503;0.8930264
0.9300888;0.83877516
0.9048734;0.850213
0.9011475;0.8576001
0.8774006;0.8740285
0.7747423;0.7797591
0.8774296;0.76335907
0.8744255;0.8400614
0.829762;0.6940238
0.7985308;0.54096687
0.12868951;0.21253914
0.7458257;0.651722
0.5;0.49576584
0.17580259;0.26350808
0.41916725;0.40687695
0.6524086;0.4291517
0.10717335;0.33665198
0.20146917;0.32658234
0.1757459;0.27242202
0.41916725;0.30100703
0.3817329;0.22424261
0.3817329;0.35860628
0.24393769;0.3028965
0.80552244;0.7103733
0.5411799;0.4574377
0.69735354;0.65019506
0.90305436;0.7285939
0.8241974;0.80617714
0.8490074;0.77409446
0.7746552;0.7313709
0.59999985;0.68855333
0.17023799;0.5205029
0.59999985;0.4973762
0.7986029;0.687649
0.52057385;0.25401622
0.59999985;0.31834275
0.16503406;0.2136554
0.1816417;0.29518124
0.234342;0.35310438
0.36424682;0.3502749
0.63575315;0.3670194
0.43875343;0.31749853
0.24393769;0.20608898
0.09694566;0.14573792
0.18164171;0.28841716
0.12557454;0.14027093
0.10499083;0.103503115
0.10285081;0.08837735
0.08845356;0.08067697
0.07298199;0.07772625
0.05268565;0.08055806
0.06430026;0.08835596
0.05566218;0.09168025
0.05384577;0.08808427
0.06191146;0.093607575
0.06115116;0.0944859
0.08374964;0.09587605
0.09845011;0.099132255
0.11389622;0.2182502
0.10677006;0.3128069
0.34791616;0.37138385
0.31700522;0.36810076
0.36458853;0.3728684
0.41936028;0.38168344
0.400373;0.37408495
0.34775373;0.3643403
0.33194712;0.36595458
0.289669;0.36595905
0.3820908;0.37682477
0.43895194;0.39147907
0.52057385;0.4031913
0.27722353;0.43412006
0.4590227;0.44089153
0.5806397;0.42209306
0.52057385;0.44107804
0.56104803;0.46986473
0.6522463;0.51239854
0.400373;0.5422185
0.9014926;0.8542912
0.90693635;0.90156746
0.91896284;0.90549934
0.9282426;0.9056939
0.9364782;0.9056631
0.92149633;0.9055183
0.9148193;0.905745
0.9227057;0.90543854
0.8827521;0.90364873
0.8989663;0.519721
0.83496594;0.63464093
0.7831769;0.56488585
0.3475914;0.41295275
0.74571997;0.74479437
0.43875343;0.6823229
0.7458257;0.76839525
0.7746552;0.8075102
0.59999985;0.7837109
0.8911374;0.87192404
0.8911606;0.8013682
0.8184184;0.8072009
0.89280415;0.83613944
0.9048734;0.8935485
0.765658;0.8047733
0.8905083;0.78238237
0.7746552;0.79276735
0.83496594;0.746554
0.8712786;0.5624824
0.6683602;0.38117823
0.74571997;0.50737524
0.52057385;0.4404887
0.13541272;0.25271073
0.2252577;0.39092165
0.43875343;0.3760046
0.13900906;0.31374523
0.40018657;0.31106794
0.28941235;0.26148322
0.40018657;0.36020634
0.7560623;0.5405792
0.83496594;0.7580501
0.8183583;0.85277796
0.8242541;0.89008296
0.59999985;0.81054646
0.520779;0.72568524
0.7747423;0.6303748
0.4588201;0.67118084
0.6524086;0.6353416
0.40000018;0.2489484
0.5409773;0.27042547
0.1816417;0.2996685
0.13900906;0.34303308
0.5409773;0.5294927
0.5409773;0.48924452
0.7105877;0.6386104
0.6682066;0.6367724
0.5411799;0.6123653
0.40018657;0.5445475
0.63575315;0.43779427
0.18783475;0.42228612
0.24393769;0.28561246
0.43875343;0.2779022
0.30264643;0.23102818
0.21690483;0.19651653
0.20890602;0.19095106
0.0969642;0.12949665
0.11188389;0.104351245
0.1094917;0.09651072
0.08227052;0.08911178
0.06873781;0.08113224
0.06514879;0.078005806
0.05760403;0.077432066
0.05384577;0.07755803
0.06191915;0.08076784
0.0589771;0.090390906
0.10243699;0.095762245
0.1024576;0.09686639
0.12802331;0.13534118
0.11995045;0.32745638
0.3030562;0.36688352
0.26554656;0.36244196
0.41936028;0.37029392
0.31700522;0.38039705
0.400373;0.38586727
0.47942612;0.3659199
0.24433456;0.35584626
0.36458853;0.36838236
0.30291954;0.37202978
0.47942612;0.37588686
0.52057385;0.3920361
0.5;0.42150998
0.47942612;0.4436825
0.63541144;0.4362004
0.56104803;0.46490362
0.31700522;0.50993055
0.6678991;0.51764727
0.5;0.5873242
0.8995649;0.8678444
0.89543974;0.90065587
0.91763514;0.90551996
0.9282529;0.90563136
0.9372936;0.905642
0.90340513;0.90565515
0.91893667;0.9058262
0.9133249;0.90559757
0.88539195;0.9043668
0.905176;0.546136
0.7347923;0.70448714
0.7985308;0.52086747
0.6180882;0.61166745
0.5612466;0.5999562
0.6524086;0.70572686
0.8490074;0.87356454
0.86099094;0.8809041
0.8881161;0.88057643
0.9070901;0.87158453
0.9011667;0.8270122
0.8490074;0.8133086
0.8571729;0.81498873
0.83993566;0.83631825
0.8241974;0.78847814
0.7107159;0.62031317
0.791094;0.6544238
0.69735354;0.65195906
0.7457199;0.5547007
0.69749;0.40054253
0.5612466;0.34899053
0.3475914;0.35545528
0.47942612;0.37623718
0.2892841;0.40989584
0.63575315;0.38135436
0.4588201;0.38046163
0.3316398;0.32504955
0.25428006;0.304055
0.41916725;0.44137445
0.36424682;0.5395792
0.7457199;0.6371046
0.6682066;0.62227887
0.65257084;0.64828384
0.520779;0.5886017
0.5411799;0.5920805
0.7231378;0.65391433
0.5612466;0.65395963
0.6182671;0.61993945
0.34742916;0.4491338
0.5;0.40673992
0.22534478;0.3914985
0.7231378;0.5938812
0.3817329;0.4913527
0.6832848;0.50262135
0.5808328;0.52687985
0.5;0.57098037
0.4588201;0.54329973
0.47922096;0.5527122
0.6359239;0.48734683
0.23424914;0.33661076
0.3316398;0.24874708
0.22534478;0.2193523
0.31671518;0.24274886
0.2892841;0.23935112
0.13198721;0.19022171
0.10081338;0.13751449
0.1287214;0.11654152
0.1144038;0.09979438
0.09335549;0.08761578
0.07171624;0.08098712
0.06191146;0.078382574
0.05897011;0.077460036
0.05326803;0.07767403
0.0569442;0.0808505
0.0687662;0.089671925
0.08516628;0.094924614
0.08374964;0.09605435
0.11142169;0.11142975
0.10458172;0.24581745
0.34791616;0.36982545
0.289669;0.3615742
0.3819118;0.36435512
0.43895194;0.38998318
0.4590227;0.386195
0.4590227;0.37162265
0.31715038;0.3671561
0.43895194;0.3681513
0.289669;0.37129408
0.5;0.37489673
0.36441764;0.40390936
0.6179092;0.40285197
0.3820908;0.43760276
0.52057385;0.44864812
0.47942612;0.46597984
0.4590227;0.49349096
0.5806397;0.5321764
0.52057385;0.6245258
0.945552;0.89233714
0.9176217;0.90333986
0.90693635;0.90556914
0.88002163;0.9056965
0.90691924;0.90576583
0.9403082;0.9053421
0.8995451;0.9055734
0.8853664;0.9053981
0.8995252;0.90404963
0.90693635;0.5074379
0.16503406;0.6539351
0.65257084;0.62657833
0.7560623;0.75444293
0.8543297;0.74345386
0.8490074;0.81933117
0.47942612;0.773629
0.91736454;0.8966839
0.9070901;0.898877
0.8905083;0.8846127
0.9011667;0.8972872
0.86095405;0.8521673
0.8490074;0.8107117
0.8183583;0.7970365
0.7985308;0.7974015
0.7831769;0.7302156
0.6683602;0.46058702
0.3475914;0.4362571
0.65257084;0.47426465
0.43875343;0.44407293
0.5409773;0.37185058
0.5;0.34436435
0.3316398;0.3398156
0.30264643;0.44314167
0.5612466;0.39466703
0.16503406;0.40376756
0.52057385;0.44662872
0.2252577;0.31251135
0.41897425;0.4414827
0.31671518;0.51657474
0.52057385;0.59774923
0.41916725;0.5814211
0.63575315;0.55252844
0.6182671;0.53183347
0.30264643;0.5931026
0.9048734;0.74629474
0.7831769;0.713247
0.829762;0.6270594
0.40018657;0.57932615
0.6832848;0.6721088
0.21690483;0.5617787
0.5612466;0.56998724
0.5612466;0.5336676
0.5808328;0.48887578
0.6682066;0.24623473
0.1757459;0.21141721
0.18158162;0.35282046
0.21682312;0.42883432
0.59981346;0.4418974
0.520779;0.429368
0.5808328;0.50796646
0.24393769;0.32833475
0.234342;0.22055352
0.31671518;0.2566413
0.22534478;0.25130668
0.13198721;0.1973659
0.16011219;0.14478819
0.11700795;0.114267506
0.09290986;0.0989784
0.06689591;0.08608551
0.06040909;0.08043922
0.07072229;0.07940873
0.05695072;0.077328965
0.06191915;0.07760317
0.06602843;0.083500385
0.09302943;0.092128016
0.09659488;0.09559933
0.13132162;0.11660351
0.10739867;0.30184892
0.3820908;0.3761833
0.41916725;0.3689653
0.31700522;0.37722278
0.6829948;0.4010831
0.52057385;0.40175295
0.4590227;0.3856315
0.22560638;0.35389024
0.36441764;0.3714318
0.31700522;0.36834863
0.52057385;0.3647827
0.43875343;0.40014347
0.4590227;0.41932502
0.5806397;0.41695872
0.40018657;0.44460964
0.43895194;0.4784312
0.5;0.5203649
0.6522463;0.6786949
0.34775373;0.61797684
0.9261241;0.8856308
0.8878714;0.9030364
0.91896284;0.90540224
0.9272091;0.9056307
0.9410229;0.90560657
0.9312338;0.9056286
0.93026435;0.90579873
0.9015117;0.9055843
0.88002163;0.9035495
0.91622245;0.5274003
0.59999985;0.74341655
0.87219733;0.56415504
0.5808328;0.6665971
0.6683602;0.6014496
0.5;0.6419077
0.7347923;0.8245454
0.80552244;0.8391542
0.8744255;0.87288123
0.8862552;0.88080215
0.8774006;0.82280207
0.80552244;0.80022925
0.7347923;0.7816614
0.7347923;0.7652651
0.80552244;0.7708194
0.7457199;0.63536584
0.4588201;0.49421072
0.30264643;0.50603205
0.43875343;0.48793694
0.765658;0.5042848
0.5;0.3948798
0.5411799;0.4303109
0.25417432;0.33457392
0.6182671;0.42989424
0.5612466;0.5110416
0.20146917;0.41909218
0.6683602;0.5521979
0.40000018;0.36421818
0.7347923;0.38163307
0.33179343;0.44406697
0.7831769;0.6386651
0.5411799;0.5640282
0.7747423;0.6424846
0.6683602;0.65641063
0.52057385;0.66098714
0.81216526;0.6643279
0.5411799;0.5410192
0.791094;0.5705531
0.28941235;0.45990333
0.69735354;0.50673765
0.22534478;0.30379114
0.7746552;0.519225
0.59981346;0.46377638
0.5808328;0.538462
0.43895194;0.40136322
0.40000018;0.33900785
0.59981346;0.3802923
0.30264643;0.39442024
0.7105877;0.47082964
0.43875343;0.30339852
0.6524086;0.28936285
0.18783475;0.21887934
0.3475914;0.4142295
0.20146917;0.28984156
0.25417432;0.24767494
0.1287214;0.18337567
0.09337271;0.12066781
0.16503406;0.106564656
0.09696419;0.09414334
0.06600223;0.084492885
0.05693115;0.08095393
0.05693767;0.07945042
0.05443607;0.0773834
0.06515731;0.07731099
0.0576107;0.0796276
0.09657649;0.09026352
0.11389622;0.095827274
0.10243699;0.0996001
0.11647811;0.26564854
0.3819118;0.37910715
0.27722353;0.37063256
0.34791616;0.37863985
0.41936028;0.39196166
0.3321009;0.36529824
0.5806397;0.35824892
0.20921326;0.3760333
0.3819118;0.3938754
0.3819118;0.3948398
0.26554656;0.3844117
0.33194712;0.40674597
0.5806397;0.38752964
0.4590227;0.4206609
0.6179092;0.42708915
0.6179092;0.44209194
0.41936028;0.492253
0.6355824;0.5208462
0.59981346;0.67028755
0.9215086;0.8944723
0.8947926;0.904529
0.91185546;0.90562415
0.9052115;0.9055386
0.9443253;0.9056234
0.93124324;0.9055647
0.9282632;0.90577507
0.9189498;0.90568566
0.8989864;0.90438807
0.8861038;0.53737724
0.5612466;0.7486107
0.8752421;0.5993139
0.6182671;0.69288605
0.829762;0.6552544
0.36424682;0.6503273
0.74571997;0.8095087
0.7831769;0.8156861
0.8531954;0.8728665
0.8911374;0.8624624
0.8971284;0.84712005
0.8774006;0.82653177
0.83496594;0.82168245
0.8645873;0.8508499
0.791094;0.8221176
0.8241974;0.75075996
0.5808328;0.6312848
0.43875343;0.5798849
0.59981346;0.52072483
0.52057385;0.41472507
0.7986029;0.48910546
0.2652077;0.31689194
0.3475914;0.37705
0.20890602;0.45366904
0.43875343;0.40122706
0.21682312;0.45402235
0.5612466;0.43290156
0.5808328;0.47296908
0.5810258;0.42071468
0.41916722;0.4426737
0.2650949;0.5955303
0.6832848;0.63226163
0.43875343;0.62647116
0.7231378;0.65344745
0.6682066;0.6606202
0.8242541;0.6588033
0.5;0.52528596
0.6524086;0.5973266
0.6180882;0.6528649
0.8881161;0.7320342
0.7657509;0.66448677
0.6524086;0.6509981
0.7746552;0.6722736
0.69735354;0.5698676
0.6683602;0.5827155
0.52057385;0.48126775
0.5808328;0.40666515
0.3475914;0.3312902
0.4590227;0.2722074
0.10717335;0.2171378
0.23424914;0.25341922
0.20890602;0.20579642
0.22534478;0.18838695
0.27686223;0.20500448
0.18164171;0.18610038
0.16011219;0.16482663
0.24403681;0.18053032
0.25417432;0.18067762
0.2252577;0.17774756
0.16011219;0.14805543
0.11700795;0.11508
0.10285081;0.100070454
0.09289281;0.09125138
0.06114365;0.08240264
0.05897011;0.078874595
0.06691385;0.07772974
0.06689591;0.077954076
0.07609776;0.08350982
0.06431685;0.09213866
0.12196281;0.0973552
0.08374964;0.09789211
0.1090715;0.17009673
0.135694;0.35671496
0.30291954;0.36734685
0.4588201;0.3579396
0.36441764;0.367177
0.34775373;0.3792768
0.34775373;0.38922837
0.4590227;0.3680569
0.31700522;0.36778235
0.5808328;0.36536023
0.5;0.381066
0.3819118;0.40715417
0.6829948;0.40265894
0.3820908;0.44963947
0.56104803;0.4695906
0.400373;0.5088662
0.89322996;0.8302761
0.89322996;0.89717263
0.92614585;0.90259385
0.9215086;0.90521586
0.92502934;0.90567625
0.9339628;0.90544105
0.9239022;0.9055409
0.91025704;0.9055371
0.8827788;0.9052989
0.91025704;0.6927595
0.8183583;0.62738615
0.8055902;0.6039408
0.7347923;0.6857385
0.8183583;0.7503292
0.8183583;0.83613604
0.81216526;0.8795851
0.6683602;0.80549127
0.9048734;0.8794253
0.8862804;0.8181996
0.9387058;0.8171608
0.9066445;0.80257016
0.8490074;0.81944907
0.63575315;0.67576796
0.4588201;0.6370266
0.63575315;0.63587874
0.69749;0.6764842
0.88024455;0.72383255
0.8183583;0.39730763
0.73490506;0.2788697
0.13195379;0.1672121
0.16503406;0.27472115
0.21682312;0.33652207
0.5612466;0.4610494
0.6832848;0.4715457
0.3817329;0.32205966
0.21682312;0.20060395
0.19447757;0.3087164
0.14278835;0.44689697
0.6180882;0.56693465
0.65257084;0.62998813
0.7985308;0.7459552
0.6832848;0.57550603
0.7747423;0.61801434
0.40018657;0.63865876
0.7231378;0.6715698
0.7985308;0.7473245
0.43875343;0.511036
0.7560623;0.53837955
0.5411799;0.46530956
0.5612466;0.42133752
0.30264643;0.37906098
0.7231378;0.42161155
0.40000018;0.33026022
0.6524086;0.45410433
0.7347923;0.546122
0.25428006;0.33981624
0.4588201;0.40499493
0.234342;0.34424856
0.234342;0.26503214
0.2650949;0.21801199
0.1757459;0.18407796
0.27686223;0.1924634
0.16011219;0.15885419
0.16011219;0.14386298
0.09337271;0.1142557
0.16006432;0.12880151
0.21690483;0.15246718
0.24393769;0.17936806
0.20890602;0.1635489
0.11190832;0.11986302
0.13198721;0.12547201
0.10719584;0.10563238
0.07383234;0.08931026
0.06432515;0.08314607
0.09473532;0.08268279
0.07850369;0.080955
0.07384323;0.086058766
0.06602843;0.092465565
0.08513749;0.09687025
0.12196281;0.103292994
0.12202042;0.13408208
0.10043506;0.21508633
0.30291954;0.373858
0.6355824;0.35713443
0.21723223;0.33183217
0.5409773;0.40749842
0.4590227;0.4245421
0.5;0.3933289
0.3820908;0.3945489
0.52057385;0.38301325
0.63541144;0.36200103
0.5808328;0.36745915
0.6829948;0.38263416
0.31700522;0.43968436
0.7743063;0.4976322
0.40018657;0.49338245
0.91763514;0.7632346
0.9015308;0.89565
0.8750012;0.90356296
0.82944036;0.9050068
0.9070048;0.90541416
0.93217707;0.90497506
0.93569976;0.9051773
0.9292677;0.9054006
0.8835746;0.905168
0.9148337;0.53860706
0.4588201;0.7057767
0.829762;0.63288844
0.85721165;0.79709387
0.87216586;0.75894266
0.7746552;0.7781875
0.8445478;0.8896111
0.6682066;0.8042224
0.8881161;0.8501236
0.8971284;0.87006074
0.9066273;0.848411
0.8928267;0.79977965
0.8571729;0.8080811
0.8802723;0.7916483
0.7458257;0.7137211
0.6683602;0.676704
0.28941235;0.5482321
0.43875343;0.50481963
0.27686223;0.4284736
0.31671518;0.3438196
0.25428006;0.25397208
0.791094;0.3119478
0.40018657;0.2691836
0.234342;0.40106624
0.80552244;0.6699953
0.30251;0.5287513
0.5;0.5560563
0.27686223;0.56568825
0.6180882;0.52267283
0.3819118;0.48183608
0.6832848;0.4598855
0.18158162;0.34766972
0.3316398;0.47873744
0.6180882;0.4670809
0.5810258;0.52644587
0.8242541;0.70874727
0.5808328;0.6363144
0.7986029;0.57583505
0.520779;0.59784466
0.8398878;0.63194764
0.43875343;0.5278561
0.8242541;0.6965476
0.7347923;0.6102048
0.47942612;0.19748574
0.30251;0.32337275
0.3475914;0.4222853
0.59981346;0.38930216
0.2892841;0.34203562
0.5808328;0.3603159
0.16011219;0.23914331
0.30251;0.30910826
0.10081338;0.18245074
0.1816417;0.17765704
0.17580259;0.16447833
0.16011219;0.13686927
0.11437832;0.108949706
0.09337271;0.094874844
0.12259944;0.09437698
0.07486985;0.084509335
0.07492584;0.08474635
0.05827915;0.08065702
0.06781375;0.079900905
0.05967745;0.081150964
0.06115867;0.084962666
0.06431685;0.09252663
0.08972699;0.095816635
0.08107639;0.097016126
0.1024576;0.1491177
0.135694;0.32846254
0.26554656;0.36616862
0.40018657;0.36114213
0.30291954;0.36825585
0.520779;0.37745297
0.5806397;0.3865646
0.41936028;0.38078806
0.3321009;0.37588447
0.6828496;0.35990307
0.3819118;0.3818205
0.40018657;0.3980638
0.43875343;0.41288355
0.5409773;0.40673062
0.52057385;0.4217067
0.31700522;0.45861065
0.8180573;0.46434453
0.8878714;0.8419438
0.8902735;0.84130263
0.8834955;0.8908484
0.9583949;0.9051807
0.9292777;0.905556
0.9348427;0.9054881
0.91763514;0.9055963
0.93730146;0.90535253
0.9532685;0.8956266
0.91490567;0.5713253
0.8257725;0.6882215
0.7586171;0.63985515
0.83993566;0.73938954
0.11190832;0.47500333
0.4590227;0.69802344
0.27686223;0.6656089
0.69735354;0.7781068
0.5409773;0.6328159
0.20146917;0.17183597
0.41916725;0.44516766
0.7347923;0.7449757
0.85721165;0.84426695
0.6524086;0.74387306
0.82970846;0.79042834
0.86099094;0.85861355
0.8445478;0.7972932
0.59999985;0.71605605
0.7107159;0.6962015
0.47942612;0.60344994
0.59981346;0.36673096
0.5612466;0.40060344
0.36424682;0.38247812
0.59999985;0.5293424
0.30264643;0.32900345
0.15540685;0.29019365
0.2652077;0.42365265
0.7347923;0.5298574
0.2652077;0.5537024
0.56104803;0.5455534
0.47942612;0.4377318
0.4590227;0.54637325
0.6683602;0.6153249
0.7559632;0.73171186
0.5808328;0.68752646
0.829762;0.71626633
0.7347923;0.63152725
0.5411799;0.64912874
0.8241974;0.6784358
0.791094;0.75565773
0.765658;0.6195808
0.7457199;0.52750915
0.7457199;0.59449506
0.47942612;0.6220096
0.63575315;0.5669636
0.47942612;0.52413213
0.6182671;0.39129624
0.43875343;0.3480982
0.41916725;0.30370352
0.234342;0.24222606
0.22534478;0.22169766
0.41916722;0.2566068
0.20146917;0.23764741
0.28941235;0.26381385
0.234342;0.21436222
0.27686223;0.1970107
0.17580259;0.17062925
0.2892841;0.20716617
0.16006432;0.17112163
0.22534478;0.15982474
0.16503406;0.1338075
0.10081338;0.10789293
0.07724667;0.0930698
0.06430026;0.08350563
0.06431685;0.07990254
0.05967745;0.077341005
0.06602843;0.076847255
0.06431685;0.07884384
0.07278034;0.08636083
0.07279092;0.09462867
0.10900177;0.09888028
0.11920169;0.13177107
0.27722353;0.36584222
0.3820908;0.35437566
0.33194712;0.36011338
0.59981346;0.37640372
0.3321009;0.37279913
0.41936028;0.3958684
0.31715038;0.37765774
0.6355824;0.3592567
0.289669;0.3887728
0.41916722;0.4062744
0.56104803;0.39824784
0.40018657;0.42173022
0.31700522;0.44502857
0.31700522;0.4598626
0.7227765;0.47138777
0.5;0.48981678
0.56104803;0.5094478
0.40018657;0.5371646
0.9202366;0.8644633
0.88002163;0.9020904
0.9052292;0.90553784
0.9272197;0.90575176
0.94170034;0.90573543
0.93482566;0.90528345
0.9202493;0.90564495
0.9118401;0.90548503
0.8995451;0.90300924
0.9086343;0.5105927
0.6182671;0.74033797
0.85020214;0.5925176
0.7747423;0.7572656
0.6682066;0.6333338
0.40018657;0.6694583
0.6524086;0.7910942
0.81216526;0.82942057
0.82970846;0.8392305
0.8645873;0.85311604
0.8744255;0.8276911
0.8680128;0.80253893
0.80552244;0.7983937
0.7347923;0.78480643
0.7831769;0.7835076
0.82970846;0.7696053
0.7458257;0.60614973
0.69735354;0.64651304
0.8242541;0.7071958
0.765658;0.52693474
0.65257084;0.3876905
0.3475914;0.36295554
0.5810258;0.4280251
0.41916725;0.43499914
0.5411799;0.39230216
0.43875343;0.4240385
0.59981346;0.34086445
0.2652077;0.29867256
0.19440979;0.3432171
0.4588201;0.5056944
0.5808328;0.54690576
0.4588201;0.57612264
0.41897425;0.5637298
0.52057385;0.576372
0.36407608;0.569594
0.6683602;0.58067346
0.3475914;0.5879578
0.69735354;0.5966114
0.83496594;0.5760375
0.36424682;0.3238921
0.18164171;0.42424476
0.41916722;0.61558026
0.3475914;0.54512024
0.47942612;0.49907377
0.5612466;0.4703754
0.36424682;0.358123
0.2652077;0.19316694
0.3475914;0.2507417
0.24403681;0.33574885
0.4590227;0.4867042
0.6832848;0.52477175
0.41916722;0.47806358
0.6182671;0.4581122
0.3817329;0.39218894
0.27686223;0.36175132
0.16011219;0.24502634
0.15540685;0.17060274
0.13541272;0.12338886
0.10496922;0.1014309
0.07606312;0.08753094
0.06430026;0.080908544
0.06781375;0.07808894
0.05503931;0.07789593
0.0589771;0.081153646
0.06432515;0.08985775
0.09299524;0.091420785
0.10043506;0.095139585
0.11911904;0.09778255
0.10456028;0.22531806
0.25459772;0.36703095
0.33194712;0.37048677
0.31700522;0.37191993
0.4590227;0.38318375
0.4590227;0.3855214
0.52057385;0.37424967
0.2256937;0.35477838
0.5808328;0.3619262
0.30291954;0.3772262
0.5411799;0.38941145
0.47942612;0.41057372
0.4590227;0.42444324
0.41936028;0.44608593
0.4590227;0.45663992
0.6970805;0.46593207
0.41916722;0.50604475
0.56104803;0.5190881
0.4588201;0.5607186
0.91763514;0.88667005
0.86430603;0.9029444
0.9148337;0.90571225
0.93308616;0.90579236
0.93482566;0.90575784
0.93307716;0.9055043
0.9282735;0.90571374
0.91625035;0.9056091
0.8902735;0.90394366
0.8807983;0.5187607
0.4588201;0.74338436
0.86894286;0.60851616
0.63575315;0.7017679
0.5612466;0.60027087
0.7105877;0.6453423
0.829762;0.81217724
0.7107159;0.8172653
0.83993566;0.84164226
0.8911606;0.88243324
0.8950308;0.8156679
0.85721165;0.79201746
0.8531954;0.80611354
0.882992;0.8362819
0.7559632;0.77084154
0.5810258;0.64636135
0.47922096;0.61500895
0.69735354;0.6435465
0.7347923;0.67761785
0.5612466;0.37488934
0.69735354;0.34429458
0.5808328;0.30045545
0.20890602;0.2590827
0.18783475;0.44006154
0.6832848;0.55274373
0.41897425;0.5007018
0.47942612;0.39172286
0.24393769;0.35413966
0.3316398;0.46530375
0.47922096;0.5178605
0.52057385;0.57863474
0.5808328;0.6323361
0.7986029;0.71718544
0.6832848;0.60043615
0.40018657;0.5592836
0.8055902;0.64385194
0.63575315;0.65350133
0.7831769;0.65667504
0.6524086;0.63947594
0.7231378;0.5776108
0.47942612;0.5789581
0.47942612;0.5802806
0.2892841;0.5310836
0.43875343;0.46358776
0.5612466;0.32170308
0.31671518;0.27884233
0.234342;0.22576883
0.2652077;0.22614227
0.520779;0.26547563
0.2652077;0.26511878
0.5;0.355361
0.3316398;0.33416426
0.43875343;0.3100803
0.234342;0.26157275
0.25417432;0.24571048
0.11188389;0.17193206
0.14278835;0.12780851
0.12868951;0.10532279
0.09003088;0.091051534
0.07723477;0.08331288
0.05758401;0.078536294
0.06114365;0.07772446
0.05827232;0.07783688
0.06602843;0.07908057
0.05897011;0.08585598
0.10043506;0.09383529
0.1024576;0.09612224
0.10041522;0.10548174
0.1024576;0.2779248
0.4590227;0.37121794
0.2256937;0.35057047
0.25459772;0.37160817
0.47942612;0.40946186
0.3820908;0.3768438
0.41936028;0.37310836
0.31700522;0.38184726
0.40018657;0.38055903
0.3030562;0.3754805
0.4590227;0.3804804
0.23462094;0.4065074
0.56104803;0.40287113
0.5409773;0.4059185
0.27722353;0.4329815
0.6829948;0.41772082
0.26554656;0.46963304
0.59962696;0.47163042
0.34791616;0.5103059
0.90093535;0.826316
0.91335464;0.896355
0.9162643;0.90517414
0.92387915;0.9056575
0.9321586;0.9055877
0.93957627;0.9050459
0.91625035;0.9055099
0.928222;0.90519965
0.8885541;0.90332913
0.91622245;0.5152734
0.8363716;0.6664462
0.7985308;0.534648
0.63575315;0.6038438
0.6683602;0.6497796
0.6832848;0.7493756
0.7831769;0.86101824
0.83993566;0.8669638
0.86099094;0.87195677
0.8991866;0.8430559
0.9030358;0.80749804
0.8645873;0.81201714
0.8055902;0.79797035
0.86099094;0.8227562
0.8713105;0.8185542
0.765658;0.6833535
0.6524086;0.66123927
0.5808328;0.61937845
0.6832848;0.4729027
0.5;0.3345771
0.5;0.33522195
0.30264643;0.35920462
0.2652077;0.308893
0.21682312;0.3194715
0.2252577;0.3161878
0.25428006;0.34152868
0.43875343;0.3353885
0.31671518;0.3140755
0.5808328;0.42948171
0.36424682;0.5407054
0.6182671;0.62508786
0.6524086;0.63586915
0.74571997;0.71974564
0.7746552;0.7155508
0.69749;0.69278604
0.765658;0.7004877
0.59999985;0.6249422
0.63575315;0.6009595
0.3819118;0.61941946
0.6683602;0.5564122
0.6182671;0.5195504
0.63575315;0.45953733
0.6683602;0.51380086
0.5612466;0.52514875
0.24393769;0.41764638
0.52057385;0.39596182
0.19440979;0.2936898
0.43875343;0.3251707
0.52057385;0.30534118
0.36424682;0.27262855
0.2892841;0.22581998
0.18783475;0.19982201
0.36424682;0.27243614
0.19447757;0.24480985
0.3817329;0.29039308
0.12259944;0.2057854
0.11972766;0.12195962
0.12259944;0.103674114
0.09885254;0.091759704
0.06873781;0.08270592
0.05564971;0.07854838
0.06601969;0.07764783
0.04903928;0.07691644
0.05828598;0.07711114
0.06349752;0.082402095
0.08103717;0.0939741
0.10460318;0.09632369
0.109025;0.101266146
0.11142169;0.23408061
0.3820908;0.37026438
0.2256937;0.35426065
0.18194273;0.36178926
0.5409773;0.39053878
0.36441764;0.3692149
0.41936028;0.3823049
0.36458853;0.37656882
0.47942612;0.3688831
0.26554656;0.37492427
0.52057385;0.380362
0.33194712;0.4174576
0.59962696;0.41203615
0.7556654;0.42421418
0.47942612;0.4639296
0.6522463;0.48581916
0.5;0.53716546
0.7743063;0.73189014
0.9372936;0.8995898
0.90691924;0.9045817
0.8861038;0.9055696
0.9015117;0.90568095
0.89322996;0.9055646
0.92502934;0.90530497
0.93308616;0.90547264
0.9202366;0.9054399
0.8975218;0.89188117
0.8443207;0.55494463
0.2650949;0.6563305
0.7347923;0.6411859
0.8445478;0.80736744
0.7457199;0.6474319
0.8531954;0.8031308
0.6683602;0.77188665
0.8398878;0.8809558
0.8490074;0.8528833
0.8881161;0.8527509
0.9104004;0.86735964
0.8055902;0.808821
0.9083361;0.8296136
0.84459317;0.7895815
0.9066445;0.80431324
0.8055902;0.7579591
0.84459317;0.6623667
0.43875343;0.5725784
0.7747423;0.5764889
0.83496594;0.7760615
0.7347923;0.32656074
0.7458257;0.31630486
0.3817329;0.27399087
0.22534478;0.389248
0.41897425;0.41395158
0.6180882;0.414625
0.30251;0.40779918
0.4590227;0.28398225
0.4588201;0.37124297
0.30251;0.31482965
0.36424682;0.40412882
0.791094;0.55310744
0.8645873;0.7501367
0.8490074;0.72400904
0.27698258;0.4291772
0.43875343;0.6654241
0.765658;0.6753828
0.6683602;0.63730276
0.43875343;0.5891361
0.69749;0.6433481
0.6683602;0.2587683
0.24393769;0.22171733
0.10499083;0.23111379
0.25417432;0.45460576
0.34742916;0.4376466
0.6832848;0.49593395
0.3475914;0.4133579
0.43875343;0.49106112
0.3316398;0.3413321
0.52057385;0.3152234
0.24393769;0.3302526
0.4588201;0.38547626
0.5409773;0.36550733
0.4588201;0.29296464
0.6832848;0.34221736
0.22534478;0.29115364
0.25428006;0.30954626
0.15540685;0.18572478
0.33179343;0.21426985
0.18783475;0.17942938
0.18164171;0.13561052
0.13900906;0.103946224
0.10719584;0.09074308
0.09337271;0.09215573
0.05966314;0.08430923
0.05896312;0.085457094
0.06779534;0.08026663
0.08099798;0.07753307
0.07170596;0.07857173
0.06430026;0.08557689
0.08658581;0.09448722
0.09299524;0.09661428
0.09659488;0.10659844
0.12802331;0.28388754
0.24423525;0.36905688
0.5409773;0.34689867
0.3321009;0.35688123
0.3820908;0.38352644
0.25449178;0.37622693
0.41916722;0.38090637
0.31715038;0.37079677
0.36458853;0.38809642
0.66805285;0.36771977
0.289669;0.4056616
0.59981346;0.40757746
0.4590227;0.4559841
0.43875343;0.49315974
0.56104803;0.5526416
0.9545675;0.8904297
0.8954826;0.90301603
0.9015308;0.90503734
0.890975;0.90561086
0.9292977;0.9056222
0.94031537;0.90526354
0.92614585;0.9054989
0.92828375;0.90544957
0.8835219;0.9051708
0.9227414;0.62078756
0.11190832;0.5010082
0.8241974;0.77434266
0.82970846;0.84449077
0.8645873;0.7485424
0.5411799;0.70974493
0.59999985;0.7793434
0.8881161;0.86922175
0.88024455;0.9005974
0.9338051;0.90445405
0.8490074;0.8694521
0.8971284;0.82095045
0.8713105;0.8574199
0.8928267;0.86887
0.8744255;0.8810646
0.81216526;0.8472522
0.5808328;0.6206962
0.27686223;0.56479275
0.63575315;0.58669466
0.43875343;0.50215954
0.43875343;0.31157804
0.31671518;0.2735861
0.15540685;0.2650873
0.11700795;0.40543538
0.11972766;0.3097673
0.1757459;0.31051084
0.765658;0.5692777
0.30251;0.3337849
0.59999985;0.4883814
0.3817329;0.6057127
0.5612466;0.60845417
0.4590227;0.6092608
0.6182671;0.62269866
0.7559632;0.6775896
0.84459317;0.6776045
0.829762;0.41448283
0.30264643;0.27876538
0.83501655;0.6049493
0.31671518;0.30353996
0.6524086;0.5703702
0.41916722;0.56747377
0.4588201;0.53605556
0.59999985;0.26859102
0.47942612;0.25556675
0.40018657;0.37926027
0.33179343;0.35021508
0.5409773;0.3584144
0.19440979;0.28704017
0.31671518;0.3093093
0.20146917;0.24230199
0.5612466;0.29006985
0.5;0.27808985
0.5808328;0.34388718
0.63575315;0.48519185
0.27686223;0.4227129
0.31671518;0.42347807
0.17580259;0.24742189
0.18783475;0.18330362
0.16006432;0.13241228
0.14680456;0.102257535
0.10285081;0.09049993
0.09694566;0.085488044
0.09003088;0.087599345
0.05268565;0.085379295
0.05895613;0.089620404
0.06688694;0.08817152
0.07172652;0.08753994
0.07727047;0.09049899
0.06875674;0.09256581
0.09653972;0.096454024
0.08516628;0.10231792
0.10043506;0.1657506
0.10674774;0.27778852
0.23471406;0.3642091
0.33194712;0.36086705
0.23471406;0.36093754
0.52057385;0.36458358
0.3819118;0.3652114
0.47942612;0.36781266
0.4590227;0.36693478
0.6829948;0.35917
0.5612466;0.3816464
0.4590227;0.40578505
0.73445344;0.38595876
0.52057385;0.41459757
0.56104803;0.44158596
0.5409773;0.4694764
0.9282735;0.80695385
0.8687115;0.87365234
0.9103049;0.8796833
0.9215209;0.9014319
0.9312338;0.9054261
0.92271763;0.9054444
0.90698767;0.9056144
0.9148337;0.90554243
0.8995649;0.90526325
0.8835219;0.6944907
0.5;0.64162284
0.8744255;0.67655313
0.63575315;0.6975631
0.6832848;0.6249801
0.4590227;0.6480983
0.7457199;0.82554394
0.8531954;0.86598396
0.91156197;0.88994855
0.8905083;0.8940795
0.9224907;0.8818951
0.9083195;0.8415377
0.8713105;0.83900476
0.8802723;0.8739373
0.83496594;0.8876432
0.8645873;0.75405204
0.86099094;0.65968585
0.5411799;0.62849563
0.31671518;0.5172691
0.765658;0.5698193
0.7347923;0.42782006
0.16011219;0.23867667
0.24393769;0.30255082
0.234342;0.37025583
0.41916722;0.41189533
0.234342;0.42205307
0.3475914;0.37880558
0.5411799;0.44779736
0.4588201;0.25229675
0.36424682;0.3696081
0.7107159;0.6053035
0.8398878;0.7209625
0.5808328;0.75327396
0.5808328;0.7306465
0.5612466;0.69521713
0.69735354;0.66993535
0.2892841;0.641879
0.63575315;0.61286074
0.43875343;0.44159266
0.36424682;0.23101227
0.12557454;0.2507133
0.1509926;0.34200877
0.52057385;0.45346975
0.5;0.33651653
0.4590227;0.43435496
0.4588201;0.46612352
0.3817329;0.37788248
0.234342;0.28271264
0.5;0.29130462
0.2892841;0.31451136
0.43875343;0.2955459
0.20890602;0.22471955
0.234342;0.19246635
0.17580259;0.17620115
0.20890602;0.17825988
0.11190832;0.12661003
0.14282711;0.10996255
0.12554412;0.09995978
0.09512665;0.089784965
0.07724667;0.08346281
0.05326231;0.07977906
0.06603717;0.07991326
0.05827915;0.08035241
0.07172652;0.08430595
0.05504541;0.089779384
0.0913492;0.09509054
0.09657649;0.096810706
0.10043506;0.10687324
0.10904825;0.2501056
0.34775373;0.3703691
0.27722353;0.36131707
0.41936028;0.36530876
0.3819118;0.38349858
0.26554656;0.36749914
0.5;0.37019855
0.289669;0.3662406
0.34775373;0.38010255
0.4590227;0.3824136
0.31700522;0.3911994
0.36458853;0.4120494
0.5806397;0.4031415
0.4590227;0.43456298
0.4590227;0.45638868
0.80518293;0.49033248
0.8932076;0.86349255
0.8878714;0.8743668
0.8954183;0.9008751
0.93650246;0.9053662
0.9176082;0.90546817
0.93808085;0.90538
0.9403082;0.9054227
0.9483884;0.90525687
0.93807316;0.9013305
0.9148769;0.5407625
0.7831769;0.6352503
0.56104803;0.59125805
0.41397813;0.5849634
0.36407608;0.64889646
0.80552244;0.8093701
0.27686223;0.59395736
0.3817329;0.31689727
0.2892841;0.13360257
0.6683602;0.61795926
0.7560623;0.72859335
0.8183583;0.85072154
0.9134885;0.8944779
0.89340824;0.90198284
0.829762;0.8496709
0.829762;0.8083655
0.84459317;0.84049475
0.791094;0.887701
0.7560623;0.5783423
0.6683602;0.5192442
0.6524086;0.57627434
0.7231378;0.64599997
0.43875343;0.3500505
0.59999985;0.3930496
0.40018657;0.34505004
0.2652077;0.40489528
0.22534478;0.4519931
0.63575315;0.5345314
0.3475914;0.4346071
0.59981346;0.5328286
0.25417432;0.28581858
0.47942612;0.57414544
0.31671518;0.61336124
0.7347923;0.6914632
0.59981346;0.6624405
0.5808328;0.6697426
0.7347923;0.6673112
0.3475914;0.52146065
0.7105877;0.6208146
0.52057385;0.63588625
0.7831769;0.65892684
0.6832848;0.54662526
0.765658;0.4351174
0.5612466;0.4857346
0.6182671;0.65070933
0.7231378;0.65013945
0.52057385;0.5782872
0.7347923;0.55312467
0.65257084;0.47893375
0.41916722;0.34864545
0.31671518;0.25061455
0.234342;0.24462278
0.20890602;0.25062698
0.27686223;0.26378953
0.30264643;0.24661572
0.40000018;0.23115332
0.28941235;0.21073414
0.2652077;0.22345936
0.11700795;0.17543834
0.13900906;0.14971264
0.12868951;0.1228631
0.11972766;0.10086729
0.07971276;0.08698188
0.05759068;0.08148063
0.05759735;0.0781639
0.0544301;0.07722701
0.06191146;0.078291334
0.05503931;0.08456698
0.08236484;0.09264404
0.08814453;0.09553486
0.10456028;0.096762866
0.09304654;0.114027955
0.40018657;0.36937946
0.31700522;0.35864997
0.289669;0.37453726
0.31700522;0.40123975
0.40018657;0.39673123
0.5411799;0.3675063
0.26554656;0.38244355
0.27722353;0.3746139
0.43895194;0.37183067
0.47942612;0.3781999
0.33194712;0.41616845
0.6522463;0.41122487
0.6970805;0.4384548
0.400373;0.47165743
0.5409773;0.494995
0.56104803;0.5366578
0.63541144;0.63854754
0.6520838;0.76948357
0.926135;0.90036446
0.92502934;0.90511984
0.89543974;0.9049907
0.8808259;0.90524936
0.92928773;0.9056643
0.93481714;0.90547544
0.92614585;0.9056273
0.8861038;0.90559465
0.8878714;0.9030617
0.890975;0.52268004
0.43895194;0.7291707
0.7347923;0.5763622
0.765658;0.70811945
0.84459317;0.723608
0.59981346;0.7125514
0.7831769;0.85483843
0.765658;0.81999236
0.86462235;0.8686988
0.92036307;0.8805845
0.8774006;0.86094624
0.882992;0.84979105
0.8531954;0.8203293
0.882992;0.8270261
0.7230174;0.7444982
0.7831769;0.73444474
0.47942612;0.5636246
0.7107159;0.5373846
0.791094;0.64160043
0.40000018;0.3700197
0.7746552;0.40615425
0.5;0.28695887
0.2652077;0.30755442
0.20146917;0.47288564
0.6683602;0.55957836
0.2252577;0.4759752
0.7457199;0.35532603
0.5;0.4237942
0.40000018;0.495798
0.40018657;0.54640734
0.40018657;0.5897378
0.43875343;0.5867412
0.63575315;0.57062095
0.8531954;0.7015686
0.47942612;0.44115514
0.8055902;0.604593
0.40018657;0.45240507
0.56104803;0.5476834
0.43875343;0.6101137
0.7347923;0.56735027
0.5;0.556979
0.40000018;0.43685937
0.41916725;0.31764674
0.22534478;0.27243286
0.52057385;0.37175426
0.41916725;0.35711458
0.2892841;0.34899738
0.27698258;0.2635119
0.36424682;0.23785762
0.20890602;0.22203219
0.5;0.2660928
0.36424682;0.2880399
0.31671518;0.22154383
0.41916722;0.23966925
0.36424682;0.25178394
0.13195379;0.19767058
0.30264643;0.25719562
0.13195379;0.17916846
0.16503406;0.123468176
0.08097188;0.097178996
0.06598477;0.085808404
0.06600223;0.080144994
0.06873781;0.078032404
0.05895613;0.07812844
0.06189607;0.081436776
0.09301233;0.089149415
0.08099798;0.09428474
0.14194056;0.09965804
0.10239578;0.110241406
0.41936028;0.37480864
0.289669;0.3562213
0.289669;0.38210052
0.40018657;0.4128024
0.43895194;0.38771132
0.4590227;0.3744186
0.36458853;0.38976184
0.5612466;0.37873903
0.23462094;0.39121133
0.47942612;0.40163058
0.22560638;0.4245128
0.5;0.42863363
0.6678991;0.4297488
0.36458853;0.46737787
0.5806397;0.47869653
0.41936028;0.5188544
0.5;0.53590405
0.59962696;0.6386609
0.9484045;0.89741206
0.9087003;0.9047883
0.91185546;0.9057507
0.89099824;0.90581834
0.9176756;0.90575653
0.92271763;0.90537167
0.9293077;0.9055827
0.89325225;0.90541184
0.8995649;0.9022595
0.87809473;0.5120587
0.15540685;0.65722495
0.765658;0.67996174
0.765658;0.7819919
0.8774296;0.7333165
0.63575315;0.71096975
0.8680128;0.89302284
0.7347923;0.827218
0.91736454;0.87556505
0.9048734;0.897774
0.8645873;0.8096298
0.8645873;0.81259704
0.765658;0.75028485
0.8055902;0.76588404
0.5808328;0.58456916
0.80552244;0.61383057
0.5;0.51477706
0.63575315;0.5562094
0.3819118;0.44096136
0.5612466;0.40709898
0.5808328;0.3782843
0.7458257;0.51568913
0.43875343;0.405124
0.52057385;0.53858125
0.5;0.43031624
0.31671518;0.47282156
0.5411799;0.40042418
0.41916725;0.5462043
0.4588201;0.4145711
0.4588201;0.45241404
0.7458257;0.54044193
0.47922096;0.53960675
0.791094;0.649056
0.7347923;0.67090887
0.81216526;0.6753396
0.83993566;0.70808226
0.7231378;0.70746773
0.8183583;0.7112708
0.7347923;0.6988574
0.7231378;0.53252125
0.5411799;0.61550754
0.40018657;0.58571386
0.5;0.42596728
0.59999985;0.3386025
0.1757459;0.2636558
0.24393769;0.2762725
0.2892841;0.27240285
0.14278835;0.19273065
0.18164171;0.17719166
0.17023799;0.16019797
0.16498348;0.1439959
0.15540685;0.12188973
0.1757459;0.122582845
0.23424914;0.17518415
0.43875343;0.3825697
0.1509926;0.2729172
0.11700795;0.13770358
0.16503406;0.11747999
0.13900906;0.10810633
0.13198721;0.10008644
0.12259944;0.090067826
0.16011219;0.09104721
0.09885254;0.08866665
0.08545523;0.096216545
0.06113614;0.10462578
0.08809836;0.12540998
0.09299524;0.10166837
0.11909152;0.10050119
0.11642537;0.10242626
0.12799175;0.11211414
0.10456028;0.1253232
0.10243699;0.20129682
0.15906519;0.350384
0.10247823;0.2683903
0.43895194;0.38718438
0.18815419;0.30842182
0.41936028;0.36118838
0.16533813;0.28224447
0.36441764;0.3416376
0.22560638;0.3207414
0.5;0.34642562
0.63541144;0.34762484
0.40018657;0.4063608
0.6970805;0.4089575
0.5409773;0.45262012
0.6970805;0.51045275
0.52057385;0.5840474
0.9580384;0.8812755
0.88862675;0.90320563
0.9148337;0.9048015
0.9015308;0.9055064
0.9365267;0.9055241
0.9348512;0.90531754
0.9282735;0.9054344
0.8975836;0.9054661
0.8861038;0.9049768
0.8975836;0.5986371
0.11700795;0.530237
0.8531954;0.81644386
0.80552244;0.8330675
0.829762;0.7177777
0.31671518;0.64623237
0.6832848;0.8622791
0.8183583;0.87521505
0.8713105;0.89929324
0.9011667;0.9041501
0.8645873;0.8183015
0.8713105;0.83411545
0.765658;0.779549
0.81216526;0.8248623
0.765658;0.7662611
0.7457199;0.6468745
0.33179343;0.5198576
0.6182671;0.5509873
0.63575315;0.5224474
0.6182671;0.34739506
0.6683602;0.30953938
0.31671518;0.28538463
0.36424682;0.40583235
0.25428006;0.4906104
0.59981346;0.3954726
0.5612466;0.48450452
0.765658;0.3546237
0.19447757;0.26733845
0.63575315;0.49838775
0.63575315;0.6329795
0.83496594;0.7174031
0.8055902;0.75609905
0.7231378;0.67241746
0.7830952;0.66941184
0.7231378;0.694052
0.86099094;0.7084571
0.7985308;0.74539393
0.8744255;0.69320405
0.63575315;0.48826438
0.5409773;0.34810752
0.34742916;0.42853162
0.34742916;0.48450014
0.59981346;0.41813266
0.7560623;0.50668395
0.3817329;0.24670632
0.2892841;0.22042125
0.22534478;0.25611326
0.2013971;0.22819321
0.59999985;0.32303047
0.27686223;0.32537422
0.41916725;0.3295251
0.25428006;0.20960203
0.25428006;0.18330905
0.20146917;0.2233571
0.27698258;0.2912847
0.07999207;0.14052944
0.08843806;0.0906569
0.11975547;0.08976674
0.07872533;0.08284204
0.10951514;0.08412365
0.0763295;0.08165352
0.09883331;0.086627066
0.09166388;0.095896535
0.08093276;0.100549586
0.07602851;0.09722534
0.10670312;0.09996205
0.11139747;0.10329374
0.10670313;0.15809886
0.09845011;0.23821585
0.11911904;0.27556536
0.11387096;0.27386484
0.10458172;0.25747666
0.13128851;0.25621927
0.10970297;0.1511099
0.15125091;0.16998282
0.3820908;0.36623135
0.5;0.3606802
0.22560638;0.3382376
0.59981346;0.3765436
0.289669;0.35880134
0.41936028;0.3773939
0.4588201;0.3810484
0.56104803;0.36829925
0.6680529;0.36685842
0.5411799;0.40060294
0.3819118;0.43966115
0.400373;0.47875008
0.9282529;0.8597319
0.8617609;0.8978594
0.9086508;0.9027623
0.92614585;0.9053955
0.92614585;0.9056038
0.9321955;0.90500206
0.9348427;0.9052228
0.89322996;0.90530366
0.9148337;0.90461785
0.9272197;0.56359774
0.6832848;0.6650236
0.9083361;0.69847995
0.83496594;0.8120985
0.85323626;0.7595604
0.829762;0.818784
0.86099094;0.893172
0.8242541;0.86457527
0.8992066;0.8757824
0.8950308;0.87950265
0.8881161;0.8057067
0.8802723;0.8071791
0.69735354;0.6743401
0.791094;0.72467214
0.7746552;0.6747657
0.7746552;0.61778206
0.2892841;0.46480212
0.7105877;0.54084474
0.8398878;0.6786721
0.6683602;0.3262215
0.3316398;0.25564197
0.59981346;0.3391218
0.28941235;0.31024495
0.47942612;0.38974637
0.234342;0.37066087
0.1509926;0.30765307
0.59999985;0.26828122
0.30264643;0.2400428
0.18783475;0.26859847
0.3316398;0.53497785
0.6182671;0.5427589
0.4590227;0.53965986
0.7830952;0.65570194
0.7231378;0.6403472
0.6832848;0.5920428
0.8881161;0.664497
0.52057385;0.571375
0.7231378;0.66865957
0.6182671;0.6548613
0.47942612;0.6219371
0.31671518;0.45769903
0.20890602;0.2290019
0.19447757;0.19904904
0.31671518;0.20482294
0.20890602;0.16507941
0.19440979;0.16989502
0.2892841;0.24901111
0.1816417;0.20295715
0.34742916;0.27816945
0.34742916;0.30284205
0.34742916;0.2886846
0.41916725;0.2832512
0.6683602;0.30238
0.41897425;0.31417572
0.4588201;0.39282346
0.25428006;0.30897656
0.27698258;0.26561272
0.2892841;0.2477193
0.40018657;0.25646627
0.1816417;0.21382289
0.14282711;0.1350394
0.11700795;0.10667712
0.08544074;0.09509131
0.05269124;0.08410506
0.06688694;0.07951261
0.06688694;0.07734534
0.06873781;0.07680972
0.07170596;0.07931052
0.06112864;0.08819137
0.08811375;0.09570605
0.09843103;0.0973165
0.10041522;0.108182244
0.13122232;0.3007318
0.36441764;0.36754912
0.289669;0.3584476
0.25459772;0.36546266
0.47922096;0.3863345
0.30291954;0.3671966
0.47942612;0.37424836
0.27722353;0.3674627
0.4590227;0.37257296
0.52057385;0.37220174
0.3030562;0.39498234
0.69708043;0.3879314
0.5;0.42740008
0.5806397;0.45820555
0.41936028;0.4860831
0.92928773;0.81709063
0.85805947;0.8933768
0.9272197;0.90193015
0.9348512;0.90530765
0.92928773;0.9056347
0.9410299;0.90519947
0.92616767;0.9054685
0.9034235;0.90547353
0.89543974;0.9050584
0.8954826;0.5738564
0.5612466;0.6972122
0.89500916;0.65434027
0.6682066;0.7180695
0.59981346;0.6183623
0.7458257;0.66201764
0.6832848;0.7594149
0.8680462;0.87871
0.9355168;0.8934277
0.9187138;0.90171427
0.91454476;0.84621245
0.9066273;0.8293727
0.791094;0.80371314
0.8680462;0.83833313
0.8928267;0.8853806
0.8183583;0.75987786
0.69735354;0.615406
0.40000018;0.57620555
0.16011219;0.25763857
0.69735354;0.52222806
0.5411799;0.33342683
0.25428006;0.24134374
0.3817329;0.43222377
0.22534478;0.38184127
0.2892841;0.4270263
0.2652077;0.47800112
0.4588201;0.4417541
0.5612466;0.4488514
0.3817329;0.27146357
0.25428006;0.36486715
0.7457199;0.58809876
0.8571729;0.7469734
0.7107159;0.8038965
0.791094;0.79300153
0.5411799;0.6864404
0.8971492;0.6994192
0.829762;0.7875441
0.5810258;0.70000255
0.8055902;0.6756051
0.7457199;0.29046792
0.20146917;0.2594861
0.11975547;0.24698263
0.30264643;0.32443666
0.56104803;0.27979895
0.34742916;0.19598751
0.13900906;0.20783342
0.16503406;0.2264002
0.3817329;0.33677518
0.36424682;0.3106193
0.3316398;0.3345909
0.5411799;0.3439761
0.41897425;0.32676765
0.5808328;0.31683263
0.27698258;0.2984255
0.21690483;0.25574136
0.18783475;0.20813574
0.20146917;0.16999061
0.16006432;0.12826373
0.2013971;0.11472837
0.12557454;0.09770653
0.09883331;0.08815873
0.09885254;0.093127064
0.07999207;0.09491888
0.05893518;0.08212537
0.05894915;0.079654835
0.06189607;0.078518644
0.08366611;0.079217486
0.07724667;0.085443385
0.06267487;0.09291854
0.08370786;0.09581788
0.10241638;0.099409245
0.09302943;0.117881395
0.17439504;0.3398789
0.2256937;0.3587479
0.5808328;0.33903685
0.400373;0.36045507
0.26554656;0.34717607
0.36441764;0.3958285
0.59981346;0.3805014
0.400373;0.3814973
0.56104803;0.38489723
0.6522463;0.3721721
0.289669;0.37257555
0.63541144;0.3837504
0.3819118;0.4405722
0.47942612;0.4775133
0.82391346;0.76036376
0.94372;0.90015703
0.88088095;0.90134114
0.886129;0.9047519
0.8455845;0.9055252
0.92616767;0.9053565
0.9293077;0.90477514
0.92392534;0.9048153
0.905247;0.90509456
0.8995848;0.868121
0.8458082;0.52541184
0.22534478;0.4354481
0.87445587;0.86422753
0.9083361;0.8565225
0.9236705;0.83238006
0.6832848;0.73246574
0.765658;0.8298835
0.8241974;0.854346
0.9066445;0.8833421
0.9212623;0.9007135
0.89500916;0.90195084
0.8774006;0.77135247
0.8490074;0.8388866
0.86099094;0.77253646
0.5808328;0.69532424
0.8680128;0.74241376
0.7560623;0.65334266
0.6524086;0.4633327
0.34742916;0.44723767
0.47942612;0.37372777
0.63575315;0.31713676
0.31671518;0.34522086
0.2013971;0.3105896
0.11972766;0.26827806
0.3817329;0.34054184
0.1509926;0.2633025
0.3475914;0.29414502
0.20890602;0.34271747
0.5411799;0.35867023
0.21682312;0.40712467
0.5;0.58687353
0.40018657;0.62608665
0.520779;0.61872196
0.5612466;0.60863626
0.31671518;0.5638048
0.81216526;0.6898143
0.4588201;0.58524203
0.7747423;0.6347745
0.3316398;0.4934805
0.69735354;0.52163
0.17023799;0.4748414
0.41916725;0.5142687
0.63575315;0.5563422
0.63575315;0.5137115
0.5411799;0.42336884
0.6182671;0.46212617
0.27686223;0.3757442
0.16503406;0.25328133
0.69735354;0.53195894
0.18164171;0.39418745
0.6832848;0.57784855
0.27686223;0.4096009
0.1757459;0.1975523
0.25417432;0.29610592
0.2892841;0.35352585
0.0763295;0.20174064
0.12868951;0.13086209
0.2013971;0.120554365
0.0969642;0.09755053
0.07383234;0.08898765
0.05825867;0.081385195
0.05967745;0.078883275
0.06689591;0.07783718
0.05384577;0.077553645
0.05897011;0.08096173
0.10241638;0.09043965
0.08972699;0.09479624
0.12487822;0.101312906
0.08516628;0.17733449
0.4588201;0.38206795
0.18815419;0.34480438
0.40018657;0.38315338
0.31700522;0.39465648
0.41936028;0.38175038
0.40018657;0.37303627
0.30291954;0.38761166
0.3820908;0.39417863
0.1947491;0.37317583
0.6969438;0.37653387
0.25459772;0.4424921
0.66805285;0.4393206
0.5808328;0.46106958
0.36441764;0.4878835
0.52057385;0.50926465
0.43895194;0.5740405
0.47942612;0.60280484
0.6179092;0.7664562
0.9227057;0.8945032
0.9373251;0.90336436
0.9086343;0.90560627
0.90340513;0.9057588
0.92614585;0.905688
0.9292777;0.9052604
0.93307716;0.90553606
0.9176217;0.90535915
0.90695345;0.90366465
0.910273;0.51496047
0.6683602;0.7264785
0.4590227;0.4110192
0.81216526;0.6568497
0.81216526;0.7521196
0.6832848;0.70998734
0.8241974;0.82085437
0.8490074;0.8457783
0.8744255;0.8519789
0.8991866;0.8587506
0.8774296;0.87731
0.86099094;0.85939026
0.63575315;0.7049481
0.829762;0.76201814
0.7560623;0.69122106
0.86099094;0.7450525
0.40018657;0.44599405
0.6832848;0.49187925
0.6182671;0.5130602
0.6182671;0.51241195
0.63575315;0.4994008
0.41916725;0.37470677
0.2892841;0.3193482
0.4588201;0.358339
0.6524086;0.40908703
0.21682312;0.43807527
0.7347923;0.43811962
0.43875343;0.40117
0.5612466;0.46832803
0.43875343;0.54120326
0.6682066;0.630195
0.7830952;0.6769611
0.91598475;0.7301045
0.791094;0.601604
0.7560623;0.6498115
0.81216526;0.661409
0.8490074;0.79997766
0.6832848;0.725442
0.6524086;0.688888
0.7105877;0.59239924
0.3819118;0.1925243
0.25428006;0.17516495
0.13541272;0.20224306
0.31671518;0.30761328
0.20146917;0.21007665
0.2652077;0.22001298
0.11188389;0.17492093
0.17580259;0.19027574
0.25428006;0.19436932
0.15545219;0.14649007
0.34742916;0.2120424
0.234342;0.200783
0.40018657;0.27489913
0.2652077;0.23676834
0.3817329;0.26978353
0.13537765;0.19644664
0.14282711;0.15156506
0.14278835;0.116280824
0.11437832;0.09577142
0.11122818;0.08364162
0.10499083;0.08483945
0.09290986;0.0826804
0.08128619;0.08395658
0.07604004;0.08696851
0.09644792;0.10321878
0.1498402;0.13450046
0.25417432;0.29527554
0.21682312;0.28452948
0.24128547;0.3761759
0.62306786;0.4075895
0.17439504;0.3304038
0.16039991;0.2780492
0.15441547;0.17339325
0.1947491;0.16927148
0.1392675;0.15830566
0.18194273;0.17338562
0.12499879;0.14003801
0.18032767;0.1297606
0.16039991;0.12384407
0.11389622;0.121825986
0.30291954;0.53100914
0.41936028;0.55865943
0.3030562;0.5497704
0.5806397;0.5445047
0.52057385;0.5633307
0.289669;0.5288523
0.86430603;0.7191364
0.9348597;0.89552945
0.8687446;0.9029772
0.9272197;0.90551007
0.92392534;0.90573895
0.9302741;0.9054363
0.9292777;0.9055612
0.8954826;0.90527964
0.8569399;0.9043229
0.8885783;0.51874316
0.8138738;0.5727083
0.17580259;0.22513303
0.86095405;0.88573086
0.65257084;0.5157781
0.5808328;0.5932968
0.63575315;0.66714734
0.73490506;0.80459744
0.7831769;0.870894
0.9340414;0.8993359
0.91598475;0.9006953
0.8802723;0.8619084
0.882992;0.8667796
0.8184184;0.83183444
0.8713105;0.85560167
0.765658;0.8293138
0.8241974;0.785188
0.6524086;0.57421577
0.7746552;0.58740234
0.27686223;0.3233953
0.5612466;0.45604098
0.8531954;0.5058632
0.84459317;0.4827899
0.2892841;0.33583975
0.18783475;0.35150367
0.5612466;0.5391243
0.5411799;0.54281145
0.5612466;0.42686692
0.59999985;0.50507915
0.5612466;0.41081694
0.6182671;0.36028022
0.19447757;0.37216777
0.2252577;0.5696409
0.8055902;0.693004
0.7830952;0.7881359
0.63575315;0.6252438
0.63575315;0.6418892
0.7746552;0.6742802
0.69735354;0.6526008
0.69735354;0.65738803
0.5;0.64235127
0.3817329;0.4787944
0.24393769;0.2585582
0.5;0.28789362
0.59999985;0.39109814
0.3475914;0.28393796
0.6182671;0.37133735
0.20146917;0.23480958
0.17580259;0.22289716
0.18164171;0.2123101
0.15540685;0.17075075
0.31671518;0.16952264
0.33179343;0.16410506
0.24393769;0.16612455
0.18164171;0.16049482
0.27686223;0.26098147
0.08544074;0.15128395
0.16011219;0.14187744
0.14676376;0.12198899
0.11188389;0.100086406
0.07069229;0.08792399
0.0659935;0.0824572
0.06038711;0.080927804
0.05564971;0.08133839
0.0562864;0.08186662
0.06268276;0.087774396
0.08515188;0.09471159
0.08513749;0.09603208
0.09659488;0.09828057
0.11142169;0.17752856
0.43895194;0.3698692
0.17608654;0.3374892
0.30291954;0.37662828
0.47942612;0.4040202
0.25459772;0.35892257
0.47942612;0.3690536
0.27722353;0.37961885
0.47942612;0.38268027
0.34775373;0.3855131
0.63541144;0.38330492
0.30291954;0.43955696
0.6179092;0.44656804
0.5612466;0.46874788
0.43895194;0.4983329
0.7227765;0.56528646
0.43895194;0.5888901
0.52057385;0.5881666
0.289669;0.6009536
0.93026435;0.8877082
0.8780372;0.90368474
0.9272197;0.90562874
0.93308616;0.9057826
0.9312338;0.9057266
0.92504054;0.9050429
0.92271763;0.90555423
0.92389065;0.9051133
0.9033683;0.90232277
0.92148405;0.5118485
0.6182671;0.74794465
0.8184184;0.5615855
0.5409773;0.68242097
0.81216526;0.6663733
0.791094;0.7551261
0.8490074;0.878694
0.8713105;0.87634975
0.85323626;0.8722589
0.9259383;0.8822819
0.9066273;0.83228076
0.8241974;0.8060894
0.8645873;0.81244725
0.86099094;0.8342106
0.52057385;0.5819876
0.5612466;0.5976179
0.4588201;0.5589756
0.31671518;0.418472
0.36424682;0.34836212
0.4588201;0.31937352
0.40018657;0.30560637
0.69735354;0.35402006
0.40000018;0.36503384
0.41916722;0.51874644
0.5411799;0.531742
0.3316398;0.538478
0.7347923;0.53102756
0.5409773;0.5485469
0.7347923;0.5618044
0.5;0.4895009
0.6683602;0.5493726
0.6359239;0.62894535
0.69749;0.6715393
0.8241974;0.7148509
0.7231378;0.6264302
0.83501655;0.598624
0.5810258;0.61344624
0.791094;0.63010037
0.6683602;0.66177666
0.40018657;0.40549457
0.43875343;0.44132307
0.31671518;0.42444292
0.36407608;0.29084295
0.22534478;0.23189309
0.2252577;0.21120359
0.24393769;0.21262527
0.23424914;0.20583968
0.15545219;0.18164083
0.23424914;0.21423054
0.18783475;0.18656155
0.30251;0.20782794
0.2252577;0.19104877
0.30264643;0.20038804
0.3316398;0.22215788
0.30264643;0.22592685
0.13900906;0.16465093
0.10951514;0.123640135
0.14278835;0.11611148
0.11190832;0.098871626
0.10886256;0.088526644
0.08845356;0.08262385
0.10719584;0.0825288
0.07378882;0.082138866
0.0582655;0.08742856
0.06514879;0.0941955
0.08372178;0.09452219
0.11382046;0.096513025
0.12196281;0.09897682
0.08972699;0.10747056
0.15572475;0.31917948
0.10247823;0.29169485
0.11389622;0.33976093
0.17055967;0.3624204
0.21723223;0.35455167
0.36441764;0.36301097
0.24433456;0.33066365
0.4590227;0.35155454
0.2171503;0.32398674
0.52057385;0.35159418
0.36441764;0.36463845
0.5806397;0.37228703
0.59981346;0.3791416
0.34775373;0.41866648
0.71033096;0.4048084
0.5808328;0.44305736
0.6179092;0.47508666
0.400373;0.5183429
0.93026435;0.85042995
0.8529093;0.8971056
0.9086508;0.90202683
0.93124324;0.90528744
0.93217707;0.9055965
0.9292777;0.9054262
0.910273;0.9055423
0.8885783;0.9055056
0.8741815;0.9048121
0.89546114;0.54430413
0.59981346;0.7235392
0.8862804;0.6338875
0.8183583;0.78832906
0.5;0.5135543
0.41916722;0.6194654
0.81216526;0.8419993
0.8774296;0.863871
0.9048734;0.8784679
0.9340414;0.89263827
0.9066273;0.88444525
0.8774006;0.8103467
0.84459317;0.82760054
0.8490074;0.8262433
0.791094;0.8433313
0.8645873;0.78287286
0.63575315;0.4783153
0.52057385;0.59764683
0.41916722;0.60089964
0.34742916;0.42290995
0.25417432;0.29058304
0.43895194;0.3126682
0.18158162;0.2866746
0.30264643;0.34204668
0.5;0.3152995
0.24403681;0.2987143
0.47942612;0.43785748
0.3817329;0.5406554
0.6182671;0.52218914
0.41916725;0.5975167
0.7231378;0.59128785
0.6180882;0.6072026
0.829762;0.68927586
0.6524086;0.6644762
0.59981346;0.6390237
0.83496594;0.6840304
0.7230174;0.6841178
0.63575315;0.610168
0.4588201;0.60659605
0.8055902;0.60917175
0.36424682;0.3497105
0.4590227;0.44465742
0.5612466;0.48090768
0.4588201;0.44442964
0.6832848;0.45699695
0.234342;0.3108185
0.22534478;0.33120957
0.5;0.4318232
0.3475914;0.37165657
0.13195379;0.22912394
0.520779;0.29797372
0.17023799;0.2501669
0.31671518;0.201827
0.21690483;0.1794434
0.25428006;0.20110314
0.10285081;0.15225077
0.17023799;0.13869491
0.11700795;0.10682125
0.12868951;0.09500591
0.07968746;0.08552733
0.05692463;0.080558814
0.06115116;0.08000106
0.05692463;0.07778257
0.06430856;0.079452194
0.0562864;0.083948635
0.10039539;0.09383047
0.08236484;0.09574262
0.10039539;0.098097436
0.10453884;0.16809522
0.26554656;0.36945233
0.34775373;0.36278805
0.41916722;0.36342168
0.25449178;0.3758797
0.3819118;0.39582282
0.43895194;0.37329844
0.27722353;0.363194
