<OPEN>;<HIGH>;<LOW>;<CLOSE>;(predicted -> )<LOW>
0.567999;0.524999;0.502;0.49;0.533663
0.458;0.445999;0.39;0.332;0.3763872
0.318999;0.279;0.338999;0.266999;-0.30309677
0.3261;0.369;0.518999;0.516;-0.3292483
0.4801;0.604799;0.451;0.581599;0.48129138
0.594799;0.4749;0.504199;0.5114;0.70427835
0.486199;0.579299;0.5838;0.545;0.72206736
0.5638;0.405;0.286;0.253;0.3486025
0.241;0.35;0.501999;0.542899;-0.080881774
0.554;0.425999;0.614;0.520099;0.10272437
0.460799;0.5261;0.340999;0.4777;0.44995722
0.5302;0.5249;0.555;0.5413;0.629704
0.552;0.59;0.430999;0.298999;0.6887126
0.341;0.355999;0.423;0.592799;0.31059858
0.543999;0.5228;0.525999;0.415399;0.30375597
0.402;0.397199;0.5681;0.5998;0.37228343
0.5069;0.625;0.5148;0.614;0.6641555
0.558099;0.48;0.2475;0.247599;0.5837607
0.405;0.328899;0.374599;0.4377;0.0068771243
0.453;0.517099;0.691;0.614699;0.2945083
0.601999;0.503999;0.0;0.378;0.50471896
0.413;0.48;1.0;0.536;0.5290615
0.534999;0.442;0.5956;0.445;0.35194036
0.4102;0.558;0.381;0.646;0.5425977
0.641799;0.53;0.588999;0.402999;0.69900036
0.367;0.491;0.464999;0.436999;0.49461898
0.485999;0.652;0.477;0.807;0.81899345
0.813;0.574999;0.49;0.277;0.9979474
0.303999;0.238;0.654999;0.497;0.156607
0.446;0.413;0.504;0.494;-0.16836053
0.464999;0.580999;0.387999;0.527099;0.50481135
0.57;0.533;0.539999;0.483899;0.73309124
0.475999;0.471;0.347;0.403;0.4765081
0.402;0.455199;0.472999;0.528599;0.31367418
0.542999;0.5848;0.661999;0.556399;0.66257894
0.585;0.497999;0.5769;0.618;0.80862224
0.512999;0.433;0.567099;0.439;0.46879527
0.067;0.471;0.0;0.218;-0.059695303
0.742;0.458299;0.784999;0.637;0.32404837
0.559999;0.5227;0.521;0.534899;0.73439956
0.532;0.53;0.57;0.4286;0.6553489
0.405;0.570999;0.48;0.654499;0.71208954
0.719999;0.485;0.680199;0.565;0.76851726
0.488999;0.662999;0.1428;0.132999;0.719555
0.147;0.055999;0.451599;0.4538;-0.35863042
0.466999;0.429;0.403999;0.4566;-0.48340678
0.354999;0.680999;0.5184;0.623399;0.7054943
0.828;0.51;0.6448;0.5992;0.998606
0.475999;0.433199;0.592199;0.442;0.5987036
0.472;0.655699;0.3631;0.6291;0.70210576
0.616499;0.6421;0.7226;0.704899;1.2174654
0.7135;1.0;0.658299;1.0;1.9950914
1.0;0.7177;0.936999;0.716099;2.1949458
0.713999;0.842199;0.815;0.6015;1.9840884
0.631;0.436199;0.712399;0.643599;1.2445676
0.361699;0.491999;0.099499;0.0;0.16417977
0.247199;0.085;0.4027;0.4714;-0.69663644
0.4621;0.4541;0.2905;0.270299;-0.4576367
0.271999;0.300899;0.501899;0.597999;-0.092182815
0.6;0.734;0.6098;0.7746;0.81145644
0.750999;0.516999;0.814399;0.4983;1.1924732
0.5302;0.827;0.3888;0.8046;1.3446558
0.7923;0.728499;0.832999;0.6428;1.7285335
0.648499;0.745199;0.684699;0.8446;1.7341304
0.875;0.5443;0.572299;0.195;1.1567521
0.158999;0.349;0.337;0.625;0.25581297
0.64;0.570999;0.829999;0.509;0.44977543
0.594999;0.424199;0.298;0.399699;0.5391049
0.302999;0.408799;0.428999;0.3669;0.074510515
0.3738;0.2929;0.3092;0.356;-0.3227067
0.3472;0.4611;0.079699;0.035399;-0.34439087
0.037999;0.207499;0.5411;0.714;-0.46003282
0.75;0.4315;0.738;0.525999;0.0061201453
0.644;0.644;0.2076;0.268;0.75270414
0.108999;0.6126;0.535399;0.994;0.902118
1.0;0.915599;0.8667;0.807099;1.8196213
0.811;0.421799;0.321199;0.0;1.1867332
0.0;0.075;0.2871;0.524999;-0.69394827
0.614;0.429;0.734999;0.4325;-0.38907647
0.406799;0.482899;0.369999;0.384799;0.29045817
0.3162;0.4051;0.4786;0.547899;0.16251084
0.558999;0.767199;0.5294;0.8408;0.983681
0.837899;0.51;0.584299;0.230199;1.0591702
0.2321;0.292699;0.4127;0.5923;0.12206909
0.451;0.371099;0.578;0.384999;-0.2172423
0.444;0.424;0.451;0.418;0.032837927
0.562799;0.744999;0.457599;0.565099;0.87990046
0.4952;0.417499;0.456399;0.4105;0.73957026
0.407999;0.3655;0.464;0.438899;0.022365391
0.447;0.460999;0.387899;0.388599;0.08588606
0.396999;0.402499;0.3651;0.4274;0.11060116
0.416;0.3945;0.594999;0.561499;0.09854311
0.468999;0.402999;0.468999;0.402999;0.09199852
0.5472;0.6287;0.356;0.488;0.5807089
0.4176;0.4059;0.46;0.536999;0.5397516
0.549199;0.6334;0.5898;0.561899;0.6916362
0.591;0.744499;0.590399;0.8246;1.3932931
0.8012;0.5348;0.6298;0.3175;1.1427093
0.325899;0.284799;0.589999;0.486999;0.17862794
0.547899;0.6079;0.444;0.558;0.3841656
0.484999;0.485999;0.405999;0.488;0.68192065
0.437;0.8546;0.547;0.8738;1.2256849
0.930999;1.0;0.901999;0.955199;2.3396122
0.930999;0.5624;0.983;0.6249;2.0218658
0.64;0.456699;0.652;0.442099;0.86747885
0.4896;0.8659;0.469;0.608699;1.2011039
0.574399;0.464999;0.586999;0.7263;1.1656272
0.715;0.8432;0.667;0.8314;1.4873135
0.833999;1.0;0.853;0.947699;2.4003255
0.958;0.616799;0.954;0.4248;1.9595969
0.424999;0.1232;0.517499;0.5501;0.22448477
0.418799;0.812899;0.398499;0.799199;0.59082085
0.9306;0.831099;0.883;0.797399;1.9593227
0.793599;0.527;0.453599;0.3231;1.428901
0.323;0.592999;0.2694;0.233799;0.5784469
0.262;0.0;0.113999;0.1525;-0.80333173
0.214999;0.158999;0.701;0.488;-1.3414484
0.403;0.403;0.529;0.505;-0.37003875
0.497499;0.6644;0.159999;0.645299;0.64338624
0.7075;0.954099;0.859999;0.882199;1.88164
0.81;0.8401;0.96;0.6231;2.2385883
0.596999;0.9273;0.473999;1.0;2.0976174
0.966;0.555599;0.661;0.0;1.2857485
0.242;0.0;0.556899;0.625799;-0.35779595
0.255899;0.554099;0.38;0.360399;-0.3821832
0.5711;0.4609;0.502099;0.4712;0.3819066
0.501999;0.351999;0.416;0.380499;0.13365325
0.391;0.433399;0.300999;0.439399;0.018434465
0.367999;0.5286;0.5224;0.4453;0.31700608
0.499;0.262999;0.585599;0.528199;0.045480072
0.435;0.451;0.463;0.445999;0.015180051
0.555799;0.885899;0.449999;0.867899;1.2414682
0.8372;0.5581;0.838;0.4756;1.4645624
0.480999;0.523399;0.453;0.5483;0.8297342
0.5568;0.6176;0.356999;0.290199;0.70418596
0.278199;0.108699;0.295499;0.3825;-0.2456618
0.386;0.3723;0.6745;0.4765;-0.5266589
0.488999;0.483999;0.451;0.457;0.20675835
0.456099;0.5897;0.329999;0.531199;0.6180781
0.5159;0.4743;0.1178;0.0;0.28640208
0.0;0.2319;0.362099;0.8459;-0.31705022
0.7892;1.0;0.8973;0.540999;1.2815046
0.5944;0.0;0.5144;0.5962;0.6898153
0.596599;0.416;0.6644;0.4468;-0.28962612
0.511;0.518999;0.576;0.561;0.50716275
0.5092;0.525199;0.297999;0.400799;0.5649107
0.396799;0.479799;0.489;0.5962;0.48892376
0.610999;0.543;0.376999;0.181999;0.43842074
0.184;0.369999;0.414999;0.725999;0.21928129
0.722999;0.592999;0.644;0.365;0.5156862
0.305;0.347;0.506999;0.551;0.39459345
0.628;0.532;0.581;0.546999;0.39968368
0.448;0.6569;0.426599;0.59;0.94651157
0.671999;0.5747;0.5394;0.558999;1.0125506
0.542999;0.650299;0.629;0.628;1.1264431
0.55;0.9278;0.64;1.0;1.7449129
1.0;0.740299;0.905999;0.701;2.055447
0.702999;0.451;0.835999;0.504999;1.2852776
0.454;0.518;0.555999;0.532;0.58666044
0.5467;0.558;0.4222;0.454999;0.6492245
0.4883;0.664999;0.5398;0.646;0.98887855
0.68;0.6919;0.661;0.584;1.3145077
0.634;0.416099;0.4613;0.429199;0.8075881
0.302999;0.467;0.398699;0.3978;0.21550235
0.451999;0.231999;0.533999;0.478;-0.22163516
0.493;0.580999;0.509999;0.524999;0.26583847
0.512999;0.704;0.509999;0.759;1.1317062
0.771;0.6368;0.658;0.6036;1.3551283
0.558;0.583199;0.594999;0.4444;1.0866957
0.464;0.394;0.442;0.445999;0.4157382
0.504999;0.404999;0.534;0.463999;0.13091442
0.363;0.442;0.489999;0.530999;0.20671663
0.576;0.5901;0.466;0.562;0.62814534
0.569;0.567899;0.57;0.476999;0.88448405
0.464999;0.532;0.448999;0.463;0.67983747
0.475;0.543999;0.4038;0.515999;0.61092854
0.552;0.495;0.611199;0.472;0.6025839
0.427;0.375;0.542;0.497999;0.2678114
0.51;0.573;0.484999;0.6355;0.51383847
0.631999;0.778999;0.631;0.7285;1.3724196
0.731999;0.5213;0.6499;0.6383;1.3090479
0.658999;0.533699;0.494099;0.292699;0.7641572
0.286999;0.372;0.4471;0.557;0.26081678
0.527999;0.487;0.551899;0.516999;0.26409802
0.520099;0.619;0.445999;0.457;0.74085176
0.4449;0.606999;0.192;0.731999;0.89025676
0.789;0.496699;0.953;0.399999;0.8156884
0.369;0.3613;0.259999;0.214;0.10862523
0.198;0.264;0.425;0.488;-0.48626184
0.488999;0.430999;0.625299;0.506999;-0.09309775
0.399;0.541;0.4281;0.543999;0.45870718
0.652;0.624499;0.5189;0.586;0.9097772
0.613999;0.4952;0.502699;0.385999;0.8111316
0.355;0.517299;0.404;0.312;0.39203343
0.350999;0.314999;0.378;0.481999;-0.03808564
0.445;0.518999;0.576;0.681999;0.28205392
0.4938;0.4937;0.506999;0.448;0.5553233
0.685199;0.487499;0.366;0.291;0.43921348
0.254;0.264299;0.28;0.363;-0.13304776
0.373999;0.4355;0.418999;0.321999;-0.28796017
0.297;0.354999;0.239;0.232;-0.25257593
0.217999;0.195;0.494;0.601999;-0.5776864
0.586;0.752;0.394999;0.3415;0.47390935
0.373999;0.233999;0.445999;0.415499;0.3082293
0.417999;0.575;0.395;0.346;0.05597049
0.4404;0.308;0.314;0.454;0.104551256
0.358599;0.508299;0.627;0.775799;0.2787101
0.775;0.4567;0.742999;0.458199;0.6123501
0.584799;0.683;0.308;0.378;0.88052034
0.2622;0.327999;0.497;0.541;0.40835914
0.532;0.8383;0.599;0.936;1.002686
0.93;0.721699;0.893;0.670299;1.8585193
0.677999;0.802;0.5212;0.6017;1.7936575
0.643;0.269999;0.811799;0.558999;0.802775
0.3729;0.684;0.3631;0.596;0.54945225
0.7391;0.4812;0.568899;0.250999;0.68876326
0.274999;0.4358;0.3318;0.667;0.3250676
0.657;0.5931;0.7132;0.561;0.7009703
0.512999;0.504099;0.472999;0.317999;0.6967175
0.347999;0.2088;0.513999;0.511;-0.15323287
0.5221;0.75;0.508;0.651;0.60222924
0.679899;0.656999;0.586999;0.689999;1.4065909
0.661;0.582;0.404;0.235999;1.0014343
0.231999;0.1474;0.359;0.319;-0.25207227
0.312;0.549599;0.509;0.710599;-0.102714956
0.709999;0.4208;0.643;0.482399;0.5226123
0.536;0.638199;0.611999;0.5611;0.8294511
0.512;0.4507;0.256;0.301899;0.56113476
0.355;0.616299;0.302;0.26;0.39295134
0.225999;0.318;0.4444;0.732999;0.17475662
0.728999;0.436599;0.778599;0.5277;0.24510202
0.491;0.483399;0.508;0.498299;0.51789755
0.511;0.415;0.599;0.497;0.35056946
0.505099;0.648899;0.409999;0.592999;0.716396
0.590899;0.5891;0.585;0.45;0.97530955
0.448999;0.445999;0.503;0.602999;0.62102854
0.605;0.540999;0.527999;0.524;0.61267793
0.522999;0.594999;0.5037;0.597;0.88676393
0.596;0.489;0.645299;0.533999;0.7776278
0.536;0.634999;0.551;0.565;0.88520527
0.552;0.7636;0.608999;0.629999;1.3427782
0.644999;0.445899;0.274;0.325;0.8321184
0.320999;0.407299;0.308;0.100999;-0.055484235
0.101;0.0842;0.372;0.677999;-0.76755106
0.686;0.496;0.701;0.496;-0.051657617
0.491999;0.603999;0.42;0.512;0.79829276
0.508;0.524999;0.504199;0.636;0.79535127
0.635999;0.612;0.5226;0.431999;0.8709508
0.434;0.368;0.067199;0.258;0.29348907
0.565999;0.631999;0.9328;0.741999;0.6835866
0.434;0.368;0.067199;0.258;0.4096615
0.224999;0.483999;0.700199;0.570999;0.08853251
0.603999;0.384;0.7288;0.538;0.2603757
0.5058;0.813;0.535599;0.849999;1.1194038
0.9052;0.71;0.726399;0.669;1.733129
0.657;0.522199;0.621;0.408;1.2051749
0.397999;0.5198;0.4905;0.409999;0.55037016
0.408999;0.296799;0.459499;0.445999;0.0050204396
0.444;0.397199;0.427999;0.545;-0.058080018
0.536;0.579;0.582;0.484999;0.5446839
0.519999;0.8667;0.538;0.832999;1.4338183
0.808;0.5743;0.690999;0.371;1.3704705
0.374;0.531999;0.198999;0.77;0.78759074
0.780999;0.494;0.95;0.411;0.6845194
0.394;0.378;0.521999;0.559999;0.36359605
0.520099;0.728;0.5468;0.606;0.8206266
0.648899;0.616999;0.612199;0.677999;1.2853372
0.689999;0.8345;0.648;0.8621;1.6764867
0.85;0.5805;0.8761;0.5409;1.5854406
0.552;0.564;0.144599;0.425899;0.89771026
0.423;0.315999;0.8903;0.500099;0.26035783
0.485999;0.5991;0.390999;0.463999;0.35748956
0.465;0.6349;0.545999;0.733;0.9858864
0.698999;0.469;0.454999;0.378999;0.7452744
0.41;0.417999;0.4475;0.475;0.3150898
0.484999;0.457999;0.417099;0.2244;0.10218793
0.216;0.34;0.5354;0.521599;-0.08770949
0.704999;0.527999;0.480999;0.666999;0.42248842
0.497;0.631499;0.544;0.511;0.9895789
0.504999;0.5739;0.562999;0.524999;0.8911299
0.542;0.5765;0.564;0.655999;0.8969652
0.639;0.4906;0.569;0.405;0.7265496
0.405;0.517499;0.512999;0.545;0.556572
0.562999;0.397999;0.585999;0.548;0.39280233
0.49;0.701;0.525;0.609;0.84941864
0.648;0.519;0.561999;0.613;1.0204928
0.613999;0.522999;0.286;0.263999;0.62729895
0.264;0.288;0.390999;0.387;-0.05054003
0.387999;0.509999;0.4087;0.5441;0.029458344
0.565999;0.394999;0.798299;0.4939;0.3499913
0.4788;0.595;0.097;0.18;0.3576505
0.172199;0.234499;0.375;0.385999;-0.17646378
0.372999;0.483899;0.43;0.565;-0.13421005
0.501;0.3646;0.626999;0.546999;0.23853359
0.623999;0.911;0.58;0.5242;1.2159216
0.53;0.109999;0.550999;0.4838;0.5217361
0.494;1.0;0.503;1.0;1.0141091
0.997;0.520499;0.803;0.309999;1.46976
0.311;0.4061;0.549999;0.5887;0.50853366
0.600999;0.5152;0.422;0.506299;0.41082975
0.491;0.4587;0.455999;0.4714;0.504263
0.474;0.369;0.5947;0.4656;0.1740503
0.431599;0.719999;0.360299;0.634999;0.70823014
0.6644;0.530999;0.5904;0.371;0.92019016
0.381;0.38;0.396599;0.4418;0.2855855
0.347;0.443999;0.494;0.575199;0.11778948
0.661;0.572;0.625;0.387;0.5819219
0.444;0.390999;0.544;0.566;0.488587
0.528999;0.42;0.538999;0.518999;0.23710606
0.508;0.905;0.506;0.881999;1.2832093
0.873999;0.601999;0.729;0.536;1.5804636
0.552;0.478;0.477999;0.402;0.8281219
0.386;0.472;0.5503;0.555;0.40856478
0.527999;0.536999;0.5287;0.4696;0.5283254
0.4932;0.392;0.5396;0.5274;0.3995764
0.525799;0.852999;0.4354;0.831;1.1311281
0.831;0.685;0.819099;0.698;1.7280865
0.707;0.578;0.6459;0.463999;1.2973177
0.467999;1.0;0.555999;1.0;1.705246
1.0;1.0;1.0;0.9437;2.5629508
0.942;0.345999;1.0;0.458;1.5891659
0.609499;1.0;0.390999;0.708999;1.4471459
0.5715;0.378899;0.510999;0.552;1.1829603
0.695999;1.0;0.492;1.0;1.545279
0.966;0.545999;0.592999;0.0;1.4092553
0.0;0.166;0.547;0.6301;-0.15654689
0.611;0.039999;0.665999;0.435899;-1.1196148
0.433999;1.0;0.481;1.0;0.8570719
1.0;0.599999;0.415399;0.0;1.3608205
0.0;0.0;0.0471;0.441699;-0.41827083
0.397999;0.509;0.587499;0.468299;-0.44308126
0.493;0.4936;0.55;0.686999;0.56133145
0.692;0.5334;0.885999;0.59;0.8377391
0.475;0.431999;0.517;0.421999;0.53847903
0.539;0.661999;0.357999;0.509;0.69847584
0.521999;0.583;0.658;0.494;0.97325915
0.481;0.356999;0.3342;0.471;0.3543305
0.469999;1.0;0.611699;1.0;1.3393807
1.0;0.701999;1.0;0.5628;1.9770491
0.573999;0.258;0.6971;0.459199;0.72315514
0.458999;0.351999;0.518899;0.515;-0.14588362
0.527;0.772;0.4482;0.6844;0.886001
0.664999;0.976999;0.6698;1.0;2.0270991
1.0;1.0;1.0;0.901;2.6389885
0.878;0.532999;0.667399;0.411999;1.8395591
0.391999;0.338;0.327;0.184699;0.18979785
0.219999;0.183;0.537599;0.593299;-0.6139469
0.471;0.454;0.527;0.474;-0.14843172
0.582;0.611;0.3297;0.370699;0.61103284
0.385999;0.650999;0.6083;0.8553;1.0566223
0.852;0.881;0.815999;0.705999;1.7912614
0.720999;0.596;0.6927;0.657;1.714598
0.615;0.888999;0.560299;0.791799;1.683389
0.814999;0.405999;0.899;0.5532;1.2586045
0.295;0.149;0.359999;0.250999;-0.36946058
0.582999;1.0;0.5548;1.0;0.9892928
1.0;0.0;0.4038;0.0;0.18407282
0.0;0.0;0.3523;0.472999;-1.6614182
0.424999;1.0;0.5972;1.0;0.6982434
1.0;0.861999;1.0;0.8261;2.3162115
0.957;0.461;0.879;0.6199;1.6776192
0.482999;0.495999;0.519999;0.321999;0.6406951
0.349;0.609;0.477;0.56;0.5937117
0.570999;0.454999;0.451999;0.555999;0.6012875
0.555;0.664;0.628;0.747;0.9795653
0.746;0.636;0.692;0.515;1.2838948
0.501999;0.673999;0.494;0.558;1.2080002
0.594;0.275999;0.497;0.521999;0.4363167
0.628;0.661999;0.308;0.1612;0.4465985
0.051;0.386;0.375;0.4448;0.26824948
0.467999;0.087;0.063499;0.03;-1.0570359
0.0;0.223999;0.1967;0.665799;-1.0955137
0.657;0.573;0.8447;0.3162;0.12243864
0.35;0.189;0.5131;0.524999;0.005142629
0.491399;0.610999;0.198999;0.422;0.15319166
0.419599;0.376;0.0;0.0;0.05457872
0.0;0.0;0.294999;0.466899;-1.1090231
0.463999;0.496;0.59;0.417;-0.46180606
0.442;0.941;0.478;0.731;1.2979853
0.7821;0.214999;0.795999;0.491;0.7662016
0.2589;0.277;0.356;0.391999;-0.4461807
0.7633;0.7223;0.0;0.0;0.35781142
0.0;0.0;0.381;0.628;-0.18268055
0.619999;0.852;0.637999;0.905999;0.6382811
0.857999;0.646999;0.793599;0.5373;1.6841757
0.600999;0.315999;0.1544;0.056199;0.36221322
0.029;0.06;0.583999;0.5375;-0.95175326
0.506999;1.0;0.359;0.9788;0.77910006
1.0;0.7691;1.0;0.8312;2.1799552
0.891999;0.5349;0.819;0.513999;1.5980232
0.444;0.536999;0.5604;0.638;0.90059215
0.634999;0.733999;0.723699;0.597999;1.1921334
0.605;0.461;0.5489;0.661;1.050617
0.454;0.295999;0.545;0.298999;0.050504744
0.372699;0.945999;0.369099;0.719;0.89931065
0.8353;0.694;0.8029;0.909099;1.8175292
0.963999;0.608999;0.5921;0.236899;1.4045644
0.152999;0.222;0.0;0.0;-0.13338155
0.0;0.0;0.460999;0.6244;-1.4081669
0.631999;0.460099;0.707;0.452599;-0.35911024
0.5054;0.641;0.489;0.586;0.8163619
0.582999;0.597999;0.57;0.598999;1.0447817
0.579599;0.53;0.544999;0.526;0.869115
0.493;0.536999;0.5516;0.604299;0.74905336
0.655;0.934999;0.6544;0.9397;1.6376185
0.906999;0.431;0.868;0.468;1.4023709
0.441;0.433999;0.537999;0.476999;0.4358339
0.548999;0.777;0.274999;0.2942;0.82583606
0.259999;0.168999;0.062;0.134799;-0.042225182
0.091;0.301;0.484999;0.671599;-0.7587683
0.713999;0.444;0.677;0.479399;0.11373934
0.477;0.797999;0.424999;0.853;1.1602569
0.853999;0.501;0.875999;0.451;1.1910725
0.447299;0.467999;0.382;0.363999;0.51298016
0.5107;0.469999;0.425599;0.376;0.2786773
0.126;0.29;0.0;0.0;-0.44460416
0.0;0.020999;0.362;0.362;-1.4232349
0.48;0.181;0.42;0.448999;-1.1480701
0.379999;0.253;0.573;0.471;-0.5670619
0.453;0.439;0.506;0.5;-0.059859216
0.518999;0.699999;0.226999;0.250999;0.65711915
0.302;0.143;0.0007;0.087499;-0.27357465
0.006999;0.0624;0.298999;0.3785;-1.4549804
0.382;0.486699;0.354799;0.5073;-0.45526743
0.527999;0.484899;0.6852;0.465699;0.43890354
0.488;0.351;0.5313;0.526;0.23060915
0.442;0.439999;0.546999;0.428999;0.12817857
0.525199;0.668999;0.218;0.312;0.5966144
0.305599;0.328;0.451;0.427;0.2767044
0.3982;0.319;0.149899;0.113999;-0.514583
0.140999;0.210999;0.3536;0.466999;-0.72975874
0.404;0.284999;0.1745;0.047;-0.8603853
0.140999;0.178;0.491;0.568999;-0.8238834
0.481999;0.406999;0.556;0.472;-0.28870225
0.480699;0.691;0.362499;0.673;0.7617581
0.6743;1.0;0.7805;0.728;1.919936
0.811999;0.413699;0.710999;0.580999;1.4603066
0.552;0.6983;0.6038;0.6946;1.0742891
0.685;0.854999;0.6852;0.9024;1.7836678
0.878;0.445;0.894999;0.515999;1.3643789
0.543999;0.515999;0.613999;0.542999;0.7177043
0.4479;0.545;0.269;0.4119;0.57809526
0.441099;0.669;0.518999;0.7021;0.90012723
0.81;0.668999;0.637999;0.330799;1.2067783
0.260999;0.146;0.0;0.3482;0.029172242
0.319;0.314999;0.4509;0.043999;-0.92995584
0.052999;0.0;0.416599;0.499;-1.247583
0.508;0.497;0.63;0.503999;-0.35682738
0.475;0.6146;0.1616;0.216999;0.55575246
0.241;0.2684;0.299399;0.3676;-0.058431685
0.359999;0.325799;0.469;0.445399;-0.44506907
0.484;0.5022;0.493299;0.616;0.23407814
0.644199;0.627;0.5897;0.444;0.8693564
0.408799;0.308999;0.478999;0.524999;0.3972846
0.475;0.441;0.474;0.454;0.05378598
0.504599;1.0;0.567999;0.980999;1.4457452
0.9634;0.731999;0.951999;0.667;2.0619798
0.677;0.42;0.228;0.069;0.8525568
0.051999;0.222999;0.4222;0.524;-0.42707443
0.5575;0.527;0.534799;0.605999;0.085540354
0.578499;0.413;0.616;0.531;0.53936416
0.48;0.454;0.614;0.454;0.3371912
0.497699;0.604999;0.035999;0.048999;0.3520268
0.0593;0.161999;0.0;0.116999;-0.5474788
0.112;0.124;0.6526;0.499;-1.280452
0.497;0.384999;0.3297;0.320999;-0.5537939
0.298999;0.4345;0.471299;0.695;0.13779578
0.731;0.5135;0.736399;0.521;0.58436865
0.494;0.478999;0.599;0.500999;0.6481248
0.501799;1.0;0.4189;0.966;1.4676023
0.9912;0.902;1.0;0.942;2.416091
0.923999;0.486999;0.726999;0.368;1.6309786
0.353999;0.3879;0.359999;0.318999;0.26992437
0.342999;0.502099;0.443;0.621;0.18813488
0.631;0.369;0.585999;0.515999;0.31589743
0.4915;0.743;0.473999;0.599;0.8874166
0.597499;0.429;0.423999;0.221999;0.65618336
0.231999;0.171999;0.227;0.177;-0.6179762
0.165;0.393999;0.296999;0.385999;-0.69146276
0.416999;0.542;0.6356;0.828;0.3707039
0.736;0.476999;0.7804;0.544999;0.78297436
0.573;0.455;0.573;0.455;0.5634236
0.5015;0.832999;0.3949;0.7421;1.1450577
0.767499;0.533;0.734899;0.422599;1.2243259
0.399;0.362;0.3626;0.337299;0.27643022
0.347;1.0;0.497399;1.0;1.1421847
1.0;0.534199;1.0;0.4281;1.5006888
0.43;0.3498;0.589999;0.5139;0.50107116
0.34;0.307;0.507;0.315;-0.29831052
0.681599;0.841;0.5;0.690999;0.9395229
0.5124;0.387999;0.095999;0.0;0.66201866
0.021;0.010999;0.329;0.367999;-1.0806215
0.373;0.698;0.555;0.746;0.017972529
0.744999;0.507;0.707999;0.512;0.98024184
0.484999;0.402;0.547;0.532;0.5002307
0.5099;1.0;0.472999;1.0;1.4018285
1.0;0.74;0.917;0.762999;2.1116185
0.783;0.646999;0.477499;0.099;1.4322507
0.156999;0.188699;0.3515;0.722999;0.12407777
0.658;0.7313;0.863999;0.632799;0.68381906
0.658999;0.446999;0.747999;0.5402;1.0427642
0.510899;0.570999;0.337;0.510999;0.66200674
0.5881;0.6738;0.6079;0.731999;1.1194873
0.687999;0.6817;0.726099;0.663;1.4329958
0.661;0.750499;0.678;0.562999;1.5399086
0.576999;0.692;0.603999;0.47;1.3969469
0.469;0.304;0.521999;0.523999;0.4926848
0.474;0.234;0.535;0.47;-0.33868372
0.500799;0.753;0.081299;0.093999;0.3639209
0.116199;0.183;0.444199;0.812;0.17221448
0.771;0.64;0.6155;0.266999;0.34707364
0.259;0.250999;0.372;0.493;0.2230036
0.552999;0.881999;0.491999;0.753;0.9081977
0.747;0.274;0.748;0.526;0.88759243
0.4639;0.4485;0.356999;0.302999;0.05470985
0.323099;0.457499;0.497999;0.457;0.16358969
0.487;0.447;0.496;0.505;0.25643882
0.443899;0.470999;0.216;0.154999;0.14794645
0.1991;0.505;0.449099;0.494;0.16548511
0.5;0.101999;0.5249;0.508;-0.4055333
0.372999;0.323;0.429;0.365;-0.59135675
0.504;0.611;0.408;0.442;0.33646104
0.512999;0.467999;0.458099;0.451999;0.5928206
0.372999;0.533;0.318899;0.609;0.48481998
0.632;1.0;0.701;1.0;1.6810465
1.0;0.845;1.0;0.6959;2.3652482
0.624;0.256999;0.724999;0.491899;1.0487812
0.524099;1.0;0.6612;0.749;1.2603033
0.8509;0.415999;0.777799;0.728;1.4646757
0.658;0.494999;0.0;0.0;0.40241954
0.0;0.0;0.055599;0.018;-1.0381591
0.0;0.063;0.241;0.337;-1.8522186
0.385999;0.146999;0.648;0.539;-1.1608106
0.508;0.414999;0.564999;0.513999;-0.19968277
0.505;0.846;0.453;0.501;1.0526495
0.528999;0.445;0.394999;0.716099;1.0262744
0.6927;0.857999;0.768;0.6539;1.4135766
0.6503;0.756;0.71;0.830399;1.8730509
0.919999;0.953;0.798999;0.8986;2.230339
0.981;0.412999;0.971;0.588999;1.6643453
0.398;0.398;0.64;0.483;0.4246461
0.561;1.0;0.384;1.0;1.3502526
1.0;1.0;1.0;0.471;2.416097
0.442399;0.118;0.353999;0.341999;0.7408011
0.3476;0.316;0.447;0.7;-0.50092757
0.62;0.478299;0.485999;0.116999;0.04508668
0.234999;0.108699;0.462;0.512999;-0.48104048
0.473099;0.929;0.56;0.91;0.80081403
0.928899;0.558999;0.788999;0.403999;1.4801729
0.386;0.295999;0.0;0.0;0.03734404
0.0;0.0;0.466;0.741;-1.1159372
0.782;1.0;0.8;1.0;1.1213052
1.0;0.378;1.0;0.504;1.5486526
0.521899;1.0;0.423999;0.879999;1.5222597
0.8761;0.466999;0.6476;0.435;1.3760972
0.442;0.521;0.464399;0.570999;0.67489326
0.53;0.561;0.731;0.489;0.71359456
0.588;0.503;0.540999;0.482999;0.6819445
0.402;0.45;0.649;0.695;0.5457508
0.4823;0.603999;0.462;0.493;0.6598133
0.704699;0.808999;0.503;0.786;1.4360476
0.77;0.932;0.811999;0.908999;2.1907198
0.96;0.496;0.866;0.446999;1.6091514
0.393;0.593999;0.612;0.52;0.8718002
0.564999;0.347;0.582;0.633;0.44270632
0.558999;0.451;0.617999;0.452999;0.30287382
0.5031;0.943;0.341999;0.931;1.3273287
0.926899;0.916999;0.987;0.878;2.3213077
0.922;0.902999;0.716;0.522999;2.3712504
0.439;0.824;0.389;1.0;1.9533205
1.0;0.583999;0.852999;0.125;1.2286532
0.190999;0.0;0.621;0.4565;-0.33228517
0.408999;1.0;0.442;1.0;0.6652641
1.0;0.597999;0.686;0.0;1.3542998
0.0;0.209;0.424999;0.776;0.07945472
0.807;0.964999;0.4662;0.893;1.1967051
0.936999;0.859999;1.0;0.863;2.4265933
0.771999;0.435;0.847;0.601999;1.5271115
0.504;0.383;0.576999;0.383;0.32091913
0.5726;1.0;0.362;1.0;1.3376522
1.0;0.917;1.0;0.899;2.4600315
0.888999;1.0;0.902999;0.976999;2.692424
1.0;0.899999;0.0;0.0;2.1369922
0.0;0.0;0.704;1.0;0.51461035
1.0;0.298999;1.0;0.6021;-0.29777706
0.4793;1.0;0.370899;1.0;1.4203417
1.0;0.905;1.0;0.720499;2.344625
0.725;1.0;0.828;1.0;2.5549161
1.0;1.0;1.0;1.0;2.727412
1.0;1.0;0.966999;0.6871;2.789532
0.0;0.0;0.033;0.312899;0.5878764
1.0;1.0;0.966999;0.6871;1.1205304
0.789999;0.0;1.0;0.605899;0.925343
0.0;0.0;0.0;0.0;-1.6701174
0.2064;1.0;1.0;1.0;0.46243843
1.0;0.219999;0.4428;0.0;0.49250898
0.0;0.885999;0.0;1.0;0.36677
1.0;1.0;1.0;1.0;2.1645296
1.0;0.197;1.0;0.498999;1.3512659
0.414999;0.530999;0.447;0.545;0.25791106
0.622;0.753999;0.0;0.0;0.7881719
0.0;0.0;0.063;0.586099;-0.26772445
0.528999;0.663;0.736499;0.382899;-0.010104239
0.502;0.286;0.0;0.0;0.008769572
0.0;0.0;0.0;0.0;-1.513247
0.0;0.0;0.831;0.715;-1.7762077
0.0;0.0;0.0;0.0;-1.8926544
1.0;1.0;0.645;1.0;1.0395186
1.0;1.0;1.0;1.0;2.8337407
1.0;1.0;1.0;1.0;2.869277
1.0;1.0;1.0;1.0;2.869277
1.0;0.378999;1.0;0.318999;1.5822756
0.762999;1.0;0.937;1.0;1.7529714
1.0;0.606999;0.338;1.0;2.037506
1.0;1.0;1.0;0.0;1.895355
0.0;0.445999;0.0;1.0;0.9627002
1.0;0.084;0.9324;0.0;-0.9250474
0.0;0.0;0.757;0.890999;-1.3921571
0.792;0.499;0.802999;0.49;-0.057880342
0.514;1.0;0.079999;1.0;1.5080678
1.0;1.0;1.0;1.0;2.530347
1.0;1.0;1.0;1.0;2.869277
1.0;1.0;1.0;1.0;2.869277
1.0;1.0;1.0;1.0;2.869277
1.0;0.102999;1.0;0.545999;1.2000906
0.634;1.0;0.0;1.0;1.0852265
1.0;1.0;1.0;1.0;2.577101
1.0;0.0;1.0;0.0;0.48792538
0.0;0.0;0.0;0.412999;-1.8563969
0.637;0.0;0.5669;0.0;-1.8918765
0.0;0.0;1.0;0.0;-2.2973104
0.48;0.0;0.0;0.0;-2.1871102
0.0;0.0;0.0;0.0;-2.024455
0.0;0.0;0.812999;0.0;-2.3304207
0.0;0.0;0.0;0.0;-2.3183687
0.0;1.0;0.542699;1.0;0.1551139
1.0;0.0;1.0;1.0;0.58373684
1.0;0.494;1.0;0.494;0.46903965
0.495;1.0;0.235999;1.0;1.6251552
1.0;1.0;1.0;0.0;2.0450044
0.0;0.976;1.0;1.0;1.996665
1.0;0.0;1.0;0.0;-0.26353425
0.503;1.0;0.0;0.4761;0.40419278
0.472999;0.0;1.0;0.507899;0.2995151
0.103999;1.0;0.0;1.0;0.3198373
1.0;1.0;1.0;1.0;2.3132968
1.0;0.0;1.0;0.0;0.48792538
0.0;0.0;0.0;0.0;-2.112071
0.0;0.0;1.0;1.0;-1.6127152
1.0;0.504999;1.0;0.540999;0.15236315
0.181;0.192999;0.548;0.194;-0.07030791
0.340999;1.0;0.082999;1.0;0.6262827
1.0;1.0;1.0;1.0;2.445476
1.0;0.0;1.0;0.0;0.48792538
0.0;0.0;0.0;0.909;-1.6383691
0.0;0.0;0.838999;0.314999;-1.6759646
0.616;0.0;1.0;0.655999;-1.5061092
0.0;0.263999;0.0;0.403;-0.99749684
1.0;1.0;0.0;0.608;1.1792231
0.716;0.756499;1.0;0.204999;1.9577432
0.236;1.0;0.569999;0.888999;1.7164636
1.0;0.0;0.0;0.0;-0.034208357
0.0;0.0;0.0;0.0;-1.8475456
0.0;0.0;1.0;0.349;-2.0658238
0.515;0.447;0.933999;0.784999;-0.44605255
0.0;1.0;0.0;1.0;1.0450916
1.0;0.0;1.0;1.0;0.46404776
1.0;0.851999;0.835999;0.0;0.88278234
0.0;1.0;1.0;1.0;1.8798757
1.0;1.0;1.0;0.741;2.3448157
0.744;0.0;1.0;0.557999;0.906496
1.0;0.602;0.0;0.0;0.03956133
0.0;0.0;0.0;0.0;-0.6436837
0.0;1.0;0.0;1.0;-0.028370082
1.0;0.573;1.0;0.0;0.96664304
0.0;0.0;0.183;0.2673;-0.6427151
0.0;0.0;0.741;0.3357;-1.908834
0.555999;0.548999;1.0;0.747999;-0.17935163
0.0;1.0;0.0;0.0;1.0616112
0.0;0.026699;0.406999;0.0;-0.5407345
0.0;0.0;0.0;0.475999;-1.9042981
0.137;1.0;0.323;1.0;0.38896677
1.0;0.8359;0.0;0.0;1.5706885
0.0;0.0;0.521;0.974;0.35342154
0.21;0.646;0.873999;0.718;0.035111845
1.0;0.8289;0.0;0.0;1.2460339
0.0;0.0;0.823999;0.6698;0.23471293
0.596;1.0;0.0;0.0;0.48104998
0.0;0.0;0.927;1.0;0.45254406
1.0;0.022999;0.2377;0.299999;-1.1611593
0.518999;0.646;1.0;0.945999;0.48081455
0.609;0.216;1.0;0.615;0.53317124
0.600699;1.0;0.0;1.0;1.1241364
1.0;0.0;1.0;0.0;0.008155644
0.0;0.1959;0.0;0.0;-1.7376256
0.0;0.0;0.0;0.0;-1.8774314
0.0;0.0;0.37;1.0;-1.6307695
1.0;0.0;1.0;0.0;-1.7181885
0.927999;0.893;0.402;0.411;0.593515
0.013999;1.0;0.222999;1.0;1.8421757
1.0;0.0;1.0;0.0;-0.38488328
0.0;0.772499;0.0;0.0;-0.5773705
0.001999;0.0;0.0;0.0;-0.9458196
0.0;0.0;0.0;0.0;-2.17043
0.0;0.0;1.0;0.006;-2.3752165
1.0;0.537999;1.0;1.0;0.029848754
0.0;1.0;0.0;0.451999;1.4507282
1.0;1.0;0.546;1.0;2.1152604
0.966999;0.6033;0.0;0.0;1.6361761
0.0;0.0;0.466;0.0;-0.67953885
0.0;0.0;0.488999;0.3366;-2.0747912
0.637;0.375999;1.0;0.854999;-0.41656315
0.234999;0.331;0.0;0.268;-0.066132605
0.872999;1.0;0.665;0.867;1.4243531
0.933999;0.122;0.579999;0.105;0.71994543
0.0;0.0;0.0;0.0;-1.6646488
0.0;1.0;0.0;0.405;-0.07855123
0.066;0.0;0.786999;0.772999;0.0060575604
0.64;0.0;1.0;0.133;-1.7299426
0.192999;0.520999;0.547999;0.847999;-0.51131964
0.600999;0.959;0.057999;0.399999;1.26652
0.917;0.369;0.0;0.0;0.7460135
0.0;0.0;0.181999;0.46;-0.8771342
0.403999;0.0;0.0;0.0;-1.8380475
0.0;0.6152;1.0;0.844999;-0.3593576
1.0;0.369799;1.0;0.743;0.7281053
0.239999;0.3919;0.515;0.515999;0.35962042
0.582999;1.0;0.0;0.023299;0.9828108
0.0;0.0;0.223099;0.4427;0.09772056
0.632;0.865;0.1919;0.149;0.2739894
0.011999;0.0;0.049999;0.0;-0.31026423
0.108;0.736499;0.0;1.0;-0.3608179
1.0;0.3695;1.0;0.039;0.28014657
0.341999;0.662999;0.780999;0.8772;0.6614733
0.796999;0.745;0.0;0.0;1.092385
0.0;0.0;0.0;0.0;-0.4932773
0.0;0.0;0.0;0.0;-2.171005
0.0;0.0;0.0;0.0;-2.171005
0.0;0.0;0.0;1.0;-1.6666365
1.0;0.401999;1.0;0.743;0.03798479
0.59;0.962;0.0;0.428;1.4361489
0.436999;0.564999;0.0;0.0;0.95150346
0.0;0.0;0.0;0.0;-1.0427397
0.0;0.0;0.0;0.0;-2.171005
0.0;0.411;0.3064;1.0;-0.9247941
1.0;1.0;1.0;1.0;1.7780113
1.0;0.0;1.0;1.0;1.3183522
0.698;1.0;0.425;0.431;1.2207854
0.2255;1.0;0.0;1.0;1.8898594
1.0;0.556999;1.0;0.896099;1.6298461
0.851999;0.715;0.0;0.0;1.260494
0.0;0.0;0.0;0.234;-0.37630618
0.0;0.0;0.177999;0.795999;-1.6097915
0.789999;0.0;1.0;0.448999;-1.3515753
0.787999;0.787999;0.019899;0.6463;0.5281078
0.3267;1.0;0.0;1.0;1.74021
1.0;1.0;1.0;0.0;1.9115794
0.289999;0.579999;0.593;0.726;1.385014
0.59;1.0;0.701999;1.0;1.7138171
1.0;0.8269;1.0;0.945;2.3955333
0.444;0.039;1.0;0.438;0.6349343
0.175999;0.474999;0.175999;0.2547;-0.68703413
0.859;0.974;0.0;0.590299;1.2740302
0.859;0.381;0.075899;0.0;0.9547996
0.0;0.091999;0.207;1.0;-0.5122316
1.0;0.462;1.0;0.0;-0.3145051
0.0;0.162999;0.0637;1.0;-0.32539785
1.0;0.128999;1.0;0.442999;-0.69379926
0.478;0.478;0.282;0.288;-0.12101954
0.0;1.0;0.0;0.818799;0.88529766
1.0;0.336999;1.0;0.0;0.39544877
0.070999;0.0971;0.0;0.0741;-1.1008751
0.0;0.976999;0.909999;1.0;0.40172514
1.0;0.036999;1.0;0.070999;-0.108729064
0.144999;0.060999;0.890799;0.494;-1.5321596
0.390999;0.515999;0.268999;0.3836;-0.41328192
0.474;0.473;0.0;0.0;0.066556275
0.0;0.0;0.0;0.040299;-1.1618775
0.332;0.3187;0.621499;0.6516;-0.9575021
0.384;0.515;0.6975;0.6841;0.31735477
0.631;0.707999;0.297999;0.115;0.8135545
0.05;0.0;0.69;0.552999;-0.24658865
0.545999;0.398;0.394599;0.2916;-0.68833053
0.358899;0.629999;0.0;0.513399;0.39453086
0.506099;0.866;1.0;0.7002;1.4587867
0.867;1.0;1.0;1.0;2.3957598
1.0;1.0;1.0;1.0;2.809571
1.0;1.0;1.0;0.375299;2.6482809
0.256999;0.0;0.802;0.792;0.75767815
0.57;0.298999;0.198;0.243;-0.7539314
0.081;1.0;0.347999;1.0;0.84591687
1.0;1.0;0.9776;0.885999;2.326398
0.919;1.0;0.913399;1.0;2.795099
1.0;1.0;1.0;1.0;2.824663
1.0;0.807;1.0;0.0;2.1432745
0.0;0.0;0.7182;0.89;0.16286549
0.694;0.266999;0.565999;0.125999;-0.9336662
0.714999;1.0;0.0;1.0;1.1208403
0.637;1.0;0.866;0.0;2.1111238
0.004;0.0;0.0;0.0;-0.095252454
0.0;0.0;0.0;0.642699;-1.8006308
0.646999;0.901;0.2192;1.0;0.66747546
0.597999;0.335999;1.0;0.414999;0.9882825
0.243;0.2515;0.228999;0.1139;-0.6069493
0.695399;1.0;0.1794;0.253799;0.87045014
0.287599;0.947;0.0;0.0;1.6262758
0.0;0.0;0.0;0.7683;-0.08814162
0.687;0.603999;1.0;0.489999;0.09011501
0.413999;0.973999;0.0;1.0;1.4766324
1.0;0.243;1.0;0.601999;0.94034547
0.401;0.679;0.468;0.73;0.73734105
0.675999;0.610999;0.0;0.0;0.76933384
0.096;0.381;0.0;0.0;-0.120417535
0.0;0.02;0.724;1.0;-0.9310198
1.0;1.0;0.918999;0.9677;1.3942051
0.753999;0.4604;1.0;0.462499;1.7508733
0.216;0.073;0.789999;0.731999;-0.20772046
0.725999;0.238;0.0;0.0;-0.92157245
0.239;1.0;0.256999;1.0;0.80513537
1.0;0.615;0.99;0.0;1.2654591
0.0;0.0;1.0;0.635999;-0.31618
0.573999;0.507799;0.213;0.2385;-0.4691136
0.217999;0.505099;0.210999;1.0;0.44778165
1.0;0.43;1.0;0.556999;0.6718117
0.616999;0.499;0.0;0.145;0.48366365
0.100999;1.0;0.060999;1.0;1.0273354
1.0;0.874;1.0;0.0;1.6010928
0.129999;0.988;0.552;1.0;1.773535
1.0;0.517;1.0;0.0;1.0156441
0.006;0.303999;0.429;0.2496;-0.22300309
0.153999;0.0;1.0;0.585;-1.233257
0.686;0.547999;0.444;0.530999;-0.110022485
0.254;0.898;0.0;0.0;1.0051239
0.061999;0.057999;0.32;0.4701;-0.1767469
0.282;0.152999;0.0;0.694899;-1.0614318
0.678999;0.405;0.986999;0.146;-0.36455214
0.179;0.625999;0.655;0.289;0.24031875
0.0;0.0;0.323;0.487;-0.65653145
0.835;0.523;0.6976;0.442599;-0.13583726
0.487;0.878999;0.4106;0.506999;1.3594079
0.411999;0.736;0.0;1.0;1.4034379
1.0;1.0;1.0;0.5095;2.0547855
0.911999;1.0;0.6385;1.0;2.5956619
1.0;1.0;1.0;1.0;2.7926672
1.0;0.359999;1.0;0.580999;1.7182696
0.426999;0.463999;0.318999;0.314999;0.34748194
0.369;1.0;0.329;1.0;1.2414384
1.0;1.0;1.0;0.7538;2.4370956
0.81;0.087;0.0;0.0;0.64181864
0.0;0.0;0.2404;1.0;-1.2237144
1.0;1.0;1.0;1.0;1.3960171
1.0;0.492999;1.0;0.499;1.9136298
0.084999;0.396;1.0;1.0;0.68253756
0.813;1.0;0.0;1.0;1.4260995
1.0;1.0;1.0;0.0;2.1809745
0.0;0.0;0.0;0.941399;0.36446926
1.0;1.0;1.0;1.0;1.3774145
0.820999;1.0;1.0;0.881799;2.7754176
0.874;0.0;1.0;0.527;0.8192438
0.363;0.472999;0.363;0.3996;-0.35393953
0.602999;1.0;0.0;0.0;1.0996807
0.0;0.76;0.406799;1.0;1.4291155
1.0;1.0;1.0;1.0;2.1122801
1.0;0.804999;1.0;0.748399;2.5387156
0.576;0.313;1.0;0.4285;1.075511
0.466999;0.012;0.5712;0.135;-1.0924858
0.194999;1.0;0.537999;1.0;0.44704255
1.0;0.815999;0.376;0.402999;1.8374133
0.277;0.568;0.894999;0.4298;1.3086009
0.671999;1.0;0.657;1.0;1.6554701
1.0;1.0;1.0;1.0;2.683531
1.0;1.0;1.0;1.0;2.869277
1.0;0.353999;1.0;0.397999;1.5881705
0.024999;0.441;0.225999;0.602;0.10142499
1.0;1.0;0.581;1.0;1.6396093
1.0;0.0;0.358;0.0;0.47912773
0.0;0.0;0.158;0.0;-1.948808
0.0;0.0;0.0;0.0;-2.19378
0.0;0.0;0.0;0.0;-2.171005
0.0;0.0;0.962999;0.129999;-2.2487028
0.2;1.0;0.609;1.0;0.2772766
1.0;1.0;0.0;0.0;1.9335079
0.0;0.360999;0.0;1.0;1.0027754
1.0;1.0;1.0;0.8413;1.6623127
0.689;0.536;0.0;0.0;1.46191
0.0;0.1841;1.0;1.0;-0.0283373
1.0;0.545299;1.0;0.482799;0.4353511
0.364199;0.5267;0.0;0.5979;0.7615495
0.0;1.0;0.686;1.0;1.2355673
1.0;0.239;0.829999;0.0;0.3209966
0.0;0.0;0.000599;1.0;-1.037879
1.0;1.0;1.0;0.0546;0.79223394
0.091999;0.382;0.486999;1.0;1.098855
1.0;0.330999;1.0;0.422;0.14848885
0.227;0.337;0.337999;0.411999;-0.08105463
0.585;0.960999;0.0;0.207999;0.87103426
0.449999;0.936;0.0;0.0;1.550554
0.0;0.0;0.0;0.0;-0.37608266
0.0;0.004;0.625;1.0;-1.6097379
1.0;1.0;1.0;0.664999;1.2853014
1.0;0.799;1.0;0.552999;2.3766923
0.0;0.0;0.0;0.376;0.21810707
0.619999;1.0;0.0;0.0;0.44325766
0.0;0.0;0.097999;0.09;-0.08957213
0.057;0.764;0.13;1.0;-0.28600514
1.0;0.463999;1.0;0.676999;1.0134089
0.203999;0.0;0.0;0.0;-0.55668175
0.0;0.0;1.0;0.478;-1.897378
0.605999;0.616;0.0;0.473999;-0.19737011
0.376;1.0;0.416999;1.0;1.5881467
1.0;1.0;1.0;0.3119;2.2254157
0.599999;0.147999;0.0;0.0;0.47755417
0.0;0.3232;0.0;1.0;-0.7187289
1.0;1.0;1.0;0.0;1.0614173
1.0;0.0;1.0;0.549899;0.47683296
0.31;0.195499;0.546;0.5002;-0.82565963
0.587999;0.772999;0.0;0.0;0.30134496
0.0;0.0;0.0;0.0;-0.5746168
0.0;0.0;0.0;0.0;-2.171005
0.0;0.0;0.165599;0.0;-2.1955175
0.0;0.0;0.3114;0.7102;-1.7877233
0.713;0.274;1.0;1.0;-0.3412944
0.468099;1.0;0.315199;0.0;1.1669862
0.2188;0.0;0.4485;1.0;0.37495074
1.0;1.0;1.0;1.0;1.4707673
1.0;0.397199;0.233599;0.787899;1.7591405
0.634;0.9201;0.1967;0.0;1.3039994
0.0;0.0;0.0;0.563299;0.025902927
0.514799;0.0;0.808;0.384;-1.5575719
0.428;0.777;0.5365;0.7128;0.2786803
0.804199;1.0;0.245199;1.0;1.9736874
1.0;0.768999;1.0;0.317999;2.103995
0.408;1.0;0.8147;1.0;2.0860124
1.0;1.0;0.0;0.0;2.060746
0.0;0.0;0.0;0.0;0.11492249
0.0;0.0;0.963099;0.554899;-1.8986208
0.4452;0.439;0.3119;0.308199;-0.6914538
0.499799;1.0;0.0;1.0;1.1914778
1.0;1.0;1.0;1.0;2.5111067
1.0;1.0;0.375299;0.0;2.4383175
0.0;0.0;0.302599;1.0;0.6226826
1.0;0.741;1.0;0.5382;0.69925666
0.253;0.0;0.7377;0.165899;0.024257839
0.775999;1.0;0.9183;0.898;0.93091303
1.0;0.522;0.0;0.0852;1.4538634
0.0;0.0;0.0;0.0;-0.7549
0.0;0.0;0.0;0.54;-1.849757
0.673;0.768;1.0;1.0;0.60611844
0.927;0.922999;0.0;0.744999;2.0092654
0.738999;0.241;1.0;0.465;1.0205972
0.261;0.759;0.0;0.534999;0.4349726
0.738999;0.241;1.0;0.465;0.32498118
0.632;0.632;0.0;0.0;0.20875213
0.0;0.948999;0.955999;1.0;1.343261
1.0;0.158;0.534;0.194;0.3107297
0.095;1.0;0.519999;1.0;0.79762816
1.0;1.0;1.0;1.0;2.390318
1.0;0.671999;0.968999;0.192;2.0600545
0.222999;0.218;1.0;0.738;0.4830527
0.399;0.247;0.0;0.0;-0.8323711
0.0;1.0;0.0;0.0;0.27179298
0.0;0.0;0.0;0.132999;-0.4940909
0.106999;0.015;0.5922;0.033;-2.115835
0.058999;0.9981;0.0;0.802;-0.0047100186
0.802;0.0;1.0;0.143999;-0.27874237
0.143999;0.0;0.657299;0.387;-1.7903252
0.768;0.709999;0.4587;0.371;0.15768287
1.0;1.0;0.209999;1.0;2.0671952
0.069;1.0;1.0;0.218999;2.2092628
0.218999;0.0;0.190999;0.402;-0.08740848
0.402;0.483;0.803;0.801;-0.258596
0.813;0.939999;0.661;0.954999;1.7030525
0.942999;0.554699;0.744999;0.0;1.444726
0.656199;0.4873;0.713;1.0;0.891419
0.5998;0.765999;0.0;0.052499;1.02018
0.007;0.665;0.924999;1.0;1.1180866
1.0;1.0;1.0;1.0;2.0794976
1.0;1.0;0.3888;1.0;2.691846
1.0;0.754;1.0;0.567;2.3196626
0.476999;0.523999;1.0;1.0;1.5537965
0.632;0.0;0.0;0.0;-0.5525094
0.0;1.0;0.329999;1.0;0.25170025
1.0;1.0;1.0;0.876;2.2863019
0.811;0.974999;0.909999;0.909;2.7022707
0.790999;1.0;0.362;0.0;2.2177446
0.0;0.911999;0.558999;1.0;1.8053162
1.0;0.442;1.0;0.0;0.66651285
0.0;0.973999;0.429;0.441;0.88466287
1.0;0.96;0.0;1.0;1.9085038
0.111999;1.0;0.873;0.0;2.037661
0.0;0.0;0.783999;1.0;0.15974519
0.877;0.5802;0.0;0.613;0.19811866
0.991;0.7958;1.0;0.71;1.8126774
0.481999;0.0;0.6105;0.215999;0.25812563
0.102499;0.010599;0.6735;0.4628;-1.6809804
0.576999;1.0;0.186299;1.0;0.71391046
1.0;1.0;0.9057;0.681999;2.4771917
0.652;0.0;0.0;0.0;0.44252154
0.0;0.012;0.0;1.0;-1.4493567
1.0;0.644999;1.0;0.964999;0.70807815
0.965999;0.335999;1.0;0.5;1.1019397
0.1952;0.1952;0.0;0.0;-0.57696223
0.0848;1.0;0.326999;1.0;0.46504018
1.0;1.0;1.0;0.332599;2.0711827
0.204;0.689;0.31;1.0;1.6819227
1.0;1.0;0.0;0.0;1.6064572
0.0;0.0;1.0;0.738;0.61173916
1.0;0.528;0.0;0.173;-0.15219575
0.0;1.0;1.0;0.671;1.458745
0.671;0.0;0.0;0.195999;-0.05838996
0.241999;1.0;0.689;1.0;0.6833154
1.0;1.0;1.0;1.0;2.48438
1.0;0.747599;0.220999;0.416999;2.1664488
0.412999;0.0;1.0;0.553;0.2647954
1.0;1.0;1.0;1.0;1.3402092
1.0;0.778999;0.0;0.706;2.237718
0.0;0.382;0.674999;1.0;1.0779667
0.994;0.238999;0.906;0.680999;0.10099286
0.727;1.0;1.0;0.0;1.313405
0.0;1.0;0.595199;0.950999;1.8632519
1.0;0.0;1.0;1.0;0.5908477
0.866999;0.644999;0.989699;0.644999;0.81903815
0.432;1.0;0.0;1.0;1.7150033
1.0;1.0;0.706;0.0;2.0122635
0.0;1.0;1.0;1.0;2.0935285
1.0;1.0;1.0;1.0;2.408712
1.0;0.0;0.0;0.0;0.5491095
0.0;0.0;0.611399;0.674099;-1.4555973
0.5146;1.0;0.5155;1.0;0.80539167
1.0;1.0;0.0;1.0;2.288227
1.0;1.0;1.0;0.0;2.2822964
0.0;0.0;0.119;0.238;0.089030206
0.329999;0.0;0.0;0.0;-1.9561512
0.0;0.0;0.0;0.0;-2.0720048
0.0;0.0;0.947299;0.506;-1.9328904
0.064999;0.0;0.1507;0.513;-1.6828043
1.0;1.0;0.75;1.0;1.2398291
1.0;1.0;1.0;1.0;2.8448749
1.0;1.0;1.0;0.0;2.4097252
0.0;0.0;0.0;1.0;0.3807771
1.0;1.0;1.0;0.76;1.3177502
0.873999;0.243;1.0;0.685;1.4834094
0.0;0.717999;0.415;0.799999;0.55097216
1.0;1.0;0.0;1.0;1.7631578
1.0;1.0;1.0;1.0;2.7540612
1.0;0.3108;1.0;0.0;1.1859524
0.0;1.0;0.920899;1.0;0.92011267
1.0;0.0;1.0;0.0;-0.24377531
0.0;0.0;0.968;0.722999;-1.7186148
0.783;0.290999;0.403999;0.146;-0.8799386
0.022;1.0;0.0;0.0;0.5352455
0.0;0.0;0.0;1.0;-0.105018675
1.0;0.075999;0.0;0.0;-1.2808931
0.0;0.0;0.560799;1.0;-1.1383635
1.0;1.0;1.0;1.0;1.4010358
1.0;0.091;1.0;0.981999;1.4701831
1.0;0.807999;1.0;0.719999;1.3868082
0.582999;1.0;0.0;0.0;1.9132483
0.0;0.0;0.0;1.0;0.26723322
1.0;0.436;1.0;0.0;-0.5011004
0.394;0.0;0.0554;0.0;-1.0364544
0.0;0.0;0.0;1.0;-1.5591693
1.0;0.3121;1.0;0.040999;-0.8045298
0.5869;0.4111;0.0;0.987399;0.12605962
0.492099;0.225799;0.0;0.0;-0.31902313
0.0;0.0;0.0;0.0;-1.6257448
0.0;0.0;0.0;0.660799;-1.7937346
0.649;0.694;1.0;0.8079;0.40090856
0.822999;0.180999;0.212999;0.0;0.1649904
0.0;0.0;0.622;1.0;-1.0333312
0.882;0.34;0.747;0.119999;-0.6468159
0.305999;0.305999;0.0;0.0;-0.57093024
0.0;1.0;0.754099;1.0;0.72987854
1.0;0.5407;0.0;0.0;0.99625164
0.0;0.313199;0.0;1.0;0.14457282
1.0;0.1056;1.0;0.0;-1.0511976
0.0;0.0;0.069;0.399;-1.6294582
0.0;1.0;0.473199;1.0;0.29211518
1.0;1.0;0.7639;0.0;1.8488455
0.0;0.0;1.0;1.0;0.6409812
1.0;0.345999;0.444;0.0;-0.65081835
0.0;0.0;0.0;0.1448;-1.1222941
0.161199;0.0;0.0;0.0;-2.0447655
0.254;0.093999;1.0;1.0;-1.242618
0.4427;1.0;0.363499;0.6901;0.9491789
0.663299;0.8862;0.0;0.0;1.6509223
0.052;0.0;0.0;0.0;-0.3156346
0.0;0.545;1.0;1.0;-0.5409759
1.0;1.0;1.0;0.776799;1.9019413
0.673999;0.015;0.0;0.1799;0.63268125
0.215;0.0;1.0;0.2762;-1.6859365
0.0;0.2202;0.201499;0.4726;-1.4191759
0.7841;0.985799;0.0;0.9855;1.021822
1.0;1.0;1.0;0.694499;2.5635529
0.677999;0.5;0.240399;0.7379;1.7107236
0.042;1.0;0.323;0.0;1.1205721
0.040999;1.0;0.397999;1.0;1.4850724
1.0;0.0;1.0;0.0;-0.32324016
0.472999;0.5177;0.477099;0.487899;-0.50040007
0.0;1.0;0.516599;1.0;1.2105334
1.0;1.0;1.0;1.0;2.343433
1.0;0.442999;0.0;0.0;1.4086235
0.0;0.0;0.442999;0.8892;-0.45794368
0.878;0.689999;0.0;0.0;0.102351844
0.0;0.0;0.9213;1.0;0.06545955
0.3086;0.552999;0.0;0.524699;-0.28573394
1.0;0.548;1.0;0.0;0.5106824
0.0;0.495;0.0;0.0;0.013350189
0.0;0.0;0.044999;0.5942;-1.0640097
0.701;0.385;0.855;0.3947;-0.53498566
0.161;0.879;0.524;0.374099;0.85132897
0.271;0.117899;0.495;1.0;0.32541034
1.0;1.0;1.0;1.0;1.6075242
1.0;0.6534;0.309099;0.0;1.8365908
0.0;0.0;0.0;0.3348;-0.36013246
0.366;0.441;0.0;0.0;-0.9419483
0.0;0.0;0.0531;1.0;-0.81169426
1.0;0.445999;1.0;0.0;-0.4704666
0.0;0.0;0.4595;0.9483;-0.5588484
0.010399;0.725999;1.0;1.0;0.1553255
1.0;0.869799;0.0634;0.516199;1.5866268
0.511;0.6297;0.3566;0.0;1.2880611
0.0;0.0;0.3411;0.3977;-0.64319193
0.472;0.0;0.0;0.306199;-1.6193016
0.325999;0.913499;0.662999;1.0;0.58791214
1.0;1.0;1.0;1.0;2.4404454
0.0;0.0;0.0;0.0;0.51414543
0.659999;1.0;0.314999;1.0;0.66456676
1.0;1.0;1.0;1.0;2.6346374
1.0;1.0;0.350999;0.501899;2.5899935
0.764;0.0;0.654;0.0;0.32123503
0.0;0.537199;0.418099;0.305899;-0.8423251
0.301;0.0;0.0;0.471;-0.8309078
0.951;1.0;0.3196;1.0;1.1463809
0.530999;0.478999;0.905499;1.0;1.8298376
1.0;0.837999;1.0;0.0;1.2836802
0.0;0.0;0.0;0.0;-0.32221496
0.0;0.0;0.0;0.0;-2.171005
0.0;0.902;0.4915;1.0;-0.025336206
1.0;0.0;0.8147;0.3797;-0.044412673
1.0;1.0;1.0;0.494;1.187532
0.033;0.0;0.0;0.085299;0.33958134
0.0;0.0;0.0;0.2782;-1.9362731
0.215;1.0;0.9004;1.0;0.55858666
1.0;1.0;1.0;1.0;2.498089
0.853999;0.865899;0.0;0.658;2.2848237
1.0;0.4541;1.0;0.494999;1.4100897
0.0;0.0;0.0;0.542;-0.4148525
0.0;1.0;0.451;0.947299;0.33199963
1.0;0.0;0.087;0.0;-0.21633333
0.0;0.0;0.0;0.0;-1.8659337
0.0;0.0;0.221;1.0;-1.6430032
1.0;0.695;1.0;0.0;0.15549538
0.0;0.0;0.4629;0.7845;-0.118614495
0.714399;0.817999;0.337599;0.518;0.51188344
0.5336;1.0;0.613;1.0;2.0720172
1.0;1.0;0.915;1.0;2.5905836
1.0;1.0;1.0;0.178899;2.5192428
0.144999;0.0;0.0;0.664099;0.429787
0.0;0.0;0.7402;0.0;-1.9343777
1.0;1.0;1.0;1.0;1.0266352
1.0;1.0;0.0;0.0;2.359103
0.0;0.0;0.0;0.0;0.11492249
0.0;0.0;0.0;0.0;-2.171005
0.0;0.0;0.3547;0.699;-1.769222
0.798;1.0;0.0;1.0;0.8977311
1.0;0.5728;1.0;0.2299;1.6352046
0.158999;0.287999;0.0;0.0;-0.09547001
0.0;1.0;0.0;1.0;0.3884631
1.0;0.527;1.0;0.391399;1.1550891
0.406999;0.186999;0.160299;0.1717;-0.08796579
0.0584;0.747;0.3225;0.596;0.083364785
0.0;0.078999;0.210499;0.0;-0.6190103
0.423999;0.0;0.668999;0.477999;-1.6566229
0.576999;1.0;0.576999;1.0;0.91089183
1.0;0.222;0.0;0.0;0.6639528
0.0;0.245599;0.0;0.0;-0.9588194
0.0;0.0224;0.0;1.0;-1.2700182
1.0;1.0;1.0;0.0;0.765841
0.0;0.375999;0.0;0.564499;0.7684815
0.296999;0.0;1.0;0.608999;-0.93814254
0.7;0.441;0.016;0.0;-0.6215972
0.912999;1.0;0.147999;0.933399;1.5210199
0.037;0.0;0.0;0.0;0.28815445
0.0;0.0;0.230399;0.370999;-1.9393785
0.269;1.0;0.353999;0.566;0.3982353
0.471999;0.0;0.0;0.2869;0.033338606
0.299;0.046;1.0;0.963099;-1.0704023
0.899;0.494;0.882999;0.494;0.18791136
0.501999;1.0;0.191;0.670999;1.5369642
0.757;0.0;0.408;0.51;0.40387985
0.379999;0.0;0.924999;0.578;-1.20251
0.81;0.456;0.0;0.552999;-0.18074936
0.411;1.0;0.010399;0.0;1.2013304
0.0;0.0;0.4936;0.588;0.07327968
0.694;0.552999;1.0;0.564999;-0.044922292
0.557;1.0;0.486;0.884999;1.7149496
0.897999;0.405;0.279999;0.0;0.98562115
0.266;0.483;0.26;0.796199;0.25859055
0.524;0.439999;0.0;0.0;0.027965248
0.0;0.085999;0.616999;0.933999;-0.5388063
0.778;0.537999;1.0;0.940299;0.40633258
0.0;0.7693;0.0;0.0;0.84626853
0.741;0.0357;0.835599;0.031;-0.8122724
0.0;0.143;0.468;0.861;-1.2947601
0.891999;0.649999;0.589999;0.811999;0.6385553
0.761;1.0;1.0;1.0;2.271055
0.979999;0.947;1.0;0.688;2.6044893
0.986;0.238;0.813;0.546;1.289891
0.326999;0.513;0.525999;0.542;0.30222115
0.631;1.0;0.209;1.0;1.4720547
1.0;1.0;1.0;0.888999;2.5820184
1.0;0.402999;1.0;1.0;1.9914734
0.707999;1.0;0.888999;1.0;2.0214546
1.0;1.0;1.0;0.237499;2.408706
0.006;0.0;0.306899;0.128399;0.20942268
0.1508;0.497;0.4297;0.4984;-0.78856766
0.973199;1.0;0.5574;1.0;1.7055678
1.0;0.449999;1.0;0.677999;1.8635678
0.299;0.299;0.210999;0.0;-0.0034464002
0.0;0.102099;0.0;0.0;-1.4165562
0.155;0.0;0.0;0.0;-1.9725335
0.0;0.0;0.684899;0.575;-1.8080516
0.1253;1.0;0.4706;1.0;0.4268932
1.0;0.814999;0.0;0.0;1.5498149
0.0;0.0;0.576;0.900999;0.2935755
0.849;0.67;0.635999;1.0;0.57875985
1.0;0.665999;0.221;0.0;1.3370144
0.0;0.372;0.610999;1.0;0.61549425
1.0;0.5865;1.0;0.967799;1.0059791
0.887299;0.5129;0.1251;0.0;0.95949644
0.0;0.242599;0.0;0.2682;-0.32886982
0.400499;0.369;0.998199;0.791299;-0.28124577
0.933;0.67;0.888;0.644;1.0929303
0.645999;0.658999;0.431999;0.593999;1.4436233
0.616;0.469999;0.706;0.647999;0.97071105
0.486999;0.271;0.7822;0.511;0.17800209
0.527;0.451;0.3726;0.3395;-0.014532864
0.283799;1.0;0.4602;1.0;1.2601006
1.0;0.748;1.0;0.153999;1.7048585
0.214799;0.372;0.391;0.876999;0.78070045
0.817999;0.575999;0.742999;0.5457;0.6976831
0.575;0.427999;0.0;0.0;0.39554116
0.0;0.0;0.491;0.857199;-0.72402775
0.39;0.1668;0.088999;0.0;-1.3570708
0.725999;1.0;0.109999;0.1655;0.7520962
0.0;0.459999;0.501;1.0;1.1778641
1.0;0.635999;1.0;0.631599;1.0280328
0.641999;1.0;0.66;1.0;2.1019447
1.0;0.498;0.385999;0.0;1.3014364
0.0;0.0;0.602999;0.611;-0.5050105
0.308999;0.42;0.505;0.512999;-0.63218594
0.611;0.902;0.0;0.1863;0.939356
0.028;0.103999;0.444;0.773899;0.34752962
1.0;0.608;0.584;0.0;0.08007759
0.0;0.147999;0.054999;0.4575;-0.17613
0.360999;0.858;0.0;1.0;0.39912638
1.0;0.489;1.0;0.683499;1.3282526
0.332;0.351999;0.004;0.364999;0.3639507
0.534999;1.0;0.359999;0.495;1.1160243
0.465;0.751;0.908;1.0;1.900928
1.0;0.526999;0.15;0.463299;1.2277353
0.26;0.948;0.793999;0.0;1.3372648
0.0;0.0;0.443899;1.0;0.10245317
1.0;0.604599;0.7231;0.3789;0.28034326
0.0;0.804;0.459999;0.0;0.9910899
0.484;0.0;0.0;0.195999;-0.6396127
0.361999;0.379999;0.623;0.483;-0.6770593
0.379;0.355;0.0;0.0;-0.39826155
0.0;0.0;0.402;0.2059;-1.3363016
0.129;0.637999;0.393;1.0;-0.3503275
1.0;0.959;0.672499;0.0;1.4954436
0.304;0.0;0.9385;1.0;0.6640929
0.688699;1.0;0.364;0.3515;0.9449827
0.893299;0.498999;0.082999;0.1067;1.1911261
0.0;0.994;0.0;0.0;0.89225644
0.0;0.0;0.251;0.488299;-0.2932948
0.363;1.0;0.451;0.5107;0.5234646
0.531;0.0;0.448099;0.574399;0.31946477
0.5;0.5468;0.8549;0.4757;-0.06081885
0.500999;0.726199;0.0;0.0;0.7127571
0.0;0.0;0.346999;0.937299;-0.20754462
0.960999;0.444;0.618;0.026;-0.42565584
0.028;0.066;0.0;0.0;-0.9104115
0.0;0.280999;0.451;0.950999;-1.0436159
0.976999;0.591999;1.0;0.591999;0.6832856
0.283;0.365;0.1875;0.2387;0.45703527
0.53;0.647999;0.059499;0.091299;0.19108233
0.0;0.233999;0.506;0.649;-0.013230503
0.918999;0.469999;0.484999;0.658;0.2486336
0.648;1.0;0.9278;0.778;1.8876064
0.658;0.156;0.0;0.0;0.52792305
0.0;0.0;0.527;0.539999;-1.3640952
0.605;0.551;0.843299;0.4449;-0.20887679
0.417;0.848999;0.3177;0.9191;1.273613
0.988;0.577;0.275999;0.0;1.0869253
0.0;0.094999;0.027;0.123;-0.48159182
0.204;0.183999;0.432999;0.381;-1.305486
0.194999;0.0;0.019;0.162499;-1.4872801
0.388999;0.160999;0.659899;0.421499;-1.3023686
0.383;0.548;0.4457;0.5786;-0.020237029
0.542;0.639;0.3734;0.342399;0.7592696
0.263999;0.328499;0.293;0.492;0.25286254
0.571899;1.0;0.128299;0.970999;1.1404026
1.0;0.554999;1.0;0.682;1.7509747
0.370999;0.875;0.379;1.0;1.5940237
1.0;0.5296;1.0;0.2222;1.2040484
0.561999;0.354399;0.798299;0.853499;0.63982487
0.576999;0.897;0.126999;0.829599;1.2346137
0.812;1.0;0.657;0.916399;2.2602248
0.975999;1.0;1.0;1.0;2.7298439
1.0;0.393;0.8769;0.582999;1.7521191
0.586999;1.0;0.6931;1.0;1.7275977
1.0;0.510999;1.0;0.674999;1.7682302
0.763;0.361;0.0;0.0;0.36932704
0.0;0.59;0.0;0.0;-0.16360408
1.0;0.409999;1.0;1.0;0.6479758
0.0;0.59;0.0;0.0;0.4825252
0.0;0.0;0.435;0.364999;-1.0244203
0.334999;1.0;0.0;0.0;0.19508776
0.0;0.0;0.1071;1.0;0.12718019
1.0;1.0;1.0;0.667;1.273315
0.564;0.0;1.0;1.0;1.1268067
0.6931;0.358;0.535;0.0648;-0.50314784
0.486899;0.57;0.0;0.060199;0.036041677
0.0;0.214999;0.0;0.0;-0.6017548
0.0;0.0;0.309999;0.757999;-1.4156353
0.757999;0.0;0.551;0.296999;-1.4373463
0.296999;0.027;0.346;0.155;-1.6065371
0.093;0.275999;0.381799;0.415;-1.1792433
0.494;0.4792;0.6872;0.877799;0.14204857
0.548;0.409099;0.0;0.0;0.14366683
0.0;0.0;0.180999;0.262999;-1.1039001
0.239;0.813;0.4808;0.804;0.07971698
0.774999;0.231999;0.7402;0.552;0.547229
0.544;1.0;0.719;1.0;1.3844061
1.0;0.573;1.0;0.363999;1.6877341
0.551;0.365799;0.226399;0.2639;0.43764886
0.157999;1.0;0.0;0.9021;0.86779475
0.788;0.548;1.0;1.0;1.5175927
1.0;0.5;0.0;0.0;0.81354856
0.0;0.0;0.16;0.734;-0.44592142
0.733;0.932;0.978999;0.453999;0.8135128
0.454999;0.325999;0.482199;0.491;0.9928035
0.512;0.242;0.5811;0.326599;-0.3884685
0.316999;1.0;0.0;1.0;0.8109826
1.0;0.695;1.0;0.320999;1.6485739
0.378;0.284;0.097;0.085999;0.30993995
0.085999;0.431999;0.0;0.0;-0.68382144
0.0;0.4466;0.0;0.0;-0.6296617
0.0;0.0;0.725999;0.708999;-1.0571581
0.547999;1.0;0.3973;0.282;0.6366241
0.433;0.6717;0.0;0.0;1.1761713
0.0;0.0;0.336999;0.0;-0.8694631
0.0;0.938;0.529;1.0;0.002010405
1.0;0.3523;0.364999;0.0;0.50374144
0.0;0.4187;0.001;1.0;-0.083590806
1.0;0.0;1.0;0.529999;-0.6292653
0.466999;0.588999;0.0;0.357;-0.07243878
0.471999;0.584499;0.400299;0.178999;0.55338913
0.126999;0.0;0.08;0.0;-0.889222
0.0;0.0;0.333999;0.408;-1.9090636
0.408;0.569;0.462;0.339999;-0.41599393
0.339999;0.643999;0.553999;0.628;0.7740456
0.64;0.547;0.572;0.499;0.86519897
0.636;0.223999;0.6906;0.552999;0.2410638
0.427999;0.744999;0.2622;0.469999;0.5630689
0.387;1.0;0.294199;0.221;1.4946151
0.28;0.0;0.0;0.0;-0.18763965
0.0;0.0;0.828;0.8522;-1.6057594
1.0;1.0;0.610999;1.0;1.2648153
1.0;0.331899;1.0;0.555999;1.5987563
0.225;0.4884;0.503699;0.115;0.14218864
0.405;0.486499;0.0326;0.0;-0.1678837
0.144999;0.0;0.0;0.0485;-1.1385453
0.0;0.130999;0.890999;0.491;-1.5941782
0.492999;0.420999;0.0;0.104999;-0.67176044
0.103;0.03;0.736;0.277999;-0.9923947
0.277999;0.306899;0.608999;0.456;-1.029132
0.382;0.2111;0.586;0.481;-0.54003716
0.568999;1.0;0.2866;1.0;1.0817783
1.0;0.761;0.932399;0.481999;2.0374286
0.489999;0.371;0.538;0.274999;0.8522558
0.267;0.409999;0.422899;0.234999;-0.22319382
0.237;0.532;0.5071;0.935;0.25848326
0.920999;0.455999;0.878;0.573999;0.7585603
0.335999;0.375999;0.396;0.167;0.1955944
0.415999;1.0;0.099199;0.802;0.9686994
0.803;1.0;0.8748;0.677999;2.27422
0.677999;0.0;0.404699;0.099;0.38538453
0.097;0.983999;0.4513;0.860999;0.33969757
0.865;0.306;0.767;0.604999;0.8953201
0.653999;0.440999;0.902999;0.702;0.5540895
0.633;0.720999;0.439;0.562999;1.0914223
0.580999;0.6385;0.372;0.172;1.0565
0.172;0.163499;0.286;0.845999;0.03748411
0.884999;1.0;1.0;0.971;1.4907646
0.933;0.176;0.457;0.074999;0.8794534
0.070999;0.198999;0.713999;0.771999;-0.6985885
0.417;0.5362;0.352899;0.0;-0.27480847
0.663;0.794799;0.340899;0.6811;1.0277467
0.351999;0.941;0.322;1.0;1.7777014
1.0;0.588999;1.0;0.31;1.4443326
0.31;0.239999;0.0;0.0;-0.059558213
0.0;0.0;0.655;0.3284;-1.5104604
0.282;0.112999;0.638;0.448599;-1.4892024
0.501999;0.521;0.57;0.629399;-0.055344164
0.582;1.0;0.0;0.163;1.3306963
0.158;0.0;0.533;0.637;0.2984452
0.636;0.556999;0.539999;0.378;-0.13521737
0.364999;0.314;0.158;0.015;-0.086264074
0.028;0.035;0.0;0.0;-1.4619601
0.0;0.0;0.376899;0.543999;-1.7943573
0.413999;0.482999;0.439;0.493499;-0.46194613
0.611;0.707;0.1661;0.0;0.62936723
0.0;0.0;0.0;0.0;-0.6797415
0.0;0.0;0.056999;0.826;-1.7220421
0.826;0.95;1.0;1.0;1.1364806
1.0;1.0;0.933999;1.0;2.7239668
1.0;0.535999;1.0;0.381;1.9159305
0.509999;0.405;0.261;0.0;0.27905282
0.493;0.477;0.517899;0.5465;0.15207705
0.0;0.048999;0.0;0.0;-0.8367729
0.0;0.313;0.298999;1.0;-1.0291559
1.0;0.482999;1.0;0.197;0.18644807
0.197;1.0;0.659999;1.0;1.4140654
1.0;0.6065;1.0;0.525999;1.6377914
0.46;0.176499;0.6171;0.469;0.34547922
0.531999;0.428;0.0;0.288;-0.28279543
0.291;0.870999;0.730999;0.759;1.0531294
0.759;0.187;0.2645;0.153999;0.29011843
0.153999;0.518999;0.692499;0.859;0.010867655
0.856999;0.85;0.909;0.522999;1.4348793
0.524999;0.466;0.656999;0.833;1.3980794
0.442;0.447799;0.491999;0.374599;0.4186946
0.43;1.0;0.142;0.0674;1.0372417
0.4;0.0;0.280999;0.364999;0.050266325
0.373999;0.889;0.698;1.0;0.57211393
1.0;1.0;0.859;1.0;2.4063575
1.0;0.564999;1.0;0.683999;2.119093
0.597999;0.843499;0.923999;0.705999;1.7664957
1.0;0.5766;0.331099;0.0168;1.2250412
0.0;0.426399;0.4039;0.428199;0.28954026
0.457;0.4405;0.463999;0.582;0.05147034
0.575999;0.2418;0.411;0.453;-0.060249627
0.546;0.199199;0.0;0.0;-0.7831079
0.0;0.146;0.073;0.0;-1.385991
0.0;0.0;0.562999;0.661899;-1.5787852
0.4919;0.5669;0.608;0.5358;-0.16192919
0.6141;0.859999;0.484999;0.4191;1.3248849
0.406999;0.921999;0.472999;1.0;1.8432248
1.0;1.0;1.0;0.410999;2.2364366
0.457999;0.0;0.143;0.0225;0.27435598
0.034999;0.228999;0.0;0.0;-1.5886974
0.088;0.0;0.6111;0.567699;-1.4498574
0.462;0.771999;0.485899;1.0;0.34726736
0.830999;1.0;1.0;0.567;2.1470654
0.471;0.286999;0.441;0.411;1.0870116
0.408999;0.161;0.0;0.0;-0.9094578
0.0;0.0;0.0;0.0;-1.7741127
0.0;0.0;0.430999;0.5498;-1.8542123
0.541;0.073999;0.7879;0.605199;-1.2153667
0.515499;0.584;0.3767;0.41;0.053210795
0.361499;0.988999;0.3414;0.502699;1.3748157
0.609999;0.325;0.55;0.351199;0.7795739
0.459;0.311;0.338;0.7851;-0.026355445
0.686;0.634;0.777999;0.317;0.63243985
0.295999;1.0;0.576999;1.0;1.621722
1.0;0.323999;1.0;0.3582;0.9962576
0.463;0.616;0.597299;0.6308;0.64873576
0.680999;0.669999;0.328;0.4619;1.0861802
0.327999;0.311;0.319;0.3106;0.3257322
0.236;0.51;0.324999;0.905699;0.0838148
1.0;0.657499;0.111;0.0;0.7678884
0.0;0.0;0.414999;0.412799;-0.2755863
0.511;0.2862;0.565799;0.5112;-0.8716625
0.601099;0.631799;0.5852;0.645799;0.61257064
0.5469;0.976999;0.189999;0.0962;1.4816153
0.203;0.576;0.475;1.0;1.2712109
1.0;0.949;1.0;0.682;1.8646228
0.728699;0.418999;0.604999;0.114999;1.2861538
0.118;0.5407;0.463;1.0;0.3544825
0.899999;0.499299;1.0;0.655999;0.8525568
0.9633;1.0;0.241;0.884799;1.9273329
0.712699;0.420999;0.497;0.0;1.1988866
0.0;0.491;0.612;1.0;0.17661032
1.0;1.0;1.0;1.0;1.8794167
1.0;0.902;1.0;0.234999;2.4446297
0.192999;0.301;0.582;0.547899;0.8483368
0.631999;0.127699;0.6843;0.6678;-0.4867953
0.5169;0.5603;0.5056;0.3332;0.13338205
0.4971;0.486999;0.240199;0.581099;0.53812736
0.484;0.75;0.7159;0.730999;1.1137474
0.774999;0.654;0.597999;0.436;1.3559806
0.524;1.0;0.772999;1.0;1.9281018
1.0;1.0;1.0;0.117799;2.2212732
0.139;0.0;0.649;0.5172;0.39205727
0.3827;0.996299;0.4307;0.6777;0.5916762
0.8943;0.2807;0.301299;0.261299;0.7675725
0.010999;0.334699;0.329999;0.375;-0.3732097
0.478;0.240299;0.0;0.0;-0.86672425
0.0;0.0;0.0;0.028999;-1.5863044
0.042999;0.356999;0.536999;0.777999;-1.0170233
0.832999;0.313;0.776499;0.645;0.08501881
0.451999;0.689;0.6315;0.469299;0.7973778
0.68;0.366999;0.0;0.0;0.26216087
0.0;1.0;0.626999;1.0;0.9288835
1.0;1.0;1.0;1.0;2.359395
1.0;1.0;1.0;0.675;2.793901
0.673999;0.0;0.344;0.228;0.6023246
0.580999;0.463999;0.692999;0.696099;-0.20307428
0.083;0.227;0.1663;0.2353;-0.26248223
0.589999;0.847999;0.2897;0.3339;0.51792437
0.329;0.31;0.325;0.2507;0.47392127
0.222999;0.1152;0.444999;0.740099;-0.709067
0.643999;0.9848;0.573;0.8869;1.1057961
1.0;0.544999;0.641;0.0;1.3710785
0.0;0.0;0.5383;0.5471;-0.4706484
0.329299;1.0;0.435199;1.0;0.5865055
1.0;0.488999;0.3795;0.0;1.0594773
0.0;0.052;0.343;0.7733;-0.37917614
0.726999;0.878;0.817999;0.816699;0.8805442
0.853999;0.299999;0.347;0.108199;0.81426084
0.069;0.716999;0.631999;1.0;0.5225676
1.0;0.442;1.0;0.4649;0.8573699
0.375999;0.61;0.537999;0.444499;0.773384
0.725999;0.552999;0.0;0.406;0.70519924
0.191;0.348999;0.784999;0.421999;0.25346455
0.499;1.0;0.547;1.0;1.1882472
1.0;0.460499;0.677;0.0;1.1325407
0.087;0.0309;0.414999;0.6721;-0.52286804
0.513999;0.427599;0.5341;0.545899;-0.3626597
0.3077;0.521999;0.559699;0.492;0.39480802
0.685299;0.777999;0.5242;0.492999;1.0955648
0.606;0.3293;0.386999;0.515999;0.76922953
0.473999;1.0;0.652;0.7752;1.3446438
0.711;0.411;0.038299;0.765799;1.2453604
0.855999;0.602999;1.0;0.456;0.9917396
0.576;0.473;0.812299;0.759;1.0068612
0.552999;0.564999;0.5221;0.557;0.80663145
0.548999;1.0;0.354799;1.0;1.6320276
1.0;1.0;1.0;1.0;2.5868404
1.0;1.0;1.0;1.0;2.869277
1.0;0.560999;0.932;0.0172;1.7283368
0.082;0.076999;0.018599;0.134;-0.5708617
0.138999;0.036;0.7753;0.402699;-1.643966
0.445;0.537;0.6191;0.6403;-0.24706846
0.495999;0.844999;0.0;0.0;0.94820434
0.0;1.0;0.0;1.0;1.3130534
1.0;0.956;1.0;0.624899;2.0867753
0.501;0.822;0.499;1.0;2.1523583
1.0;1.0;0.454999;0.0;1.9788551
0.0;0.0;0.0;0.718999;0.44197914
0.515;0.425;0.4586;0.0;-0.78359365
0.517999;1.0;0.53;1.0;1.2582946
0.805;0.370099;1.0;0.709999;1.3944197
0.417;0.728899;0.518;1.0;1.0880845
1.0;0.862;1.0;1.0;2.0811784
1.0;0.866999;1.0;0.679199;2.4569857
0.717999;0.313;0.7163;0.3823;1.1378634
0.276;0.615099;0.5177;0.5595;0.4002231
0.613999;0.4529;0.317999;0.366;0.475167
0.359;1.0;0.458999;1.0;1.3608325
1.0;0.426;0.264;0.0;0.94336146
0.0;0.0;0.0;0.3268;-0.82553744
0.404999;0.028999;0.5604;0.0;-1.9275737
0.0;0.0;0.498199;0.6253;-1.7463012
0.4112;0.564;0.5216;0.4499;-0.28401136
0.5428;1.0;0.384199;0.900399;1.5310931
0.925999;1.0;0.711;0.8653;2.442162
0.899;0.125;0.617999;0.0;0.6712872
0.0;0.248999;0.319;1.0;-0.81583977
1.0;0.98;1.0;1.0;1.5938151
1.0;0.512499;1.0;0.662999;2.011584
0.412;0.8783;0.349499;0.344;1.3961303
0.471;0.923199;0.5662;1.0;1.8049347
1.0;0.668999;0.956299;0.435999;1.7579782
0.377;0.216999;0.295999;0.4681;0.43789026
0.429;0.521;0.353;0.188899;-0.13374215
0.302999;0.575;0.619999;1.0;0.64653635
0.976999;0.409999;0.9733;0.3142;0.616588
0.348;0.8855;0.5947;0.6533;1.1809158
0.570999;1.0;0.407299;1.0;1.9712734
1.0;0.841999;1.0;0.996;2.382617
0.972;1.0;1.0;0.968499;2.6895273
1.0;0.424;0.731;0.387;1.6692507
0.337;0.304999;0.0;0.0;-0.17752773
0.0;0.0;0.654499;0.301699;-1.4006209
0.408;0.688;0.4809;0.6145;-0.11871582
0.6153;0.884;0.5686;0.816499;1.6305494
0.777699;0.32;0.039;0.0275;0.6730366
0.030999;0.204099;0.727999;0.773899;-0.46469092
0.9;0.6029;0.301999;0.6171;0.48259374
0.531;0.601999;1.0;0.5057;1.2063134
0.457999;0.323;0.421999;0.218599;0.1797485
0.203099;0.483999;0.5381;0.584699;-0.03413385
0.7389;0.558999;0.0623;0.5146;0.5748051
0.412;0.523099;0.459599;0.0172;0.46798763
0.0;0.0;0.0;0.315799;-0.9532851
0.314999;0.246;0.383;0.046199;-1.3986212
0.054;0.363;0.469999;0.377899;-0.7421148
0.397999;0.0;0.410899;0.5253;-0.97769916
0.1653;0.642;0.407399;0.4805;-0.18954402
0.8327;0.917;0.5587;1.0;1.6472626
1.0;0.528999;0.658;0.0964;1.4466453
0.125;0.456999;0.616;0.7695;0.5025285
0.736999;0.624;0.724;0.522499;0.7846284
0.564999;0.474999;0.423999;0.542;0.8467305
0.554;0.399;0.6135;0.376;0.3085303
0.469999;0.697;0.386499;0.735099;0.7686007
0.564;0.585999;0.575;0.5953;1.0988073
0.609999;1.0;0.829999;0.905299;1.8423843
0.930999;0.040099;0.0;0.0;0.3289598
0.0;0.0;0.0;0.161999;-1.687829
0.250999;0.0;0.0;0.0;-2.0069492
0.0;0.0;0.463999;0.561;-1.7728996
0.518;0.617999;0.492;0.555999;-0.072680175
0.587999;1.0;0.608999;0.988;1.7843771
1.0;0.578;0.4692;0.242999;1.5758979
0.129999;0.109999;0.592799;0.457999;-0.06182319
0.465999;0.441;0.2719;0.407;-0.4337412
0.519;1.0;0.8141;1.0;1.5122998
1.0;0.412999;1.0;0.665999;1.5599835
0.421999;0.510999;0.423;0.298999;0.5766141
0.370999;0.49;0.0;0.0;0.03043884
0.036;0.533999;0.521;1.0;0.24036643
1.0;0.853999;0.798;0.3709;1.4113355
0.347999;0.03;0.038999;0.1726;0.22215125
0.197999;0.655;0.736;0.785499;-0.08534616
0.784999;0.427;0.7853;0.795;0.8736956
0.301;0.304999;0.494699;0.063999;-0.044353068
0.576;1.0;0.4375;1.0;1.0606456
1.0;0.923;1.0;0.774799;2.4464536
0.844499;0.423;0.126199;0.0;1.1943984
0.091999;0.025999;0.3678;0.497999;-0.720067
0.417;0.447;0.0;0.056;-0.75823486
0.042;0.0;0.9038;0.586999;-0.8722973
0.384;0.536;0.287999;0.057;-0.6349486
0.194999;0.543999;0.106099;0.3001;0.12837228
0.33;0.132;0.3534;0.544899;-0.41453362
0.602999;0.555;0.629499;0.6047;0.17968592
0.584999;0.695999;0.7254;0.4033;1.1039841
0.43;0.274999;0.198599;0.282599;0.24568018
0.182;0.1066;0.572999;0.5314;-0.8451623
0.481999;0.4144;0.307;0.3172;-0.48081994
0.344999;0.576999;0.0;0.4402;0.27685043
0.581999;0.697;1.0;0.710599;1.1113036
0.6052;0.471;0.4542;0.299499;0.83771527
0.353799;0.109999;0.098799;0.3215;-0.48918247
0.266999;0.95;0.711;1.0;0.7213372
1.0;0.378199;1.0;0.5276;1.1769044
0.584;0.5508;0.3228;0.305699;0.58953935
0.403999;0.881999;0.520199;0.9133;1.3189423
0.584;0.492;0.547;0.4741;1.1240351
0.734999;0.549;0.649299;0.614899;0.84254026
0.536999;0.478999;0.459699;0.2755;0.62487304
0.231999;0.282199;0.0;0.0;-0.44001162
0.011;0.0;0.642;0.4452;-1.3848376
0.275999;0.366;0.347999;0.446299;-0.8854699
0.512799;0.617999;0.1623;0.3971;0.35107312
0.430199;0.385999;0.6297;0.448799;0.4059988
0.417;0.658;0.045;0.8018;0.55827373
0.822;0.918;1.0;0.647;1.817553
0.539599;0.319999;0.421899;0.361999;1.0239589
0.491399;0.228999;0.5779;0.549999;-0.30124307
0.332999;0.507;0.4512;0.281;-0.06338483
0.534;0.498;0.3417;0.4368;0.33891973
0.447;0.631;0.5738;0.776899;0.85961103
0.73;0.863999;0.6435;0.946299;1.7071772
0.922999;0.643;0.191999;0.0;1.4208305
