<OPEN>;<HIGH>;<LOW>;<CLOSE>;<VOL>;(predicted -> )<CLOSE>
1.0;1.0;1.0;1.0;0.5;0.27521372
1.0;1.0;1.0;1.0;0.5;-1.0157335
1.0;1.0;1.0;1.0;0.5;1.8728387
1.0;1.0;1.0;1.0;0.5;0.5532217
0.0;0.0;0.0;0.0;0.5;1.6144168
0.0;0.0;0.0;0.0;0.5;0.48819304
0.0;0.0;0.0;0.0;0.5;-0.21571994
0.0;0.0;0.0;0.0;0.5;0.87352514
0.5;0.5;0.5;0.5;0.5;-0.22702098
0.0;0.0;0.0;0.0;0.5;0.9839189
0.519;0.519;0.519;0.519;0.5;0.90444803
0.494;0.494;0.494;0.494;0.5;0.09428981
1.0;1.0;1.0;1.0;0.5;0.33494353
1.0;1.0;1.0;1.0;0.5;0.14858961
1.0;1.0;1.0;1.0;0.5;0.40947318
0.0;0.0;0.0;0.0;0.5;1.4346313
0.0;0.0;0.0;0.0;0.5;-1.257621
0.622;0.622;0.622;0.622;0.5;0.4206848
0.822999;0.822999;0.822999;0.822999;0.5;1.1243892
0.268;0.268;0.268;0.268;0.5;0.7526946
0.669;0.669;0.669;0.669;0.5;-0.13664246
0.442;0.442;0.442;0.442;0.5;0.26501536
0.762;0.762;0.762;0.762;0.5;0.76798916
0.597;0.597;0.597;0.597;0.5;0.8784008
0.262999;0.262999;0.262999;0.262999;0.5;0.63183427
0.577999;0.577999;0.577999;0.577999;0.5;0.55981994
1.0;1.0;1.0;1.0;0.5;-0.7642317
0.689999;0.689999;0.689999;0.689999;0.5;0.6340277
0.513;0.513;0.513;0.513;0.5;1.3771069
0.015;0.015;0.015;0.015;0.5;0.55661917
0.123999;0.123999;0.123999;0.123999;0.5;2.1004808
0.0;0.0;0.0;0.0;0.5;-0.18732429
1.0;1.0;1.0;1.0;0.5;0.12940288
1.0;1.0;1.0;1.0;0.5;-0.14197111
1.0;1.0;1.0;1.0;0.5;0.76334
0.0;0.0;0.0;0.0;0.5;-0.031148195
0.0;0.0;0.0;0.0;0.5;-0.67865133
0.173;0.173;0.173;0.173;0.5;1.3693345
0.696999;0.696999;0.696999;0.696999;0.5;1.1504722
0.289;0.289;0.289;0.289;0.5;0.10033372
0.544;0.544;0.544;0.544;0.5;0.80899715
0.334999;0.334999;0.334999;0.334999;0.5;0.8080971
0.268;0.268;0.268;0.268;0.5;0.7911813
0.555;0.555;0.555;0.555;0.5;0.93375564
0.089999;0.089999;0.089999;0.089999;0.5;0.58671355
0.0;0.0;0.0;0.0;0.5;0.09965423
0.029;0.029;0.029;0.029;0.5;1.379056
0.312999;0.312999;0.312999;0.312999;0.5;-0.36854625
1.0;1.0;1.0;1.0;0.5;-0.4930365
0.5;0.5;0.5;0.5;0.5;0.30158877
0.215;0.215;0.215;0.215;0.5;1.4308345
0.891999;0.891999;0.891999;0.891999;0.5;0.63836694
0.508;0.508;0.508;0.508;0.5;0.4157436
1.0;1.0;1.0;1.0;0.5;1.0458302
0.658999;0.658999;0.658999;0.658999;0.5;1.1766028
1.0;1.0;1.0;1.0;0.5;0.7853222
0.257999;0.257999;0.257999;0.257999;0.5;-0.7831204
0.486999;0.486999;0.486999;0.486999;0.5;-0.06624937
0.0;0.0;0.0;0.0;0.5;0.529052
0.333;0.333;0.333;0.333;0.5;1.081152
1.0;1.0;1.0;1.0;0.5;0.14620543
0.265;0.265;0.265;0.265;0.5;1.0339272
0.440999;0.440999;0.440999;0.440999;0.5;-0.16919851
0.63;0.63;0.63;0.63;0.5;0.8498502
0.498999;0.498999;0.498999;0.498999;0.5;0.26669025
1.0;1.0;1.0;1.0;0.5;0.5159986
0.967;0.967;0.967;0.967;0.5;0.60206175
1.0;1.0;1.0;1.0;0.5;-0.33971548
1.0;1.0;1.0;1.0;0.5;-0.34585476
1.0;1.0;1.0;1.0;0.5;0.6032181
0.309999;0.309999;0.309999;0.309999;0.5;-0.1622963
0.402;0.402;0.402;0.402;0.5;0.8932662
0.245999;0.245999;0.245999;0.245999;0.5;0.2644968
1.0;1.0;1.0;1.0;0.5;-0.54593563
0.942;0.942;0.942;0.942;0.5;1.6052556
0.646;0.646;0.646;0.646;0.5;0.51594496
0.87;0.87;0.87;0.87;0.5;0.2809596
0.739999;0.739999;0.739999;0.739999;0.5;0.008763105
0.292;0.292;0.292;0.292;0.5;-0.09349465
0.509999;0.509999;0.509999;0.509999;0.5;-0.22407651
0.0;0.0;0.0;0.0;0.5;0.5963397
0.0;0.0;0.0;0.0;0.5;1.1922431
0.163999;0.163999;0.163999;0.163999;0.5;0.10517958
0.056;0.056;0.056;0.056;0.5;0.019921094
1.0;1.0;1.0;1.0;0.5;1.0615003
0.369;0.369;0.369;0.369;0.5;0.39695024
0.332;0.332;0.332;0.332;0.5;0.5839896
0.0;0.0;0.0;0.0;0.5;0.4712534
0.5;0.5;0.5;0.5;0.5;-1.1048365
0.5;0.5;0.5;0.5;0.5;-0.5288887
0.5;0.5;0.5;0.5;0.5;1.2828839
0.5;0.5;0.5;0.5;0.5;0.79802394
0.5;0.5;0.5;0.5;0.5;0.4407835
0.5;0.5;0.5;0.5;0.5;0.787158
0.5;0.5;0.5;0.5;0.5;0.6609571
0.5;0.5;0.5;0.5;0.5;0.70814013
0.5;0.5;0.5;0.5;0.5;1.5484762
0.5;0.5;0.5;0.5;0.5;0.8926761
0.5;0.5;0.5;0.5;0.5;0.27929068
0.5;0.5;0.5;0.5;0.5;0.72877526
0.5;0.5;0.5;0.5;0.5;-0.09716034
0.5;0.5;0.5;0.5;0.5;1.2599838
0.5;0.5;0.5;0.5;0.5;1.6440582
1.0;1.0;1.0;1.0;0.5;0.33459783
0.3226;0.3018;0.3226;0.2997;0.5;0.7667136
0.483999;0.483999;0.483999;0.493099;0.5;0.4517746
0.080999;0.080999;0.080999;0.080999;0.5;0.5184722
0.6907;0.6907;0.6907;0.6907;0.5;1.3047588
0.4021;0.4021;0.4021;0.4021;0.5;1.0964942
0.6398;0.6398;0.6398;0.6398;0.5;0.21467924
0.523099;0.523099;0.523099;0.523099;0.5;0.35615087
0.459299;0.459299;0.459299;0.459299;0.5;1.2858701
0.442;0.442;0.442;0.442;0.5;0.57292104
0.503499;0.503499;0.503499;0.503499;0.5;0.55495024
0.2972;0.2972;0.2972;0.2972;0.5;0.6301236
0.4756;0.4756;0.4756;0.4756;0.5;1.4805984
0.6336;0.6336;0.6336;0.6336;0.5;-0.00013589859
0.468599;0.468599;0.468599;0.468599;0.5;1.3561678
0.5286;0.6026;0.4726;0.5306;0.5;0.4844141
0.2769;0.2029;0.3329;0.274899;0.5;-0.3224957
0.6033;0.6033;0.6033;0.6033;0.5;1.2448204
0.392099;0.392099;0.392099;0.392099;0.5;0.76464534
0.1263;0.1263;0.1263;0.1263;0.5;-0.070803165
0.275199;0.275199;0.275199;0.275199;0.5;1.9605112
0.4282;0.4282;0.4282;0.4282;0.5;0.55732846
0.4953;0.4953;0.4953;0.4953;0.5;-0.59779763
0.6645;0.6645;0.6645;0.6645;0.5;1.144774
0.3964;0.3964;0.3964;0.3964;0.5;-0.18570304
0.421099;0.421099;0.421099;0.421099;0.5;0.49141765
0.6291;0.6291;0.6291;0.6291;0.5;-0.09614706
0.472799;0.472799;0.472799;0.472799;0.5;0.0018549263
0.6168;0.6168;0.6168;0.6168;0.5;0.07736209
0.492599;0.492599;0.492599;0.492599;0.5;1.2337339
0.525099;0.525099;0.525099;0.525099;0.5;0.96899986
0.486;0.486;0.486;0.486;0.5;-0.43634057
0.6226;0.6226;0.6226;0.6226;0.5;0.95413446
0.451999;0.451999;0.451999;0.451999;0.5;1.2968671
0.6442;0.6442;0.6442;0.6442;0.5;-0.21853328
0.091899;0.091899;0.091899;0.091899;0.5;1.6258073
0.910399;0.910399;0.910399;0.910399;0.5;0.3030014
0.9116;0.9116;0.9116;0.9116;0.5;-0.76427937
1.0;1.0;1.0;1.0;0.5;1.2207341
0.216;0.216;0.216;0.216;0.5;1.4828038
0.438599;0.7135;0.4025;0.7014;0.5;0.4819584
0.7494;0.793799;0.785499;0.793499;0.5;1.0149074
0.782399;1.0;0.782399;1.0;0.5;1.0106874
1.0;1.0;1.0;0.0;0.5;0.067926675
1.0;0.450599;0.4004;1.0;0.5;0.5662811
0.0;0.0;0.0;0.0;0.5;0.86030483
0.0;0.0;0.132;0.0;0.5;-0.36565542
0.068699;0.5499;0.2207;1.0;0.5;-0.58342695
1.0;1.0;1.0;1.0;0.5;1.5579653
1.0;0.0;1.0;0.0;0.5;-1.3397801
1.0;1.0;1.0;0.8767;0.5;0.94112873
0.2071;0.375;0.277999;0.549299;0.5;1.6487193
0.5909;0.509;0.655;0.173;0.5;-0.33105493
0.728999;0.509;0.739;1.0;0.5;1.2050283
0.459;0.459;0.459;0.459;0.5;0.54979444
0.402999;0.402999;0.402999;0.402999;0.5;0.43506742
0.108;0.108;0.108;0.108;0.5;1.4885974
0.553999;0.553999;0.553999;0.553999;0.5;0.8113754
0.0;0.0;0.0;0.0;0.5;-0.008587837
0.441999;0.441999;0.441999;0.441999;0.5;0.0024390519
0.0;0.0;0.0;0.0;0.5;1.3769102
0.495;0.495;0.495;0.495;0.5;0.5167854
0.288999;0.288999;0.288999;0.288999;0.5;-0.4324901
0.535;0.535;0.535;0.535;0.5;1.6607714
0.601;0.601;0.601;0.601;0.5;0.15816212
0.0;0.0;0.0;0.0;0.5;-0.49843073
0.702999;0.702999;0.702999;0.702999;0.5;0.8426142
0.433;0.433;0.433;0.433;0.5;-0.41270733
0.111;0.111;0.111;0.111;0.5;-0.067983866
0.913999;0.913999;0.913999;0.913999;0.5;-0.12423873
0.594;0.594;0.594;0.594;0.5;0.124759674
0.565;0.565;0.565;0.565;0.5;0.33630848
0.518;0.518;0.518;0.518;0.5;0.707556
0.241;0.241;0.241;0.241;0.5;1.7510784
0.781199;0.781199;0.781199;0.781199;0.5;-1.557045
0.425799;0.425799;0.425799;0.425799;0.5;0.25166392
0.424;0.424;0.424;0.424;0.5;1.2595248
1.0;1.0;1.0;1.0;0.5;-0.75793743
0.729499;0.729499;0.729499;0.729499;0.5;-0.46425343
0.2615;0.2615;0.2615;0.2615;0.5;0.9726238
0.0;0.0;0.0;0.0;0.5;0.08739951
0.485;0.485;0.485;0.485;0.5;0.7157934
0.7134;0.7134;0.7134;0.7134;0.5;-0.48528194
0.4376;0.4376;0.4376;0.4376;0.5;0.03960851
0.326999;0.326999;0.326999;0.326999;0.5;0.75324893
0.353899;0.353899;0.353899;0.353899;0.5;0.6194842
0.1731;0.1731;0.1731;0.1731;0.5;1.7644358
0.3686;0.3686;0.3686;0.3686;0.5;-0.6861794
0.476399;0.476399;0.476399;0.476399;0.5;0.8522284
0.6931;0.6931;0.6931;0.6931;0.5;-0.4784274
0.5959;0.759899;0.5029;0.533899;0.5;0.03038171
0.3447;0.1807;0.4377;0.4067;0.5;1.0301781
0.0013;0.0013;0.0013;0.0013;0.5;0.72156906
0.6509;0.8441;0.572599;0.7028;0.5;-0.10631561
0.603199;0.521899;0.4485;0.410999;0.5;1.5287173
0.6011;0.4905;0.526699;0.2932;0.5;0.89078665
0.2149;0.461599;0.5223;0.721999;0.5;-0.0109779835
0.9895;0.8249;0.6617;0.6056;0.5;1.1999023
0.189599;0.270199;0.4878;0.401399;0.5;-0.23386359
0.603999;0.5501;0.633599;0.663;0.5;0.061513215
0.5491;0.480499;0.4388;0.401699;0.5;0.22900224
0.3033;0.376899;0.3587;0.4123;0.5;1.0972393
0.6096;0.5133;0.364599;0.224;0.5;-0.032054186
0.180899;0.459;0.4573;0.513999;0.5;1.863302
0.3499;0.3591;0.3734;0.487;0.5;1.4485371
0.7696;0.505199;0.474999;0.416999;0.5;0.4395318
0.3352;0.412199;0.498;0.718;0.5;0.21880984
0.607299;0.4944;0.472;0.228;0.5;1.2387288
0.3823;0.439499;0.612099;0.778399;0.5;0.35456538
0.680099;0.8378;0.6519;0.7374;0.5;0.3804934
0.515899;0.410699;0.5668;0.393;0.5;1.1313212
0.4147;0.312799;0.218999;0.1582;0.5;0.002003938
0.334;0.4993;0.4649;0.518799;0.5;0.4442048
0.5762;0.407;0.266999;0.3061;0.5;1.0697615
0.1316;0.4037;0.5304;0.7745;0.5;-0.14420033
0.822099;0.587299;0.4259;0.4316;0.5;0.1520884
0.4737;0.452099;0.805899;0.44;0.5;1.7261994
0.481999;0.5699;0.4673;0.5717;0.5;1.1110079
0.347;0.513999;0.387699;0.437199;0.5;0.04412654
0.579099;0.342;0.3404;0.4091;0.5;0.3104639
0.3281;0.349;0.157499;0.403099;0.5;0.40032983
0.452299;0.4862;0.8172;0.5931;0.5;-0.45518756
0.5102;0.503299;0.5;0.5058;0.5;1.0965896
0.5815;0.5528;0.591;0.4895;0.5;-0.2931881
0.447899;0.441599;0.4845;0.4732;0.5;-0.3112781
0.3099;0.3609;0.079899;0.307299;0.5;0.5199504
0.8855;1.0;1.0;1.0;0.5;-0.10048628
0.867799;0.5372;0.888999;0.679;0.5;0.5541456
0.606999;0.606999;0.606999;0.606999;0.5;0.7889044
0.4588;0.578399;0.4588;0.337;0.5;0.19173145
0.5468;0.9066;0.5468;0.9831;0.5;-0.3184724
0.814499;0.4428;0.156399;0.0;0.5;-0.37823796
0.4566;0.526399;1.0;1.0;0.5;0.65323234
0.552099;0.5329;0.638;0.629799;0.5;0.343467
0.616799;0.552699;0.563099;0.475;0.5;-0.02735138
0.4511;0.3933;0.4457;0.4239;0.5;0.66348433
0.4845;0.516999;0.494699;0.622199;0.5;0.8251202
0.6321;0.914;0.681;0.7239;0.5;1.0688436
0.878699;0.6017;0.739799;0.533;0.5;1.1921716
0.41;0.802699;0.5195;0.867;0.5;-0.09395361
0.8227;1.0;0.716999;0.594999;0.5;0.5633664
0.745799;0.0;0.8809;0.684999;0.5;-0.49815655
0.5636;0.4397;0.0;0.1059;0.5;-0.07218003
0.062;0.055599;0.8481;0.3001;0.5;0.4809451
0.6205;0.8644;0.6949;0.430999;0.5;-0.31929493
0.308899;0.069;0.295999;0.5821;0.5;0.767107
0.3736;0.347999;0.1079;0.0249;0.5;0.6931734
0.2315;0.209;0.0;0.526199;0.5;-0.35897374
0.3619;0.7577;0.8944;0.951699;0.5;0.48439026
0.911299;0.8889;0.599399;0.053;0.5;-0.07264495
0.666;0.3765;0.1171;0.574099;0.5;-0.092737675
0.0;0.0555;0.882999;0.312;0.5;1.3155472
0.7195;0.498799;0.5577;0.535;0.5;0.43307066
0.358;0.3594;0.0;0.338;0.5;0.5537343
0.443199;0.533199;1.0;0.863799;0.5;0.18475175
0.5885;0.528;0.4779;0.4088;0.5;0.26134968
0.5347;1.0;0.644199;0.877399;0.5;-0.6732333
0.9097;0.650099;0.9108;1.0;0.5;0.7868719
1.0;0.9506;1.0;0.9654;0.5;0.29889464
0.9922;0.6113;0.967199;0.145199;0.5;-0.1370418
0.3553;0.1449;0.3303;0.634;0.5;-0.03543973
0.4206;0.4834;0.3504;0.398299;0.5;0.9645057
0.505199;0.6006;0.581399;0.5179;0.5;-0.30126452
0.520299;0.409299;0.4184;0.2008;0.5;0.52845
0.2636;0.4767;0.105799;0.052999;0.5;0.6051314
0.173;0.0;0.2515;0.7753;0.5;-0.44949532
0.564499;0.5383;0.4001;0.2501;0.5;1.2319696
0.079;0.1615;0.320499;0.113599;0.5;0.46657443
0.608499;0.7564;0.7058;0.597;0.5;-0.19211054
0.418099;0.306999;0.396999;0.547;0.5;-0.515275
0.5817;0.632;0.6157;0.379;0.5;1.1302304
0.3643;0.418899;0.4022;0.584999;0.5;-0.68047523
0.7192;0.5912;0.7192;0.9047;0.5;0.9464276
0.424499;0.4169;0.287399;0.0;0.5;0.9175253
0.6022;0.561199;0.6606;0.9583;0.5;-0.11460662
0.3953;0.3904;0.390499;0.1707;0.5;-1.4634538
0.238099;0.367599;0.296399;0.495999;0.5;0.77896833
0.7634;0.7118;0.6778;0.9308;0.5;0.6043029
0.651399;0.847;0.7622;0.4312;0.5;0.27267456
0.805099;0.997;0.805099;0.975999;0.5;1.3018203
0.698499;0.741599;0.548;1.0;0.5;-0.13779283
0.9855;0.5913;0.267199;0.2281;0.5;0.07823828
0.561399;0.409099;1.0;0.498;0.5;0.94134927
0.3506;0.4366;0.5837;0.547999;0.5;0.7860553
0.5468;0.474699;0.4314;0.5558;0.5;0.024129182
0.279;0.3597;0.0;0.2332;0.5;1.4168632
0.540599;0.6733;1.0;0.745999;0.5;-0.45683265
0.8453;0.616399;0.6749;0.698399;0.5;0.7799816
0.4323;0.548;0.0;0.4206;0.5;1.4746857
0.6754;0.909399;1.0;0.95;0.5;1.2670648
0.826599;0.4741;0.646599;0.572999;0.5;-0.09961009
0.2424;0.4858;0.0;0.4512;0.5;0.6392908
0.5117;0.9188;1.0;0.0;0.5;0.14031649
0.351899;0.0;0.1663;0.641999;0.5;0.89903593
0.5246;0.369899;0.504199;0.12;0.5;0.68822026
0.5274;0.485099;0.3868;0.691099;0.5;0.3572774
0.1035;0.1113;0.3194;0.0569;0.5;-0.15143633
0.2328;0.7475;0.505099;0.727;0.5;0.3774953
0.6855;0.4204;0.6855;0.8751;0.5;0.13654351
0.675799;0.566799;0.4194;0.4133;0.5;-0.76734304
0.1704;0.604;0.4268;0.5213;0.5;1.6657007
0.782399;0.539999;0.782399;0.578699;0.5;0.12658358
0.5946;0.2893;0.526199;0.2276;0.5;-0.029336214
0.4527;0.515699;0.4318;0.672499;0.5;0.012077123
0.2006;0.728999;0.279199;0.352999;0.5;1.1419487
0.641999;0.0767;0.476199;0.1485;0.5;-0.4704821
0.3294;0.298699;0.4282;0.737199;0.5;-0.38645148
0.4773;0.5522;0.5473;0.6019;0.5;-0.6907809
0.5732;0.570399;0.559799;0.1849;0.5;1.1457336
0.4553;0.4933;0.3835;0.689399;0.5;0.42975664
0.434799;0.350399;0.4161;0.407299;0.5;0.39805293
0.478;0.4981;0.5671;0.556799;0.5;-0.62515616
0.472999;0.831199;0.4955;0.812;0.5;0.5252969
0.8171;0.4835;0.625799;0.0;0.5;0.64731956
0.2803;0.2165;0.3982;0.575999;0.5;0.25470376
0.4757;0.783999;0.549099;0.646;0.5;0.55506945
0.612099;0.3441;0.506499;0.588799;0.5;-0.19326091
0.3712;0.2972;0.186199;0.0;0.5;-0.6184089
0.314299;0.518699;0.5059;0.922999;0.5;0.6487143
0.470099;0.387;0.0;0.2985;0.5;0.5692136
0.3077;0.403499;1.0;0.4472;0.5;0.9255183
0.5011;0.5161;0.4864;0.365299;0.5;0.7400584
0.666399;0.727399;0.724399;0.417;0.5;-0.99558115
0.4307;0.2373;0.3947;0.692399;0.5;0.9673369
0.357299;0.426199;0.460899;0.5581;0.5;0.36273122
0.6028;1.0;0.6028;1.0;0.5;1.4928532
1.0;0.7532;1.0;0.4733;0.5;0.5974722
0.6505;0.489999;0.6505;0.656099;0.5;-0.5446422
0.571099;0.468;0.240499;0.1081;0.5;0.22338748
0.294499;0.2222;0.4824;0.588899;0.5;0.12068272
0.1181;0.3767;0.2608;0.1226;0.5;1.0145736
0.747799;0.485299;0.459199;0.596699;0.5;1.7374825
0.2302;0.2604;0.390799;0.494;0.5;0.5997133
0.537;0.690899;0.6429;0.6273;0.5;0.99045753
0.670099;0.6796;0.4376;0.318899;0.5;0.7026565
0.2815;0.1169;0.4148;0.5059;0.5;0.14292717
0.4952;0.5688;0.6261;0.530999;0.5;0.52921295
0.499399;0.4262;0.4316;0.430199;0.5;-0.06596923
0.5248;0.647499;0.5212;0.7167;0.5;0.5199921
0.616;0.5775;0.6408;0.5183;0.5;1.1545372
0.5257;0.698499;0.5627;0.787099;0.5;0.29232025
0.804599;0.7004;0.804599;0.504999;0.5;1.0348153
0.5396;0.5941;0.5396;0.6171;0.5;0.31693697
0.6558;0.407399;0.5778;0.3576;0.5;0.5983007
0.450499;0.476199;0.5285;0.598599;0.5;0.40501475
0.4828;0.559;0.4828;0.5572;0.5;0.16327024
0.767099;1.0;0.767099;0.9544;0.5;0.51748276
0.8624;0.735099;0.783899;0.5363;0.5;0.46686053
0.4221;0.5221;0.4635;0.706399;0.5;0.7621062
0.588999;0.2789;0.0;0.399899;0.5;-0.12126446
0.4596;1.0;1.0;1.0;0.5;0.71578145
1.0;1.0;1.0;0.811799;0.5;0.8238208
1.0;0.171299;0.392599;0.8559;0.5;0.4665506
0.565299;0.238399;1.0;0.348499;0.5;-0.45939565
0.3273;0.2791;0.095299;0.0731;0.5;-0.41054964
0.1235;0.2272;0.4331;0.4855;0.5;-0.4393506
0.497;0.384;0.575999;0.523;0.5;1.051153
0.2478;0.491199;0.2658;0.509399;0.5;0.1723957
0.625699;0.497799;0.5517;0.415399;0.5;-0.16993165
0.6953;0.5919;0.421499;0.3903;0.5;-0.3728497
0.1207;0.146599;0.3373;0.2783;0.5;0.14943004
0.5566;0.582699;0.528599;0.550599;0.5;-0.047837496
0.3521;0.424499;0.5113;0.4917;0.5;1.0459256
0.492899;0.4458;0.172699;0.1494;0.5;1.2147319
0.1076;0.077899;0.1754;0.165599;0.5;1.3051224
0.3492;0.414999;0.529499;0.5187;0.5;0.04875782
0.263299;0.2573;0.1961;0.362299;0.5;0.13826609
0.4211;0.6121;0.5604;0.7321;0.5;0.5331826
0.6938;0.913699;0.539299;0.882099;0.5;0.35894036
1.0;0.668199;0.8583;0.1834;0.5;0.45170307
0.2843;0.1522;0.4435;0.495099;0.5;0.85805774
0.446899;0.7221;0.5916;0.7705;0.5;0.6283295
0.706299;0.555399;0.7073;0.540099;0.5;0.84921837
0.6098;0.5042;0.381;0.389199;0.5;0.9795737
0.2392;0.399;0.5008;0.614;0.5;0.093473226
0.7391;0.584599;0.432199;0.2239;0.5;1.1658084
0.148299;0.2648;0.404;0.6211;0.5;0.36147356
0.5654;0.560299;0.5788;0.582099;0.5;1.3091338
0.6556;0.8119;0.6934;0.5629;0.5;1.0903609
0.666499;0.3808;0.6015;0.5518;0.5;1.0097814
0.49;0.504;0.507999;0.559999;0.5;0.018138915
0.632899;1.0;0.6799;1.0;0.5;1.1237693
0.919699;0.495799;0.764199;0.2998;0.5;0.21904826
0.369;0.332899;0.062599;0.1555;0.5;1.2407136
0.0405;0.0849;0.099;0.005299;0.5;-0.08854151
0.0;0.0;0.0;0.2019;0.5;1.168145
0.738699;0.6736;0.643599;0.432499;0.5;0.5630624
0.595;0.305399;0.4695;0.5448;0.5;0.07567528
0.553999;0.6352;0.4224;0.305199;0.5;1.4851105
0.1582;0.172699;0.4595;0.489899;0.5;1.3683808
0.3306;0.4098;0.381499;0.430099;0.5;0.9637606
0.4923;0.3743;0.4055;0.3333;0.5;0.0916374
0.483699;0.4894;0.465799;0.521899;0.5;0.10517958
0.6448;0.6828;0.6702;0.7885;0.5;-0.25800347
0.6059;0.4737;0.456;0.4116;0.5;1.5467119
0.360999;0.6267;0.590199;0.527899;0.5;0.8847189
0.4707;0.292999;0.4193;0.4357;0.5;-0.6120372
0.581199;0.5986;0.56;0.5871;0.5;0.095511705
0.5102;0.550999;0.523699;0.526;0.5;0.76658845
0.5062;0.4192;0.5119;0.388999;0.5;0.8266759
0.529199;0.469999;0.582599;0.594799;0.5;0.13951182
0.5053;0.5649;0.4514;0.4365;0.5;1.1045647
0.114799;0.163999;0.1687;0.2669;0.5;0.58843017
0.588999;0.7473;0.571999;0.707599;0.5;-0.16783953
0.8481;0.5838;0.7059;0.576899;0.5;0.33471107
0.575199;0.6036;0.4581;0.3884;0.5;0.16471267
0.1372;0.189599;0.3674;0.3413;0.5;0.3573966
0.2557;0.268999;0.1509;0.2145;0.5;0.5703521
0.4483;0.8207;0.5992;0.996399;0.5;-0.116734505
0.931999;0.5154;0.8059;0.4638;0.5;0.24024367
0.3692;0.5912;0.448499;0.544999;0.5;1.767422
0.656799;0.4051;0.581;0.5115;0.5;0.21178246
0.6724;0.8203;0.710699;0.369199;0.5;0.006599456
0.461499;0.371099;0.3516;0.312999;0.5;1.0862124
0.2877;0.315999;0.4131;0.7775;0.5;0.24148941
0.4465;0.569;0.5153;0.4626;0.5;0.9832394
0.663;0.642999;0.559;0.4513;0.5;0.7743132
0.406399;0.265;0.314999;0.337899;0.5;0.90126514
0.3558;0.3344;0.4543;0.4182;0.5;0.398494
0.392599;0.5443;0.4875;0.6082;0.5;0.7134092
0.8249;0.9513;0.8269;0.796299;0.5;0.4962337
0.384799;0.072599;0.2303;0.0;0.5;0.6565583
0.062799;0.2291;0.116399;0.062;0.5;1.4860106
0.465299;0.377299;0.4542;0.8004;0.5;0.7396054
0.3959;0.4725;0.507899;0.523599;0.5;0.7976544
0.4877;0.338;0.0512;0.0;0.5;0.5285871
0.0;0.087499;0.235599;0.6433;0.5;0.2135706
0.555599;0.422;0.3073;0.0;0.5;0.19065857
0.1745;0.1479;0.3138;0.7637;0.5;0.6776941
0.493099;0.4742;0.6173;0.556899;0.5;1.0815156
0.6592;0.6052;0.420299;0.1684;0.5;0.725497
0.002199;0.2925;0.0;0.190299;0.5;1.7832887
0.3064;0.108699;0.9308;0.3947;0.5;0.5836439
0.459;0.6187;0.654499;0.8178;0.5;1.265068
0.7466;0.5966;0.5527;0.417199;0.5;0.10905984
0.404199;0.4438;0.591;0.7169;0.5;0.81321716
0.7639;0.8124;0.747599;0.6889;0.5;0.4306507
0.3426;0.481999;0.213699;0.241799;0.5;1.9111943
0.4514;0.306999;0.5275;0.6454;0.5;0.7020366
0.9229;0.7432;0.7325;0.532999;0.5;0.2934587
0.213299;0.2728;0.245;0.239;0.5;1.1226368
0.3022;0.2878;0.3627;0.368;0.5;1.339097
0.4421;0.488199;0.5261;0.5717;0.5;1.02988
0.4176;0.489999;0.0122;0.471699;0.5;1.2526405
0.5703;0.6072;0.923999;0.7312;0.5;0.22107482
0.6644;0.998799;0.8199;0.5656;0.5;0.6503713
0.593399;0.177199;0.524799;0.604799;0.5;0.35886288
0.413899;0.4514;0.379799;0.4457;0.5;-0.32797933
0.744;1.0;0.8455;1.0;0.5;1.0860515
0.8298;0.4389;0.8;0.4239;0.5;1.0216486
0.5046;0.818999;0.535599;0.559799;0.5;1.2103868
0.627399;0.491;0.5762;0.476199;0.5;0.14557958
0.6841;0.606999;0.610599;0.5865;0.5;0.95511794
0.3706;0.8038;0.4953;0.916399;0.5;1.1000586
0.9877;0.438199;0.846;0.5463;0.5;0.7787895
0.4489;0.7499;0.5906;0.6798;0.5;0.9251845
0.712299;0.6751;0.712299;0.620999;0.5;1.0451686
0.6517;0.5622;0.439399;0.3393;0.5;-0.21398544
0.3506;0.409799;0.4656;0.568099;0.5;1.7371488
0.4726;0.2828;0.5699;0.5547;0.5;-0.5206156
0.586099;0.8942;0.586099;0.6872;0.5;-0.19727826
0.7174;0.573999;0.646699;0.4431;0.5;0.70051074
0.377599;0.1171;0.2651;0.267199;0.5;0.8892548
0.3553;0.6404;0.439399;0.808399;0.5;0.80693483
0.8005;0.7635;0.7567;0.431;0.5;2.0209503
0.311599;0.099;0.2635;0.123;0.5;1.3418031
0.267499;0.507999;0.292899;0.218;0.5;1.1915994
0.3353;0.135999;0.2667;0.413499;0.5;0.2842021
0.1747;0.341;0.391999;0.3808;0.5;0.7845175
0.4513;0.2224;0.320999;0.487299;0.5;0.12391925
0.5211;0.7876;0.6683;0.6804;0.5;0.45694232
0.7028;0.645;0.5594;0.4752;0.5;1.2071681
0.3806;0.456699;0.5102;0.7303;0.5;0.10675314
0.7988;0.6825;0.8126;0.604699;0.5;0.68243265
0.523;0.320799;0.4177;0.2818;0.5;1.006217
0.3919;0.418;0.432199;0.56;0.5;1.2725782
0.548099;0.898;0.613099;0.5886;0.5;0.9503794
0.5017;0.256;0.4619;0.386799;0.5;0.22848368
0.3908;0.550999;0.3497;0.4139;0.5;0.70042133
0.5119;0.59;0.5928;0.5805;0.5;1.2176883
0.590499;0.250399;0.420999;0.377499;0.5;0.46855927
0.331099;0.4956;0.1648;0.1715;0.5;0.55544496
0.1989;0.277999;0.3109;0.139199;0.5;0.9478164
0.181999;0.097599;0.405799;0.7786;0.5;0.6166947
0.716699;0.5425;0.6029;0.404699;0.5;1.3861668
0.4186;0.471899;0.271099;0.0207;0.5;1.531173
0.0487;0.249;0.2307;0.5563;0.5;0.49107194
0.5089;0.244199;0.3614;0.480499;0.5;0.7868898
0.560199;0.7773;0.7667;0.7404;0.5;0.81489205
0.7021;0.666499;0.6171;0.4175;0.5;0.86277246
0.248799;0.515699;0.354099;0.7667;0.5;-0.22340894
0.9217;0.6013;0.877099;0.539099;0.5;0.78030944
0.549999;0.617999;0.4542;0.3851;0.5;1.0037255
0.2937;0.15;0.2674;0.287199;0.5;-0.12526989
0.3066;0.445499;0.4695;0.6094;0.5;-0.110589266
0.64;0.630499;0.5581;0.3931;0.5;0.3925395
0.223099;0.281;0.052299;0.0;0.5;0.5233002
0.4;0.1766;0.218399;0.402699;0.5;-0.022892952
0.1369;0.273399;0.5129;0.564;0.5;1.1833739
0.6084;0.664;0.5839;0.5766;0.5;-0.009070635
0.4816;0.488;0.336099;0.229699;0.5;0.82594275
0.285899;0.215999;0.3748;0.4373;0.5;-0.021533966
0.4861;0.652;0.591799;0.7163;0.5;0.90983033
0.7146;0.751999;0.6371;0.2414;0.5;0.5115223
0.375299;0.267;0.4296;0.682599;0.5;1.070888
0.5792;0.609999;0.6399;0.8241;0.5;0.32314777
0.8382;0.625999;0.562;0.5062;0.5;0.5266619
0.436699;0.54;0.657899;0.529399;0.5;0.59738874
0.5433;0.382899;0.3468;0.2498;0.5;0.58472276
0.224799;0.435099;0.354699;0.2539;0.5;0.0382376
0.3641;0.1655;0.3166;0.464199;0.5;0.20730615
0.2653;0.503499;0.3727;0.4704;0.5;0.181247
0.5591;0.5192;0.7227;0.520399;0.5;1.3922167
0.5626;0.557099;0.460699;0.6935;0.5;0.33943772
0.601399;0.591699;0.5395;0.4035;0.5;0.63135743
0.4257;0.58;0.424199;0.239999;0.5;0.7077944
0.355;0.135999;0.305499;0.597799;0.5;0.8520913
0.552199;0.4553;0.4489;0.3411;0.5;0.606246
0.3355;0.617799;0.5459;0.6671;0.5;0.78701496
0.762;0.4539;0.7638;0.657;0.5;0.9038818
0.4968;0.645;0.248899;0.271599;0.5;-0.33537626
0.309099;0.282999;0.0602;0.0;0.5;0.30360937
0.0;0.0;0.334699;0.669;0.5;0.51819205
0.639499;0.6937;0.5324;0.4875;0.5;1.4695835
0.381;0.2375;0.291899;0.2892;0.5;-0.30490637
0.2335;0.4055;0.462;0.2593;0.5;0.47483563
0.624699;0.637;0.617;0.629999;0.5;0.647254
0.3632;0.547;0.3672;0.475;0.5;0.7329595
0.5046;0.37;0.480799;0.428899;0.5;0.64971566
0.287399;0.059599;0.329499;0.3474;0.5;0.5813551
0.525;0.477799;0.4451;0.5228;0.5;0.06553653
0.431099;0.421199;0.4473;0.2469;0.5;0.7502568
0.4681;0.7424;0.543599;0.8504;0.5;0.8370173
0.7931;1.0;0.7931;0.790599;0.5;0.6936085
1.0;0.262;0.916599;0.617;0.5;0.940336
0.3486;0.550999;0.507899;0.673;0.5;1.2004983
0.697099;0.625;0.639099;0.483999;0.5;0.52589893
0.4554;0.5062;0.5308;0.513;0.5;-0.7765281
0.407299;0.2828;0.350999;0.702999;0.5;0.5336058
0.5886;0.389599;0.5668;0.201999;0.5;0.32279015
0.322199;0.295;0.3904;0.5441;0.5;-0.88165283
0.5573;0.729399;0.515899;0.4069;0.5;1.3527286
0.451999;0.3416;0.4141;0.4871;0.5;0.14453053
0.3641;0.445799;0.485299;0.5669;0.5;-0.3468442
0.5922;0.445899;0.5473;0.454599;0.5;1.0538173
0.4266;0.7197;0.4715;0.430399;0.5;0.29441237
0.653699;0.495999;0.559899;0.489;0.5;0.1446259
