<OPEN>;<HIGH>;<LOW>;<CLOSE>;(predicted -> )<LOW>
0.189;0.175;0.356;0.392;0.5790132
0.238;0.590999;0.335999;0.521;0.47158778
0.619;0.482;0.646;0.566;0.5058962
0.683;0.694999;0.727;0.753;0.4808563
0.561999;0.403;0.268999;0.132999;0.5098778
0.292999;0.311;0.126999;0.265;0.5059141
0.253;0.067;0.468;0.323999;0.63069046
0.48;0.46;0.59;0.461;0.61437666
0.315999;0.579999;0.506999;0.703999;0.53513825
0.695;0.469;0.35;0.169;0.5499321
0.177;0.160999;0.205999;0.271;0.5855638
0.238;0.386;0.437;0.524999;0.5634147
0.548;0.628;0.625999;0.484999;0.5264777
0.494;0.610999;0.278999;0.255;0.45913637
0.243;0.163;0.524;0.638999;0.55407465
0.649;0.400999;0.431;0.506;0.5699295
0.501999;0.664;0.698;0.66;0.5229014
0.66;0.619;0.303999;0.259999;0.48232257
0.251999;0.146;0.416;0.533;0.570156
0.536;0.819;0.71;0.68;0.4878837
0.688;0.384;0.420999;0.268999;0.54561675
0.265;0.269999;0.416999;0.489;0.57646215
0.497;0.591999;0.616;0.516999;0.5428213
0.507999;0.391;0.31;0.384999;0.5447823
0.391;0.397999;0.42;0.412;0.5487937
0.409999;0.398;0.423;0.436999;0.5520123
0.439;0.533;0.540999;0.499;0.52730024
0.451;0.500999;0.493;0.527999;0.51216066
0.567;0.511;0.347999;0.236999;0.5040306
0.244;0.169999;0.28;0.302;0.56618035
0.314999;0.329;0.268999;0.35;0.55623233
0.335;0.292999;0.576999;0.5;0.5985576
0.499;0.925;0.420999;0.824;0.43358982
0.826999;0.414999;0.646;0.337999;0.5257505
0.332999;0.338999;0.274;0.161;0.53926885
0.171;0.21;0.258;0.271;0.568195
0.273999;0.67;0.504999;0.89;0.47252953
1.0;0.71;0.901;0.542;0.49330175
0.345999;0.331999;0.369999;0.353999;0.5188066
0.343;0.537;0.432;0.689;0.47547996
0.692;0.583999;0.581;0.454999;0.48685253
0.466999;0.493;0.315999;0.206;0.47673166
0.239;0.158;0.422;0.430999;0.5655664
0.384999;0.309999;0.390999;0.407;0.5838591
0.420999;0.427;0.399999;0.326;0.566681
0.323999;0.499;0.426;0.695999;0.51386535
0.687;0.518;0.600999;0.513999;0.5296904
0.789999;1.0;0.698999;0.609999;0.43533027
0.329;0.064999;0.559;0.617;0.57332695
0.622;0.614;0.553999;0.481;0.54002583
0.475999;0.369999;0.353999;0.358999;0.55495083
0.363;0.338;0.381;0.295;0.57410777
0.330999;0.472;0.414999;0.634;0.53047717
0.600999;0.506999;0.538;0.344999;0.5403358
0.35;0.305999;0.313;0.35;0.55735886
0.341;0.427;0.327999;0.335;0.5312282
0.338;0.406999;0.423999;0.628;0.52117884
0.604999;0.494999;0.532;0.414999;0.53186
0.443;0.420999;0.405999;0.273;0.53911984
0.286999;0.427;0.444;0.596999;0.5207139
0.582999;0.488;0.567;0.446;0.535174
0.451;0.586999;0.515999;0.635999;0.4922825
0.649;0.533;0.399;0.312;0.49633563
0.289;0.281999;0.315999;0.262;0.5344051
0.268999;0.412;0.488;0.695999;0.5248326
0.68;0.708999;0.456;0.656999;0.46396434
0.652999;0.785;0.811999;0.597;0.44130266
0.77;1.0;0.564;0.558;0.3555256
0.396999;0.0;0.033;0.0;0.5159873
0.0;0.0;0.113999;0.148;0.5889672
0.16;0.131;0.295;0.24;0.62491477
0.235999;0.317;0.216;0.387999;0.5703229
0.378;0.639;0.393;0.807;0.47110498
0.834;0.427999;0.345999;0.0;0.5353707
0.0;0.712;0.555;1.0;0.4246372
1.0;1.0;1.0;1.0;0.39873302
1.0;0.606999;1.0;0.481999;0.46931088
0.46;0.194;0.237;0.0;0.56904733
0.0;0.159999;0.409999;1.0;0.58666646
0.998;0.502;0.184;0.0;0.60593665
0.0;0.0;0.205999;0.436;0.6597775
0.423999;0.329999;0.341;0.393;0.6420928
0.378;0.596;0.631;0.729999;0.5741197
0.754;0.716999;0.777999;0.44;0.5441743
0.445;0.425;0.530999;0.704999;0.5427438
0.707999;0.555;0.454;0.238;0.5426842
0.226999;0.195999;0.256;0.284999;0.5832809
0.329;0.573999;0.445;0.781;0.5085486
0.736;0.572;0.710999;0.598999;0.52232325
0.597999;0.527;0.616;0.411;0.53394616
0.415999;0.698;0.51;0.746;0.45481503
0.748;0.472999;0.485999;0.525999;0.49858272
0.520999;1.0;0.819;0.658999;0.40424645
0.568;0.321999;0.5;0.646;0.48252523
0.744999;0.491;0.567999;0.353999;0.5292195
0.344999;0.289;0.401;0.402;0.56845725
0.405999;0.484999;0.509999;0.602;0.54413855
0.59;0.709;0.274;0.091999;0.46150267
0.098999;0.0;0.406999;0.430999;0.59425414
0.441;0.636;0.498;0.745;0.5130309
0.722999;0.707999;0.751999;0.601999;0.4915911
0.617;0.596;0.587;0.762999;0.47478855
0.777999;0.509999;0.409999;0.096;0.51879466
0.086999;0.193999;0.444;0.553999;0.5698818
0.545999;0.648;0.586999;0.566;0.52086294
0.56;1.0;0.45;1.0;0.3726858
1.0;0.674999;1.0;0.747999;0.42853534
0.675999;0.359;0.685;0.451999;0.5236286
0.507;0.616;0.463999;0.572;0.48009336
0.580999;0.625999;0.606999;0.556999;0.47070563
0.561999;0.577;0.519;0.464;0.467785
0.452;0.263999;0.373999;0.369;0.54026425
0.326999;0.378999;0.248;0.239999;0.52750885
0.287999;0.4;0.427999;0.664999;0.51579654
0.67;0.537999;0.643999;0.507;0.52913606
0.509;0.887999;0.606;0.850999;0.42040527
0.855;0.649;0.863999;0.664999;0.45728266
0.590999;0.629;0.498;0.561;0.43789923
0.627;0.422999;0.482999;0.286999;0.5037981
0.296999;0.266;0.167;0.116;0.5326885
0.12;0.446999;0.467999;0.716;0.49708664
0.695;0.548;0.592;0.57;0.5064148
0.439999;0.499;0.631999;0.566;0.51231563
0.7;0.564;0.609999;0.521999;0.51838934
0.519999;0.479999;0.540999;0.505;0.52568495
0.512;0.631999;0.527;0.659999;0.48149407
0.661999;0.551;0.56;0.548;0.4930097
0.542999;0.549999;0.475999;0.504999;0.4835564
0.541;0.445;0.454;0.325;0.5144197
0.305999;0.396;0.448;0.390999;0.52535117
0.382;0.465;0.496;0.628;0.51359713
0.623999;0.804;0.582999;0.828;0.43947875
0.706;0.483999;0.732999;0.396999;0.50689757
0.516999;0.43;0.288;0.484999;0.50415576
0.481;0.443;0.192999;0.064999;0.49991786
0.12;0.305;0.618;0.582;0.5473989
0.578999;0.448999;0.349999;0.34;0.5422133
0.311;0.363999;0.454;0.579999;0.5452949
0.56;0.548;0.649;0.542;0.5385536
0.538;0.491999;0.466999;0.460999;0.52967846
0.478999;0.497;0.429;0.459;0.51404417
0.449999;0.4;0.389;0.357999;0.52995265
0.37;0.344;0.484;0.389;0.5634326
0.378;0.652999;0.468999;0.656999;0.4802066
0.647999;0.586999;0.655;0.673;0.48451006
0.68;0.536;0.542999;0.402;0.50366104
0.402999;0.42;0.457;0.6;0.5107063
0.612;0.516999;0.393;0.332999;0.510754
0.169;0.514;0.42;0.620999;0.4586476
0.765999;0.768;0.802999;0.721;0.4466313
0.728;0.469;0.685;0.53;0.5041677
0.524999;0.540999;0.561999;0.579;0.49892247
0.583999;0.524999;0.575;0.488;0.51099837
0.461;0.439;0.188;0.283999;0.49355805
0.279999;0.377;0.522999;0.528999;0.519951
0.562;0.503999;0.552999;0.469;0.5258757
0.455999;0.508;0.476;0.494;0.5085963
0.45;0.734;0.522999;0.756;0.43198645
0.808;0.774999;0.77;0.773;0.42367756
0.799999;1.0;0.756999;1.0;0.36019862
1.0;1.0;1.0;1.0;0.34467757
1.0;0.460999;0.643999;0.101999;0.47877014
0.104999;0.167999;0.515;0.691;0.5523163
0.689999;0.839;0.645;0.835;0.4715222
0.835;1.0;0.909999;1.0;0.40561736
1.0;0.494999;0.832;0.287999;0.5088049
0.287999;0.377;0.44;0.646;0.5122143
0.634999;0.541;0.393999;0.127;0.5196887
0.13;0.245999;0.387;0.680999;0.5400139
0.738999;0.64;0.772999;0.676;0.5295354
0.602;0.855;0.556;0.747999;0.43056786
0.757999;1.0;0.759;0.762;0.365569
0.767;0.0;0.617999;0.254;0.60542405
0.219999;0.314;0.271;0.350999;0.5894381
0.384999;0.395;0.311;0.442999;0.5654532
0.436;0.356;0.541;0.548999;0.58799565
0.458;0.669999;0.619;0.764;0.51744163
0.783;0.613;0.594;0.219999;0.52762806
0.295999;0.364;0.415999;0.717999;0.5235332
0.729999;0.894999;0.798999;0.778;0.45905292
0.758;0.683;0.758;0.775999;0.45563757
0.792999;0.832;0.723999;0.617;0.4245001
0.620999;0.301;0.210999;0.480999;0.49020827
0.502;0.509999;0.743;0.294;0.5352992
0.279;0.883;0.485999;1.0;0.38692534
1.0;0.741999;1.0;0.363;0.4421848
0.357999;0.131;0.019999;0.14;0.516029
0.134;0.425;0.59;0.478;0.5226332
0.482999;0.308999;0.393;0.407;0.5615252
0.425;0.456;0.476999;0.577999;0.5410391
0.539999;0.712999;0.6;0.855;0.47492564
0.887;1.0;0.811;0.872999;0.41043937
0.921999;0.089999;0.658;0.287999;0.6144661
0.245;0.547;0.576999;0.864;0.5481559
0.845999;0.889999;0.794;0.857999;0.4801947
0.85;0.806;0.690999;0.268;0.45962512
0.286999;0.338;0.067999;0.24;0.45259178
0.224;0.055999;0.436;0.35;0.5924958
0.372;0.093;0.132;0.038999;0.6569463
0.041999;0.078999;0.164;0.3;0.6608683
0.285;0.32;0.242999;0.121;0.618394
0.147999;0.52;0.423;0.789999;0.52636445
0.753;0.531999;0.816;0.46;0.55959404
0.487;0.528;0.491;0.539999;0.5265969
0.541;0.546999;0.565999;0.734999;0.5091566
0.727999;1.0;0.600999;0.446999;0.4051882
0.463;0.0;0.569;0.703;0.57599723
0.68;0.640999;0.532;0.387;0.54140866
0.391;1.0;0.144999;0.103;0.31426132
0.097999;0.0;0.225999;0.274999;0.4661399
0.284999;0.231999;0.414;0.338999;0.5335051
0.338;0.350999;0.401;0.465;0.536378
0.457;0.635;0.0;0.037999;0.4057604
0.110999;0.0;0.332999;0.308;0.54635584
0.259;0.652999;0.655;0.764;0.4816848
0.731;0.642;0.689999;0.567;0.47919333
0.552;0.982999;0.603999;1.0;0.36575377
1.0;0.48;0.747999;0.18;0.48920095
0.185;0.302999;0.323;0.253;0.51356137
0.251999;0.03;0.291;0.384;0.6216425
0.384999;0.567999;0.277;0.285;0.526281
0.293;0.097999;0.460999;0.436999;0.62574327
0.423999;0.670999;0.311999;0.706;0.49767673
0.707999;0.72;0.887;0.506999;0.49431503
0.504999;0.222999;0.192;0.101999;0.56456506
0.115;0.162999;0.308;0.469999;0.60043514
0.457999;0.685;0.277;0.381;0.47988474
0.416;0.135999;0.573;0.41;0.6047207
0.317999;0.564;0.332999;0.414999;0.5132216
0.491;0.296;0.379;0.243;0.56875527
0.222999;0.254999;0.391999;0.463999;0.5879718
0.448;0.478;0.420999;0.384999;0.5570489
0.375;0.523;0.462;0.437;0.5179423
0.469999;0.461999;0.321999;0.408999;0.50178945
0.381;0.637999;0.466999;0.954999;0.43618858
0.977;0.877;1.0;0.823;0.43058574
0.835;0.847999;0.92;0.749;0.4137236
0.634;0.483;0.373999;0.375;0.44843137
0.701;1.0;0.427;0.222999;0.34362853
0.000999;0.0;0.033999;0.0;0.45170963
0.264;0.5;0.086999;0.060999;0.37908733
0.284999;0.0;0.417999;0.962;0.5155462
0.359;0.5;0.499;0.552999;0.48900425
0.567;0.242;0.536;0.166;0.59363425
0.176;0.309999;0.329;0.439;0.5699712
0.421999;0.733;0.591999;0.963999;0.4791397
0.984;0.732999;1.0;0.622999;0.49268186
0.613999;0.444;0.356999;0.215;0.5167681
0.213;0.478999;0.449;0.680999;0.483765
0.692999;0.664999;0.744999;0.683;0.48056424
0.682;0.628999;0.631999;0.723999;0.47052085
0.716;0.805;0.715;0.867;0.42913735
0.875;0.563;0.611399;0.410499;0.48128545
0.408;0.4724;0.4876;0.4645;0.49030364
0.448999;0.5116;0.679;0.524;0.5097765
0.533;0.3836;0.408;0.4435;0.5389708
0.448999;0.550399;0.433;0.422499;0.5039829
0.368;0.585;0.440999;0.736799;0.45173943
0.797999;0.588;0.698;0.5362;0.48502862
0.495;0.464999;0.487;0.3259;0.5059141
0.348599;0.2616;0.0;0.0;0.5170542
0.0;0.018399;0.3456;0.264899;0.61857283
0.250999;0.359999;0.297399;0.3609;0.57172954
0.375999;0.461;0.582999;0.6092;0.55425346
0.63;0.661299;0.624;0.785699;0.50609887
0.7593;0.497;0.483699;0.2522;0.53735554
0.269699;0.279699;0.2584;0.341999;0.5515355
0.305;0.303;0.2479;0.259999;0.55774033
0.281999;0.393899;0.580999;0.546999;0.56626976
0.545;0.5633;0.536999;0.577;0.53156793
0.577999;0.6068;0.6312;0.661099;0.5073565
0.67;0.671999;0.5048;0.663899;0.46737373
0.652999;0.466999;0.6895;0.398;0.52598894
0.4046;0.599;0.338499;0.637299;0.45632303
0.612;0.610999;0.8126;0.6051;0.48073113
0.6351;0.5035;0.495899;0.3938;0.5022782
0.371499;0.405499;0.3025;0.296799;0.5034286
0.3168;0.438;0.4512;0.554699;0.49872577
0.5413;0.365499;0.297799;0.2531;0.52986324
0.2627;0.2347;0.3094;0.262799;0.5686897
0.259999;0.256799;0.223599;0.4692;0.5623239
0.488;0.5936;0.700899;0.595199;0.537737
0.585999;0.602399;0.5861;0.4615;0.5131024
0.443899;0.431;0.247;0.5011;0.49078047
0.5095;0.488;0.533;0.5424;0.50291
0.5467;0.5227;0.642099;0.539999;0.5154747
0.544899;0.9803;0.6719;1.0;0.40187418
1.0;0.720999;0.875999;0.378;0.44824064
0.377499;0.534199;0.4531;0.826;0.423308
0.8294;0.4578;0.547899;0.167999;0.5151409
0.2207;0.482999;0.5396;0.77;0.49052417
0.7317;0.68;0.634799;0.707999;0.47240436
0.688699;0.526;0.5848;0.329999;0.5070108
0.337299;0.294999;0.491499;0.401;0.56138813
0.396;0.4679;0.4253;0.423999;0.5395669
0.4391;1.0;0.411;0.583399;0.36427557
0.551299;0.0;0.361;0.4166;0.5545813
0.1023;0.3519;0.390999;0.3949;0.536831
0.7524;0.6471;0.7584;0.6141;0.52675784
0.5914;0.738;0.574599;0.7834;0.45837343
0.7699;0.600999;0.7867;0.482299;0.49354613
0.524899;0.48;0.1903;0.4463;0.46909034
0.5814;0.488999;0.660899;0.523099;0.5109447
0.354599;0.359;0.0144;0.458;0.472911
0.4715;0.659999;1.0;0.651699;0.49337924
0.648999;0.5043;0.577599;0.4743;0.5143839
0.4926;0.6317;0.564;0.754899;0.47141492
0.621299;0.478;0.5546;0.364399;0.5111593
0.49;0.725999;0.5253;0.7467;0.4410702
0.7488;0.563699;0.762299;0.5311;0.4863578
0.522599;0.593299;0.4998;0.628799;0.46107352
0.6184;0.492;0.3766;0.222999;0.48798501
0.217199;0.173999;0.147199;0.366799;0.52980363
0.3851;0.4846;0.6995;0.6275;0.53848803
0.617199;0.7624;0.613999;0.694699;0.4710096
0.698;0.579799;0.6126;0.4589;0.48673332
0.4279;0.3922;0.440899;0.5681;0.5079645
0.5838;0.538799;0.5266;0.357799;0.5137104
0.3386;0.3542;0.441899;0.5349;0.5325991
0.558999;0.577199;0.5552;0.584699;0.51047385
0.582999;0.6426;0.611799;0.5051;0.48733532
0.5384;0.443899;0.3;0.211499;0.5011159
0.187999;0.447299;0.481999;0.4871;0.48954666
0.5035;0.317;0.402499;0.5501;0.5339283
0.5369;0.533999;0.5654;0.511899;0.5244392
0.527799;0.436999;0.048499;0.015799;0.49882114
0.0022;0.282;0.1205;0.255099;0.46529353
0.315599;0.237;0.600999;0.7103;0.54481804
0.6601;0.441199;0.5551;0.381399;0.5684155
0.375;0.3744;0.188;0.161499;0.5427617
0.1478;0.5116;0.5749;0.8045;0.50269544
0.820099;0.4658;0.465599;0.3183;0.5434114
0.2143;0.541199;0.4464;0.658299;0.4795152
0.756299;0.6728;0.828099;0.7029;0.4858929
0.7045;0.591999;0.577999;0.421199;0.49215138
0.4285;0.383;0.4654;0.5663;0.51878273
0.5595;0.495999;0.4046;0.278299;0.5221921
0.1449;0.4355;0.259;0.716;0.46016753
0.8342;0.520699;0.9645;0.434;0.5357343
0.4615;0.552399;0.4315;0.554699;0.49308717
0.536299;0.5534;0.315399;0.337299;0.46702206
0.338799;0.640899;0.6404;0.689;0.43752968
1.0;0.5982;0.6262;0.5456;0.48124373
0.1681;0.455999;0.611599;0.6655;0.4802841
0.679099;0.5329;0.5519;0.3748;0.50521076
0.3668;0.549999;0.448499;0.743499;0.4612702
0.738199;0.935499;0.7478;0.9186;0.39945424
1.0;0.5095;0.720199;0.304499;0.4952091
0.2083;0.377;0.515;0.592799;0.5080956
0.5898;0.434999;0.393299;0.2755;0.5365032
0.261199;0.356;0.3243;0.332799;0.5328077
0.3551;0.3136;0.1694;0.3594;0.5272764
0.3065;0.4784;0.694299;0.6584;0.5311388
0.698;0.522999;0.575699;0.4232;0.54100335
0.4494;0.384;0.091999;0.0668;0.52266896
0.049499;0.239;0.3643;0.633499;0.5373019
0.644;0.666899;0.6507;0.6511;0.50370276
0.656199;0.5326;0.545;0.5816;0.50593793
0.5679;0.5884;0.7409;0.562399;0.5109149
0.549199;0.5411;0.548199;0.4217;0.50978243
0.403199;0.546499;0.2987;0.7165;0.4518944
0.7517;0.5249;0.4782;0.094799;0.5018729
0.155;0.503599;0.321999;0.9283;0.4326898
0.8678;0.701;0.978999;0.478099;0.4740852
0.480599;0.361;0.4007;0.5754;0.5026299
0.5709;0.709499;0.6933;0.5416;0.47317922
0.515299;0.377199;0.466999;0.513599;0.51469386
0.4505;0.5483;0.5514;0.403399;0.5040246
0.485799;0.3303;0.3735;0.3185;0.5487877
0.330199;0.4054;0.1751;0.3513;0.508036
0.3393;0.333299;0.515999;0.488799;0.5466896
0.494199;0.542;0.4144;0.653;0.502159
0.5836;0.4465;0.2066;0.0;0.5087632
0.0;0.1015;0.3047;0.425999;0.56798637
0.4402;0.562899;0.692299;0.721;0.5409676
0.8371;0.695599;0.661999;0.509;0.51626146
0.363899;0.3779;0.448;0.443199;0.5308527
0.3475;0.4966;0.3348;0.6223;0.483765
0.725099;0.663999;0.653199;0.564799;0.4775542
0.5617;0.4691;0.567;0.593699;0.50243914
0.5855;0.719899;0.4149;0.6097;0.4352945
0.6053;0.3476;0.728099;0.222299;0.5505401
0.359399;0.4372;0.426;0.5279;0.5341071
0.4016;0.671199;0.503;0.567399;0.46406567
0.5652;0.335999;0.201;0.146999;0.51205933
0.138199;0.1107;0.427;0.4657;0.59682906
0.474499;0.704299;0.484;0.686;0.4987377
0.8374;0.51;0.4955;0.364399;0.52999437
0.2025;0.266399;0.500499;0.382399;0.57717144
0.429099;0.7826;0.451;0.9223;0.4539746
0.950499;0.533999;0.8378;0.349999;0.52788436
0.273;1.0;0.5452;1.0;0.3576535
0.841499;0.305499;0.848599;0.5;0.50879896
0.854399;1.0;0.3944;1.0;0.3916639
1.0;1.0;1.0;1.0;0.36768496
1.0;0.287399;1.0;0.011899;0.5689758
0.2553;0.216;0.058299;0.7944;0.54755986
0.601999;0.695399;0.4739;0.0;0.50729096
0.0;0.0;0.4549;0.5146;0.6209451
0.391;0.388;0.618;0.393999;0.6274241
0.632599;1.0;0.216;0.369099;0.42172253
0.1974;0.0;0.453399;0.462;0.5749363
0.512;0.6772;0.5754;0.6659;0.50642073
0.667;0.772099;0.0;0.7376;0.37325203
0.738;0.6943;1.0;0.599399;0.42572796
0.589599;0.462999;0.6591;0.706;0.47124207
0.4517;0.532;0.406099;0.192299;0.46615183
0.4467;0.398;0.3751;0.7352;0.47932446
0.732799;0.504999;0.499499;0.2498;0.519951
0.244199;0.317799;0.3742;0.483799;0.5328196
0.488199;0.6214;0.5623;0.561399;0.49522698
0.5618;0.3738;0.701799;0.5115;0.55948675
0.499899;0.717399;0.4146;0.487299;0.4661578
0.5091;0.3958;0.505;0.484999;0.5110878
0.474999;0.4437;0.2633;0.223399;0.5049604
0.23;0.1681;0.317699;0.3945;0.56685984
0.3902;0.534999;0.5151;0.5623;0.52618563
0.4964;0.402999;0.5863;0.5255;0.55481374
0.395399;0.6801;0.318199;0.611499;0.44384778
0.817;1.0;0.7346;0.436999;0.3844875
0.435;0.0;0.486199;0.5281;0.56361735
0.530999;0.451099;0.3026;0.220399;0.55338323
0.218;0.2839;0.193399;0.4135;0.53955495
0.4041;0.353;0.7811;0.518499;0.5993265
0.3226;0.711999;0.0441;0.6738;0.40937245
0.879299;0.6339;0.905899;0.457;0.4694003
0.4465;0.928399;0.5316;1.0;0.35072744
1.0;0.8447;1.0;0.840399;0.3773111
0.861699;0.494399;0.853;0.4207;0.4735726
0.4033;0.3446;0.574999;0.551099;0.5283314
0.253899;1.0;0.082399;1.0;0.28080523
1.0;0.8229;1.0;0.6249;0.34326494
0.622399;0.567599;0.697099;0.2712;0.4056114
0.5542;0.686499;0.0;0.962399;0.3142017
0.728999;0.636;1.0;0.63;0.3976661
0.643;0.256;0.6175;0.548;0.5183953
0.662999;0.662999;0.717999;0.611999;0.502457
0.375;0.713;0.0;0.7385;0.3456849
0.8092;0.571;0.559399;0.0;0.43137252
0.0;0.235399;0.4636;0.442599;0.48891485
0.4247;0.5533;0.534399;0.8095;0.46358883
0.8211;0.372299;0.6026;0.2485;0.56001127
0.239699;0.1367;0.416;0.414;0.63001096
0.312899;0.863299;0.267999;0.5331;0.42750418
0.635399;0.616;0.623;0.921799;0.42984664
0.933;0.5294;0.799399;0.3772;0.50718963
0.3714;0.320599;0.343499;0.5672;0.5262691
0.5716;0.5184;0.3622;0.070899;0.5272168
0.057999;0.0526;0.5319;0.4688;0.6378132
0.405499;0.787599;0.4489;0.5352;0.49317062
0.6;0.271999;0.3243;0.559799;0.5473453
0.5735;0.5014;0.463899;0.2874;0.54584324
0.287999;0.488799;0.5799;0.580399;0.52722275
0.567399;0.401199;0.375299;0.378599;0.5462903
0.412599;0.394;0.6679;0.5116;0.58098614
0.45;0.434999;0.466799;0.457999;0.570001
0.477499;0.56;0.0;0.2192;0.4675883
0.238599;0.5883;1.0;0.7935;0.4971522
0.7969;0.501299;0.670099;0.384799;0.54069936
0.378;0.9634;0.4577;1.0;0.37455738
1.0;0.488;0.875499;0.392999;0.4892069
0.487;0.403999;0.7273;0.5064;0.54481804
0.232599;0.369999;0.0;0.0;0.49049437
0.0;0.0;0.335;0.4215;0.59654295
0.4459;0.564499;0.5799;0.6043;0.54573596
0.597;0.6145;0.399299;0.378;0.49303353
0.370999;0.268;0.2528;0.145399;0.5378443
0.1271;0.0361;0.49;0.4263;0.65031826
0.423899;0.7759;0.0;0.302999;0.4335302
0.491;0.552999;1.0;0.8261;0.48838437
0.676;0.336999;0.760899;0.488599;0.57382166
0.452999;0.731;0.3504;0.561;0.45643032
0.5629;0.423999;0.52;0.337499;0.509395
0.2941;0.213999;0.655;0.531799;0.59859335
0.581999;0.462;0.562999;0.501;0.5944866
0.499;0.601999;0.0;0.427;0.4690665
0.500999;0.398;1.0;0.573;0.5643445
0.499;0.601999;0.0;0.427;0.4460472
0.457;0.358;1.0;0.3307;0.5697149
0.322;0.3635;0.2772;0.155899;0.55826485
0.132999;0.445299;0.459;0.5392;0.51730454
0.542;0.6392;0.567399;0.7413;0.47540843
0.755;0.430999;0.786899;0.623899;0.538792
0.727999;0.587;0.7747;0.616999;0.54151595
0.3685;0.545999;0.0;0.1217;0.44020593
0.262499;0.195999;1.0;0.3476;0.61065733
0.342;0.387999;0.403999;0.5381;0.5808729
0.518999;0.619;0.408799;0.548499;0.5080658
0.574999;0.6463;0.768799;0.6541;0.49624622
0.659;0.352699;0.6762;0.538;0.5662161
0.457699;0.930999;0.4753;0.803599;0.4132706
0.8903;0.416;0.6552;0.4159;0.51418126
0.387;0.540999;0.503999;0.544;0.48949897
0.550999;0.499;0.512499;0.457299;0.503965
0.469;0.4812;0.3677;0.2849;0.50055563
0.227;0.296799;0.488;0.660299;0.5328196
1.0;0.815;0.507999;0.3439;0.49188316
0.049999;0.267399;0.3924;0.3902;0.51410973
0.396;0.3436;0.125599;0.147399;0.50990164
0.116999;0.290999;0.509799;0.595599;0.5367893
0.635;0.494;0.5499;0.602499;0.53563297
0.590999;0.415;0.6733;0.4704;0.57584226
0.5786;0.591999;0.274099;0.4052;0.50860226
0.2914;0.9082;0.5606;1.0;0.37788928
1.0;0.519799;0.945799;0.387999;0.4858631
0.295;0.585;0.4395;0.493;0.4339713
0.567999;0.5707;0.652999;0.670099;0.45282423
0.66;0.380299;0.7113;0.526899;0.53445876
0.527999;0.488;0.4797;0.449;0.5314785
0.448999;0.533999;0.113;0.215199;0.4661101
0.173;0.225999;0.249499;0.177399;0.51166594
0.225;0.1418;0.380299;0.4672;0.5816239
0.458999;0.520399;0.5392;0.551399;0.54693997
0.557;0.7458;0.5422;0.7629;0.4653591
0.67;0.484999;0.7648;0.4699;0.5208868
0.6364;0.5987;0.4377;0.596499;0.48862278
0.529599;0.7423;0.623899;0.5354;0.441702
0.530999;0.368;0.0;0.084899;0.45722902
0.075;0.0;0.768299;0.0;0.67385614
0.006999;0.136;0.2467;0.3177;0.6621438
0.286;0.141399;0.467999;0.4587;0.70091665
0.513199;0.657;0.539999;0.526899;0.59489787
0.5018;0.851999;0.4599;0.8136;0.45429647
0.813;0.7559;0.913199;0.649799;0.45802176
0.655999;0.747199;0.5613;0.8868;0.40934265
0.878299;0.627399;0.9485;0.612699;0.46373785
0.5297;0.3417;0.563099;0.4772;0.53268254
0.573699;0.6274;0.0;0.3868;0.4372257
0.4863;0.643;1.0;0.350299;0.48300803
0.241;0.0;0.3217;0.295999;0.6150621
0.292;0.278299;0.042999;0.267;0.5738455
0.256999;0.4071;0.423099;0.399;0.54931223
0.4021;0.198;0.8023;0.497299;0.6516117
0.2359;0.23;0.2436;0.2366;0.64071
0.506;0.710699;0.366099;0.6173;0.5150515
0.622999;0.5422;0.3786;0.178899;0.50409615
0.18;0.185099;0.408999;0.416399;0.5694467
0.411999;0.525;0.5319;0.7104;0.53108513
0.707;0.674999;0.514399;0.401399;0.49499452
0.396;0.226999;0.583;0.506599;0.5826789
0.372;0.666;0.2468;0.2278;0.46541274
0.372;0.313;0.502199;0.6317;0.5186695
0.633;0.570999;0.637;0.633699;0.5141574
0.628;0.691299;0.626;0.6021;0.47751248
0.606999;0.470199;0.587299;0.5441;0.5112666
0.5306;0.4425;0.544699;0.4936;0.5355674
0.3414;0.335999;0.381;0.375;0.55380046
0.533999;0.6032;0.280099;0.3241;0.48998773
0.326;0.2646;0.3182;0.361999;0.5342561
0.358599;0.3502;0.234099;0.3903;0.5235809
0.3984;0.427;0.492599;0.2481;0.53848207
0.250999;0.309799;0.47;0.5454;0.5579728
0.557;0.5022;0.6128;0.5681;0.5534011
0.547;0.649;0.365099;0.560299;0.4772979
0.567;0.512999;0.423;0.236699;0.48864663
0.245999;0.3278;0.496099;0.5655;0.52266896
0.559;0.550799;0.537399;0.474499;0.5115646
0.478999;0.4917;0.393599;0.465299;0.49658
0.457;0.3117;0.624;0.5277;0.56507766
0.385999;0.353999;0.379999;0.347999;0.5723971
0.51;0.557;0.29;0.439;0.5105573
0.427999;0.466999;0.463999;0.467999;0.50856054
0.475;0.4896;0.609999;0.4946;0.52182853
0.470999;0.5107;0.490499;0.5454;0.5065578
0.557;0.6768;0.5615;0.607799;0.4645604
0.5936;0.409899;0.634;0.5902;0.5192059
0.593399;0.481;0.616;0.500999;0.54146826
0.5;0.679;0.2909;0.3374;0.45475543
0.332;0.291199;0.445099;0.419599;0.51759064
0.41;0.4288;0.312;0.32;0.508042
0.347999;0.45;0.439999;0.727;0.49180567
0.729999;0.507999;0.670999;0.448799;0.5303937
0.407;0.4143;0.494;0.400199;0.54273784
0.424999;0.695399;0.423999;0.613399;0.45357525
0.621;0.535299;0.552;0.4796;0.47546804
0.491999;0.433799;0.4179;0.403999;0.49662173
0.393;0.4622;0.578099;0.674999;0.50489485
0.67;0.559899;0.366;0.246;0.49807608
0.257199;0.206099;0.578;0.564;0.579049
0.5084;0.517;0.048999;0.093;0.50383985
0.138399;0.270699;0.5013;0.604199;0.54263055
0.615;0.557299;0.481699;0.2708;0.5279678
0.2672;0.4621;0.445;0.628;0.4962939
0.632799;0.3609;0.369;0.324399;0.5436498
0.324;0.247;0.607999;0.488599;0.6112236
0.447299;0.609999;0.329;0.5947;0.5137521
0.625699;0.634;0.71;0.4983;0.50693333
0.45;0.606;0.533;0.661;0.46795785
0.7134;0.817;0.537799;0.560399;0.41350305
0.577599;0.186;0.2114;0.0196;0.53985894
0.0;0.018999;0.523199;0.542;0.6526309
0.4849;0.859999;0.4506;0.8076;0.4902619
0.9041;0.564;0.402;0.056399;0.5217272
0.103;0.222999;0.466;0.5369;0.56661546
0.459999;0.385;0.432;0.4131;0.5745965
0.408;0.536999;0.503999;0.589999;0.530054
0.552;0.356999;0.658;0.477;0.5861658
0.5625;0.63;0.437999;0.589499;0.51847875
0.5465;0.625999;0.58;0.6025;0.48821747
0.631;0.518;0.608999;0.495699;0.51183283
0.465;0.574999;0.505;0.647299;0.48015893
0.663999;0.5714;0.683999;0.532;0.49967945
0.548;0.556599;0.553;0.536999;0.49402297
0.493299;0.3914;0.1;0.305;0.48865855
0.3037;0.3401;0.578999;0.529499;0.53874433
0.544999;0.933499;0.586;0.9435;0.41972578
0.911;0.53;0.836999;0.544;0.49043477
0.576999;0.684;0.661999;0.417999;0.46857178
0.407;0.399;0.532;0.652;0.49954832
0.600999;0.521999;0.378;0.253999;0.5016643
0.314799;0.314;0.085999;0.112;0.500198
0.2732;0.288699;0.41;0.586999;0.53268254
0.506999;0.383299;0.451999;0.245;0.5632359
0.189;0.499299;0.388999;0.745999;0.4909712
0.749;0.4537;0.776;0.515;0.5507785
0.460999;0.482999;0.603999;0.497;0.54896057
0.527;0.7118;0.344;0.5748;0.45366466
0.57;0.581199;0.713999;0.700899;0.46891153
0.699999;0.648499;0.572;0.3573;0.4679519
0.3417;0.3215;0.352999;0.426;0.5041021
0.450299;0.368;0.452;0.427999;0.5391437
0.429;0.374;0.556999;0.524;0.5660492
0.467999;0.704;0.307;0.6687;0.45377195
0.668;0.491999;0.676;0.3063;0.5125183
0.369;0.347999;0.414;0.523899;0.5325216
0.509999;0.5461;0.531999;0.5371;0.51469386
0.521;0.612899;0.628999;0.631099;0.49100697
0.686999;0.505;0.635;0.5099;0.52203715
0.3699;0.447;0.332999;0.436999;0.50100267
0.530099;0.472999;0.408999;0.35;0.50962746
0.376;0.445999;0.474;0.593;0.50730884
0.537599;0.5281;0.568999;0.523999;0.5079943
0.5204;0.606899;0.460999;0.486;0.4717368
0.538699;0.405;0.653;0.561;0.52725255
0.505899;0.624;0.430999;0.516999;0.47491372
0.5343;0.537999;0.545;0.457;0.48283517
0.4791;0.353999;0.381999;0.356999;0.52451074
0.381999;0.5121;0.485999;0.6276;0.4988569
0.606;0.7119;0.59;0.6768;0.45522034
0.604999;0.408;0.676;0.4416;0.52614987
0.403199;0.783;0.169999;0.777999;0.37353814
0.8328;0.522999;0.6553;0.514;0.45025527
0.555;0.622999;0.361499;0.5574;0.4165727
0.597999;0.392;0.8962;0.230599;0.5399424
0.158999;0.267;0.396999;0.438;0.56011856
0.505;0.392999;0.541;0.497;0.5796927
0.449999;0.5961;0.392999;0.589799;0.5044836
0.612;0.594899;0.637;0.4342;0.5042392
0.530999;0.875;0.401;0.930999;0.3822583
0.854999;0.544;0.784799;0.564;0.45747936
0.55;0.866999;0.7252;0.968;0.3911513
1.0;0.591999;1.0;0.558999;0.46870887
0.386099;0.533999;0.343699;0.383;0.4382509
0.4649;0.298;0.25;0.2243;0.5037564
0.249;0.5989;0.459;0.865699;0.43851316
0.672999;0.5441;0.769999;0.4042;0.49092948
0.577;0.677999;0.538;0.7368;0.4458505
0.798999;0.457;0.808;0.439;0.52958906
0.586999;0.8;0.533999;0.686999;0.44466436
0.492;0.446999;0.548;0.652999;0.47680318
0.640999;0.782;0.533999;0.697;0.41907012
0.734;1.0;0.893;1.0;0.36615312
1.0;0.744999;1.0;1.0;0.39466202
1.0;0.4564;1.0;0.549999;0.4996258
0.506999;0.445999;0.516999;0.448999;0.5223471
0.508;1.0;0.3777;0.5361;0.36048472
0.454999;0.137;0.0;0.0;0.47446072
0.0;0.0;0.082;0.0;0.5563694
0.241;0.0;0.375999;0.415999;0.659551
0.611999;0.740499;0.561999;0.541;0.55591047
0.3776;0.3818;0.623;0.525999;0.576337
0.4994;1.0;0.265999;0.698;0.37555873
0.661;0.353999;0.0;0.901;0.39874494
0.884;0.506;1.0;0.076999;0.5267519
0.269999;0.355;0.542999;0.673;0.54189146
0.5527;0.564;0.0;0.4788;0.45262754
0.4483;0.413999;1.0;0.562199;0.54570615
0.573999;0.586;0.314999;0.204;0.501253
0.213;0.659399;0.482;0.78;0.41963637
0.774;0.6272;0.795999;0.783999;0.45002282
0.802999;0.946399;0.784999;0.84;0.39411962
0.802;0.7586;0.823999;0.567399;0.40747702
0.53;0.000399;0.551;0.4236;0.60296834
0.5022;0.491;0.0;0.403999;0.51956356
0.311799;0.4155;1.0;0.024999;0.61745226
0.080999;0.109499;0.439999;0.542999;0.6598371
0.557;0.576;0.639;0.642;0.6023723
0.622999;1.0;0.335999;0.228999;0.42063177
0.254;0.0;0.473999;0.569;0.5765456
0.576099;0.727;0.0;0.436999;0.4274267
0.4329;0.274999;1.0;0.106999;0.59309185
0.123999;0.25;0.407;0.416499;0.600459
0.389;0.457899;0.384999;0.2655;0.5644101
0.271999;0.2341;0.474;0.611499;0.59727013
0.597;0.446999;0.549999;0.3945;0.6007749
0.410499;0.705;0.3359;0.838699;0.47183812
0.8282;0.519999;0.588099;0.1523;0.5305487
0.177;0.231999;0.224;0.255;0.5517918
0.240299;0.1955;0.367999;0.427999;0.5988258
0.416;0.421599;0.493;0.4018;0.58629096
0.381999;0.3759;0.561;0.532199;0.594278
0.5921;0.5794;0.381;0.5471;0.53317726
0.499899;0.5878;0.391999;0.3889;0.48696578
0.335;0.4328;0.397;0.257;0.49253285
0.320399;0.152;0.006;0.012099;0.5392033
0.000599;0.095199;0.407999;0.360599;0.6096381
0.373;0.256799;0.514;0.4933;0.63834965
0.446999;0.427;0.466;0.454999;0.6052214
0.49;1.0;0.353999;1.0;0.41034997
1.0;0.584299;1.0;0.668399;0.478639
0.669;0.6077;0.648;0.516599;0.4817146
0.497999;0.401499;0.427999;0.495699;0.51143944
0.506;0.4425;0.325099;0.1402;0.5267936
0.109;0.230999;0.5239;0.5941;0.57367265
0.534399;0.5896;0.430999;0.4538;0.5201417
0.5536;0.586399;0.62;0.683399;0.50049007
0.687999;0.698999;0.558999;0.4795;0.46841085
0.481999;0.6023;0.494999;0.651499;0.4411894
0.503;0.3216;0.474;0.314799;0.52223384
0.485;0.3061;0.603999;0.527999;0.5854744
0.520299;0.690899;0.010999;0.0;0.45116127
0.003699;0.0279;0.475;0.527799;0.5772549
0.481;0.492199;0.388;0.3552;0.54026425
0.372;0.305399;0.462999;0.564;0.56554854
0.524999;0.6279;0.427;0.624199;0.49618065
0.563;0.4497;0.757;0.5508;0.543769
0.5632;0.6496;0.387999;0.600999;0.47557533
0.683799;0.544399;0.707;0.4382;0.5119997
0.427;0.459;0.4564;0.4078;0.514217
0.413;0.6646;0.457599;0.680999;0.44543922
0.643999;0.526399;0.643999;0.709499;0.47416866
0.735999;0.511;0.756999;0.5225;0.5221802
0.538899;0.582;0.337;0.52;0.47623694
0.4711;0.546999;0.650999;0.515999;0.48846185
0.616;0.748;0.609999;0.704;0.44174373
0.640999;0.606999;0.637;0.515;0.4553753
0.507999;0.4491;0.562;0.490899;0.49314082
0.496;0.379899;0.39;0.5481;0.5186516
0.494399;0.6062;0.582999;0.519999;0.49321234
0.5776;0.810599;0.351799;0.828299;0.3911096
0.826;0.6682;1.0;0.660699;0.44219673
0.655999;0.823099;0.466;0.873;0.37142217
0.870599;0.5889;0.906999;0.314999;0.4603821
0.3304;0.388999;0.539;0.569;0.49266398
0.448499;0.554;0.452999;0.540999;0.46884596
0.6535;0.497999;0.4115;0.4164;0.48846185
0.414;0.4767;0.0;0.559599;0.42027414
0.603999;0.4519;1.0;0.3042;0.53155005
0.228999;0.4814;0.439;0.5898;0.48825324
0.603999;0.56;0.761;0.75;0.5015212
0.5349;0.497;0.394599;0.132999;0.50594985
0.3641;0.574999;0.4975;0.816;0.46214044
0.552;0.462;0.448499;0.3639;0.48924267
0.63;0.525999;0.3933;0.522099;0.48525512
0.259999;0.5187;0.179699;0.076;0.4207152
0.161999;0.0;0.5254;0.551;0.5792159
0.4817;0.587;0.437999;0.518;0.51516473
0.683299;0.825;0.0;0.5527;0.36676705
0.632;0.766999;1.0;0.904499;0.39445937
0.914999;0.701999;0.6173;0.299999;0.42452395
0.176;0.044;0.298999;0.4338;0.5429584
0.395999;0.253999;0.558;0.311;0.61757743
0.4543;0.698999;0.369199;0.499699;0.50029933
0.5097;0.302;0.0;0.4543;0.4986602
0.480999;0.542999;1.0;0.541999;0.5467254
0.504;0.535999;0.356;0.462;0.5038518
0.266999;0.402;0.4778;0.367399;0.51480114
0.572;0.343;0.5732;0.4726;0.5723971
0.490099;0.610999;0.385999;0.6386;0.49855292
0.6099;0.558;0.688;0.6824;0.50614655
0.548999;0.512;0.487;0.565999;0.50130665
0.470999;0.572;0.6293;0.3227;0.50233185
0.6;0.503;0.429699;0.6903;0.49483955
0.582999;0.430999;0.698;0.463999;0.5491096
0.497;0.417999;0.564999;0.481;0.5703348
0.511;0.709;0.32;0.689;0.46367824
0.485799;0.527;0.3407;0.0;0.46308815
0.1922;0.232999;0.447299;0.535299;0.5249876
0.542;0.491;0.472999;0.7081;0.51132023
0.505;0.582;0.571199;0.4493;0.49410045
0.647999;0.494999;0.594799;0.371699;0.5268413
0.442;0.497;0.336;0.5033;0.4939276
0.715;0.576;0.653299;0.626199;0.506534
0.579999;0.594;0.5919;0.7615;0.4866618
0.337;0.456;0.0;0.406999;0.41803896
0.407999;0.403999;0.9622;0.445999;0.525226
0.467;0.427;0.510999;0.344;0.5422729
0.4923;0.948;0.492;1.0;0.39903104
0.895699;0.692;0.974499;0.4707;0.44930756
0.632999;0.475999;0.5165;0.584299;0.47910988
0.489;0.408999;0.458999;0.238399;0.5235392
0.312999;0.517;0.472999;0.559;0.491758
0.773;0.407;0.578;0.605599;0.5465108
0.505;0.514999;0.0;0.625;0.45984566
0.315999;0.587;1.0;0.466;0.5023378
0.539;0.488999;0.4735;0.521;0.5020815
0.472999;0.584;0.393;0.353999;0.46441734
0.335;0.201;0.2774;0.2059;0.5396205
0.411999;0.189999;0.628599;0.5121;0.63099444
0.4507;0.823999;0.4757;0.534599;0.48825324
0.5993;0.339;0.342399;0.3894;0.5357164
0.219699;0.326999;0.392699;0.571999;0.53875625
0.7803;0.673;0.6073;0.428;0.51790655
0.219699;0.326999;0.392699;0.571999;0.5219418
0.7293;0.533999;0.5162;0.261;0.54128945
0.25;0.485999;0.442999;0.4482;0.5045253
0.467999;0.317;0.576;0.6098;0.5597013
0.5134;0.643;0.513399;0.4791;0.5033153
0.576599;0.655;0.4526;0.6509;0.45497
0.634;0.596;0.363999;0.572999;0.43583095
0.573;0.503;0.828;0.564;0.4961151
0.579999;0.518;0.538999;0.342;0.5117434
0.335999;0.436999;0.522;0.726999;0.5085486
0.761;0.5;0.765999;0.536;0.55087984
0.325;0.420999;0.0807;0.1648;0.49560845
0.348999;0.484999;0.372;0.361899;0.47659457
0.363999;0.317;0.3461;0.3277;0.514676
0.323;0.511;0.5482;0.7087;0.4913944
0.71;0.617999;0.653399;0.6;0.49016058
0.597;0.484999;0.6563;0.5009;0.5215901
0.4814;0.497;0.3973;0.4452;0.50519884
0.4726;0.559;0.455399;0.4508;0.48183382
0.442999;0.466;0.514;0.552599;0.49376667
0.5468;0.421999;0.374399;0.311299;0.517686
0.302199;0.387999;0.5065;0.6081;0.5280453
0.616;0.411;0.6077;0.494;0.5676645
0.425899;0.878999;0.439299;0.7321;0.41980922
0.8121;0.513;0.7389;0.500999;0.48796117
0.500999;0.387999;0.4158;0.3664;0.5232352
0.361;0.542999;0.299999;0.400499;0.46848834
0.376999;0.332;0.259;0.1804;0.49997747
0.195999;0.052999;0.5272;0.575599;0.6177324
0.499;0.4697;0.4438;0.420999;0.5840558
0.495;0.655299;0.476899;0.5163;0.5076784
0.644999;0.559;0.4566;0.5909;0.49315274
0.4827;0.571999;0.6631;0.523199;0.49348652
0.521299;0.658999;0.5604;0.8636;0.44955194
0.749;0.744;0.698099;0.716999;0.4342574
0.734999;0.473999;0.8169;0.430999;0.5130905
0.517;0.970999;0.451;0.846699;0.36964
0.853;0.49;0.764899;0.3359;0.47400177
0.332999;0.364;0.5037;0.6041;0.50563395
0.611999;0.533999;0.4525;0.386899;0.50712407
0.3714;0.405999;0.3909;0.515099;0.5095738
0.5306;0.409999;0.637699;0.5623;0.54965794
0.4586;0.5122;0.2253;0.2068;0.5013901
0.293399;0.3588;0.284999;0.6006;0.49346864
0.6038;0.436399;0.64;0.4369;0.54183185
0.438299;0.6386;0.337899;0.319;0.46295106
0.3229;0.294999;0.4701;0.3808;0.5244154
0.3776;0.226;0.561;0.506899;0.5981463
0.504399;0.485999;0.502;0.5;0.57231367
0.481999;0.817;0.402699;0.6811;0.44045627
0.7025;0.479999;0.718299;0.422899;0.5072135
0.426499;0.7348;0.0;0.0219;0.35984695
0.024;0.0;0.241599;0.2361;0.497486
0.258;0.561;0.378;0.64;0.43217123
0.619;0.35;0.8044;0.561999;0.5285877
0.519399;0.689999;0.374099;0.5806;0.44347823
0.6226;0.59;0.563299;0.357199;0.45733035
0.344999;0.491999;0.5192;0.5017;0.46085298
0.516999;0.728999;0.441099;1.0;0.39306462
0.905;0.957;0.9232;0.753;0.3768164
0.862;0.288;0.944699;0.493;0.52731216
0.5739;0.689999;0.421999;0.510999;0.4633683
0.506099;0.384999;0.309;0.281;0.5022365
0.3232;0.402;0.524999;0.528399;0.52275836
0.451799;0.585999;0.519199;0.689599;0.48318088
0.623;0.453;0.5478;0.359;0.52473724
0.419999;0.357999;0.567;0.485999;0.56430876
0.4539;0.575;0.454999;0.484999;0.5141574
0.5381;0.508;0.402999;0.481;0.50150335
0.43;0.382999;0.432;0.397599;0.52778304
0.433999;0.498;0.456;0.5448;0.5088049
0.547;0.722799;0.491999;0.7216;0.44096887
0.710999;0.4392;0.869999;0.485999;0.52808106
0.484899;0.68;0.374;0.694;0.44415176
0.6861;0.486999;0.665999;0.402;0.5049485
0.429;0.686;0.442;0.722999;0.43086588
0.704999;0.527;0.683;0.5345;0.4806775
0.536;0.615;0.616;0.5045;0.47013938
0.524999;0.396;0.524;0.437999;0.5203861
0.439299;0.475999;0.373;0.4178;0.5054015
0.3997;0.469;0.436999;0.5572;0.49538195
0.567999;0.524999;0.502;0.49;0.49727738
0.458;0.445999;0.39;0.332;0.5036789
0.318999;0.279;0.338999;0.266999;0.54539025
0.3261;0.369;0.518999;0.516;0.55951655
0.4801;0.604799;0.451;0.581599;0.49836218
0.594799;0.4749;0.504199;0.5114;0.51350176
0.486199;0.579299;0.5838;0.545;0.49491704
0.5638;0.405;0.286;0.253;0.518443
0.241;0.35;0.501999;0.542899;0.53844035
0.554;0.425999;0.614;0.520099;0.5660075
0.460799;0.5261;0.340999;0.4777;0.5139965
0.5302;0.5249;0.555;0.5413;0.5125421
0.552;0.59;0.430999;0.298999;0.48656046
0.341;0.355999;0.423;0.592799;0.5085844
0.543999;0.5228;0.525999;0.415399;0.51090896
0.402;0.397199;0.5681;0.5998;0.53470314
0.5069;0.625;0.5148;0.614;0.48715055
0.558099;0.48;0.2475;0.247599;0.4812199
0.405;0.328899;0.374599;0.4377;0.52040994
0.453;0.517099;0.691;0.614699;0.52682936
0.601999;0.503999;0.0;0.378;0.46803534
0.413;0.48;1.0;0.536;0.54038346
0.534999;0.442;0.5956;0.445;0.5607265
0.4102;0.558;0.381;0.646;0.49674094
0.641799;0.53;0.588999;0.402999;0.51688135
0.367;0.491;0.464999;0.436999;0.500949
0.485999;0.652;0.477;0.807;0.44558227
0.813;0.574999;0.49;0.277;0.4793781
0.303999;0.238;0.654999;0.497;0.57201564
0.446;0.413;0.504;0.494;0.5745548
0.464999;0.580999;0.387999;0.527099;0.5098361
0.57;0.533;0.539999;0.483899;0.50982416
0.475999;0.471;0.347;0.403;0.49874365
0.402;0.455199;0.472999;0.528599;0.50186694
0.542999;0.5848;0.661999;0.556399;0.4989165
0.585;0.497999;0.5769;0.618;0.51035464
0.512999;0.433;0.567099;0.439;0.5403775
0.067;0.471;0.0;0.218;0.41353285
0.742;0.458299;0.784999;0.637;0.49352825
0.559999;0.5227;0.521;0.534899;0.49277127
0.532;0.53;0.57;0.4286;0.501855
0.405;0.570999;0.48;0.654499;0.46472132
0.719999;0.485;0.680199;0.565;0.513764
0.488999;0.662999;0.1428;0.132999;0.42103112
0.147;0.055999;0.451599;0.4538;0.5572158
0.466999;0.429;0.403999;0.4566;0.5454916
0.354999;0.680999;0.5184;0.623399;0.46254575
0.828;0.51;0.6448;0.5992;0.5059439
0.475999;0.433199;0.592199;0.442;0.5358535
0.472;0.655699;0.3631;0.6291;0.45710385
0.616499;0.6421;0.7226;0.704899;0.45956552
0.7135;1.0;0.658299;1.0;0.37068903
1.0;0.7177;0.936999;0.716099;0.41495144
0.713999;0.842199;0.815;0.6015;0.39293945
0.631;0.436199;0.712399;0.643599;0.46810687
0.361699;0.491999;0.099499;0.0;0.42803466
0.247199;0.085;0.4027;0.4714;0.5531448
0.4621;0.4541;0.2905;0.270299;0.52690685
0.271999;0.300899;0.501899;0.597999;0.5559045
0.6;0.734;0.6098;0.7746;0.48685253
0.750999;0.516999;0.814399;0.4983;0.5337733
0.5302;0.827;0.3888;0.8046;0.4125911
0.7923;0.728499;0.832999;0.6428;0.42987645
0.648499;0.745199;0.684699;0.8446;0.405522
0.875;0.5443;0.572299;0.195;0.47953308
0.158999;0.349;0.337;0.625;0.47607005
0.64;0.570999;0.829999;0.509;0.512113
0.594999;0.424199;0.298;0.399699;0.5215126
0.302999;0.408799;0.428999;0.3669;0.52485645
0.3738;0.2929;0.3092;0.356;0.5529183
0.3472;0.4611;0.079699;0.035399;0.48405707
0.037999;0.207499;0.5411;0.714;0.54207623
0.75;0.4315;0.738;0.525999;0.5848843
0.644;0.644;0.2076;0.268;0.49955428
0.108999;0.6126;0.535399;0.994;0.4299003
1.0;0.915599;0.8667;0.807099;0.41222155
0.811;0.421799;0.321199;0.0;0.4971224
0.0;0.075;0.2871;0.524999;0.56678236
0.614;0.429;0.734999;0.4325;0.6073791
0.406799;0.482899;0.369999;0.384799;0.55844367
0.3162;0.4051;0.4786;0.547899;0.5508143
0.558999;0.767199;0.5294;0.8408;0.46185434
0.837899;0.51;0.584299;0.230199;0.52172124
0.2321;0.292699;0.4127;0.5923;0.54267824
0.451;0.371099;0.578;0.384999;0.5824405
0.444;0.424;0.451;0.418;0.57395875
0.562799;0.744999;0.457599;0.565099;0.48135698
0.4952;0.417499;0.456399;0.4105;0.5108553
0.407999;0.3655;0.464;0.438899;0.54122984
0.447;0.460999;0.387899;0.388599;0.5268055
0.396999;0.402499;0.3651;0.4274;0.5255598
0.416;0.3945;0.594999;0.561499;0.5536634
0.468999;0.402999;0.468999;0.402999;0.5645591
0.5472;0.6287;0.356;0.488;0.49390376
0.4176;0.4059;0.46;0.536999;0.5113679
0.549199;0.6334;0.5898;0.561899;0.48398554
0.591;0.744499;0.590399;0.8246;0.43178976
0.8012;0.5348;0.6298;0.3175;0.49086392
0.325899;0.284799;0.589999;0.486999;0.56007683
0.547899;0.6079;0.444;0.558;0.50853074
0.484999;0.485999;0.405999;0.488;0.49871385
0.437;0.8546;0.547;0.8738;0.39538324
0.930999;1.0;0.901999;0.955199;0.36554515
0.930999;0.5624;0.983;0.6249;0.44725716
0.64;0.456699;0.652;0.442099;0.5056876
0.4896;0.8659;0.469;0.608699;0.39423287
0.574399;0.464999;0.586999;0.7263;0.44402063
0.715;0.8432;0.667;0.8314;0.3990072
0.833999;1.0;0.853;0.947699;0.35422027
0.958;0.616799;0.954;0.4248;0.43797076
0.424999;0.1232;0.517499;0.5501;0.56429684
0.418799;0.812899;0.398499;0.799199;0.43081224
0.9306;0.831099;0.883;0.797399;0.42486966
0.793599;0.527;0.453599;0.3231;0.4696387
0.323;0.592999;0.2694;0.233799;0.40956318
0.262;0.0;0.113999;0.1525;0.5456108
0.214999;0.158999;0.701;0.488;0.6447989
0.403;0.403;0.529;0.505;0.62099874
0.497499;0.6644;0.159999;0.645299;0.48223913
0.7075;0.954099;0.859999;0.882199;0.4212755
0.81;0.8401;0.96;0.6231;0.41659057
0.596999;0.9273;0.473999;1.0;0.32064497
0.966;0.555599;0.661;0.0;0.44257224
0.242;0.0;0.556899;0.625799;0.597443
0.255899;0.554099;0.38;0.360399;0.5180973
0.5711;0.4609;0.502099;0.4712;0.5318481
0.501999;0.351999;0.416;0.380499;0.56301534
0.391;0.433399;0.300999;0.439399;0.5311209
0.367999;0.5286;0.5224;0.4453;0.5084473
0.499;0.262999;0.585599;0.528199;0.58472335
0.435;0.451;0.463;0.445999;0.5660194
0.555799;0.885899;0.449999;0.867899;0.43336332
0.8372;0.5581;0.838;0.4756;0.4945773
0.480999;0.523399;0.453;0.5483;0.4796523
0.5568;0.6176;0.356999;0.290199;0.44890225
0.278199;0.108699;0.295499;0.3825;0.55211365
0.386;0.3723;0.6745;0.4765;0.59114873
0.488999;0.483999;0.451;0.457;0.5619663
0.456099;0.5897;0.329999;0.531199;0.48939764
0.5159;0.4743;0.1178;0.0;0.4676181
0.0;0.2319;0.362099;0.8459;0.48811018
0.7892;1.0;0.8973;0.540999;0.42897642
0.5944;0.0;0.5144;0.5962;0.5954939
0.596599;0.416;0.6644;0.4468;0.622012
0.511;0.518999;0.576;0.561;0.5895692
0.5092;0.525199;0.297999;0.400799;0.5377072
0.396799;0.479799;0.489;0.5962;0.52158415
0.610999;0.543;0.376999;0.181999;0.5135375
0.184;0.369999;0.414999;0.725999;0.50474584
0.722999;0.592999;0.644;0.365;0.5176741
0.305;0.347;0.506999;0.551;0.54049075
0.628;0.532;0.581;0.546999;0.5384165
0.448;0.6569;0.426599;0.59;0.46296895
0.671999;0.5747;0.5394;0.558999;0.47151625
0.542999;0.650299;0.629;0.628;0.4533726
0.55;0.9278;0.64;1.0;0.36703527
1.0;0.740299;0.905999;0.701;0.4081744
0.702999;0.451;0.835999;0.504999;0.49416006
0.454;0.518;0.555999;0.532;0.49408853
0.5467;0.558;0.4222;0.454999;0.47812045
0.4883;0.664999;0.5398;0.646;0.43803632
0.68;0.6919;0.661;0.584;0.43454945
0.634;0.416099;0.4613;0.429199;0.491454
0.302999;0.467;0.398699;0.3978;0.4781145
0.451999;0.231999;0.533999;0.478;0.5690533
0.493;0.580999;0.509999;0.524999;0.5248207
0.512999;0.704;0.509999;0.759;0.4542905
0.771;0.6368;0.658;0.6036;0.46563327
0.558;0.583199;0.594999;0.4444;0.47050297
0.464;0.394;0.442;0.445999;0.50648034
0.504999;0.404999;0.534;0.463999;0.54228485
0.363;0.442;0.489999;0.530999;0.5341548
0.576;0.5901;0.466;0.562;0.49984634
0.569;0.567899;0.57;0.476999;0.49621642
0.464999;0.532;0.448999;0.463;0.48017085
0.475;0.543999;0.4038;0.515999;0.45942843
0.552;0.495;0.611199;0.472;0.4934746
0.427;0.375;0.542;0.497999;0.53301036
0.51;0.573;0.484999;0.6355;0.49709857
0.631999;0.778999;0.631;0.7285;0.44210732
0.731999;0.5213;0.6499;0.6383;0.4814285
0.658999;0.533699;0.494099;0.292699;0.50289214
0.286999;0.372;0.4471;0.557;0.51691115
0.527999;0.487;0.551899;0.516999;0.5264121
0.520099;0.619;0.445999;0.457;0.4807073
0.4449;0.606999;0.192;0.731999;0.4018563
0.789;0.496699;0.953;0.399999;0.50225437
0.369;0.3613;0.259999;0.214;0.5118984
0.198;0.264;0.425;0.488;0.54905
0.488999;0.430999;0.625299;0.506999;0.5674976
0.399;0.541;0.4281;0.543999;0.5120176
0.652;0.624499;0.5189;0.586;0.48566043
0.613999;0.4952;0.502699;0.385999;0.5076903
0.355;0.517299;0.404;0.312;0.481655
0.350999;0.314999;0.378;0.481999;0.5172509
0.445;0.518999;0.576;0.681999;0.50578296
0.4938;0.4937;0.506999;0.448;0.5072075
0.685199;0.487499;0.366;0.291;0.52114904
0.254;0.264299;0.28;0.363;0.5444783
0.373999;0.4355;0.418999;0.321999;0.5370635
0.297;0.354999;0.239;0.232;0.5224961
0.217999;0.195;0.494;0.601999;0.5820888
0.586;0.752;0.394999;0.3415;0.47977746
0.373999;0.233999;0.445999;0.415499;0.5518216
0.417999;0.575;0.395;0.346;0.49557865
0.4404;0.308;0.314;0.454;0.5276936
0.358599;0.508299;0.627;0.775799;0.51410973
0.775;0.4567;0.742999;0.458199;0.5679089
0.584799;0.683;0.308;0.378;0.48320472
0.2622;0.327999;0.497;0.541;0.5218762
0.532;0.8383;0.599;0.936;0.43168843
0.93;0.721699;0.893;0.670299;0.45303285
0.677999;0.802;0.5212;0.6017;0.39726675
0.643;0.269999;0.811799;0.558999;0.53242624
0.3729;0.684;0.3631;0.596;0.4355687
0.7391;0.4812;0.568899;0.250999;0.5039531
0.274999;0.4358;0.3318;0.667;0.47357857
0.657;0.5931;0.7132;0.561;0.4913348
0.512999;0.504099;0.472999;0.317999;0.497486
0.347999;0.2088;0.513999;0.511;0.57888806
0.5221;0.75;0.508;0.651;0.483616
0.679899;0.656999;0.586999;0.689999;0.46311796
0.661;0.582;0.404;0.235999;0.46584785
0.231999;0.1474;0.359;0.319;0.5592066
0.312;0.549599;0.509;0.710599;0.5062121
0.709999;0.4208;0.643;0.482399;0.55815756
0.536;0.638199;0.611999;0.5611;0.5156952
0.512;0.4507;0.256;0.301899;0.506832
0.355;0.616299;0.302;0.26;0.4346329
0.225999;0.318;0.4444;0.732999;0.47172487
0.728999;0.436599;0.778599;0.5277;0.5397457
0.491;0.483399;0.508;0.498299;0.53204477
0.511;0.415;0.599;0.497;0.56123316
0.505099;0.648899;0.409999;0.592999;0.48707306
0.590899;0.5891;0.585;0.45;0.48647702
0.448999;0.445999;0.503;0.602999;0.49935758
0.605;0.540999;0.527999;0.524;0.50096095
0.522999;0.594999;0.5037;0.597;0.4741329
0.596;0.489;0.645299;0.533999;0.5095798
0.536;0.634999;0.551;0.565;0.47629654
0.552;0.7636;0.608999;0.629999;0.4240769
0.644999;0.445899;0.274;0.325;0.46081722
0.320999;0.407299;0.308;0.100999;0.47528923
0.101;0.0842;0.372;0.677999;0.55636346
0.686;0.496;0.701;0.496;0.5737263
0.491999;0.603999;0.42;0.512;0.507136
0.508;0.524999;0.504199;0.636;0.49451172
0.635999;0.612;0.5226;0.431999;0.48216164
0.434;0.368;0.067199;0.258;0.47418058
0.565999;0.631999;0.9328;0.741999;0.4963535
0.434;0.368;0.067199;0.258;0.48157752
0.224999;0.483999;0.700199;0.570999;0.49869597
0.603999;0.384;0.7288;0.538;0.5607623
0.5058;0.813;0.535599;0.849999;0.45094073
0.9052;0.71;0.726399;0.669;0.45726478
0.657;0.522199;0.621;0.408;0.49405277
0.397999;0.5198;0.4905;0.409999;0.48628628
0.408999;0.296799;0.459499;0.445999;0.5461651
0.444;0.397199;0.427999;0.545;0.54894865
0.536;0.579;0.582;0.484999;0.5259532
0.519999;0.8667;0.538;0.832999;0.4167217
0.808;0.5743;0.690999;0.371;0.4712838
0.374;0.531999;0.198999;0.77;0.4094857
0.780999;0.494;0.95;0.411;0.5081552
0.394;0.378;0.521999;0.559999;0.53245604
0.520099;0.728;0.5468;0.606;0.46395838
0.648899;0.616999;0.612199;0.677999;0.46052516
0.689999;0.8345;0.648;0.8621;0.40690482
0.85;0.5805;0.8761;0.5409;0.47035992
0.552;0.564;0.144599;0.425899;0.42501867
0.423;0.315999;0.8903;0.500099;0.54516375
0.485999;0.5991;0.390999;0.463999;0.4890102
0.465;0.6349;0.545999;0.733;0.44930756
0.698999;0.469;0.454999;0.378999;0.493415
0.41;0.417999;0.4475;0.475;0.50864995
0.484999;0.457999;0.417099;0.2244;0.5211848
0.216;0.34;0.5354;0.521599;0.54558694
0.704999;0.527999;0.480999;0.666999;0.532307
0.497;0.631499;0.544;0.511;0.4887122
0.504999;0.5739;0.562999;0.524999;0.4790622
0.542;0.5765;0.564;0.655999;0.46950758
0.639;0.4906;0.569;0.405;0.5067605
0.405;0.517499;0.512999;0.545;0.49313486
0.562999;0.397999;0.585999;0.548;0.53954303
0.49;0.701;0.525;0.609;0.4702705
0.648;0.519;0.561999;0.613;0.48911154
0.613999;0.522999;0.286;0.263999;0.48374712
0.264;0.288;0.390999;0.387;0.52773535
0.387999;0.509999;0.4087;0.5441;0.49374878
0.565999;0.394999;0.798299;0.4939;0.56382596
0.4788;0.595;0.097;0.18;0.46663463
0.172199;0.234499;0.375;0.385999;0.52033246
0.372999;0.483899;0.43;0.565;0.49383223
0.501;0.3646;0.626999;0.546999;0.5459744
0.623999;0.911;0.58;0.5242;0.43794692
0.53;0.109999;0.550999;0.4838;0.5827743
0.494;1.0;0.503;1.0;0.4186648
0.997;0.520499;0.803;0.309999;0.51050365
0.311;0.4061;0.549999;0.5887;0.52268684
0.600999;0.5152;0.422;0.506299;0.5155343
0.491;0.4587;0.455999;0.4714;0.52084506
0.474;0.369;0.5947;0.4656;0.56782544
0.431599;0.719999;0.360299;0.634999;0.45510113
0.6644;0.530999;0.5904;0.371;0.49082816
0.381;0.38;0.396599;0.4418;0.5097586
0.347;0.443999;0.494;0.575199;0.5085844
0.661;0.572;0.625;0.387;0.5176085
0.444;0.390999;0.544;0.566;0.542714
0.528999;0.42;0.538999;0.518999;0.5612093
0.508;0.905;0.506;0.881999;0.42720616
0.873999;0.601999;0.729;0.536;0.47101557
0.552;0.478;0.477999;0.402;0.49455345
0.386;0.472;0.5503;0.555;0.50218284
0.527999;0.536999;0.5287;0.4696;0.5006927
0.4932;0.392;0.5396;0.5274;0.5360979
0.525799;0.852999;0.4354;0.831;0.41566074
0.831;0.685;0.819099;0.698;0.44071257
0.707;0.578;0.6459;0.463999;0.47041953
0.467999;1.0;0.555999;1.0;0.3419894
1.0;1.0;1.0;0.9437;0.33763826
0.942;0.345999;1.0;0.458;0.49097717
0.609499;1.0;0.390999;0.708999;0.34923136
0.5715;0.378899;0.510999;0.552;0.437631
0.695999;1.0;0.492;1.0;0.33884823
0.966;0.545999;0.592999;0.0;0.45187652
0.0;0.166;0.547;0.6301;0.5331594
0.611;0.039999;0.665999;0.435899;0.6894785
0.433999;1.0;0.481;1.0;0.4791218
1.0;0.599999;0.415399;0.0;0.52224576
0.0;0.0;0.0471;0.441699;0.5729991
0.397999;0.509;0.587499;0.468299;0.55573165
0.493;0.4936;0.55;0.686999;0.53690255
0.692;0.5334;0.885999;0.59;0.5642432
0.475;0.431999;0.517;0.421999;0.56868374
0.539;0.661999;0.357999;0.509;0.48917115
0.521999;0.583;0.658;0.494;0.49243152
0.481;0.356999;0.3342;0.471;0.51944435
0.469999;1.0;0.611699;1.0;0.38795054
1.0;0.701999;1.0;0.5628;0.4422742
0.573999;0.258;0.6971;0.459199;0.55654824
0.458999;0.351999;0.518899;0.515;0.5872804
0.527;0.772;0.4482;0.6844;0.4768926
0.664999;0.976999;0.6698;1.0;0.3846842
1.0;1.0;1.0;0.901;0.36414444
0.878;0.532999;0.667399;0.411999;0.44395506
0.391999;0.338;0.327;0.184699;0.49775422
0.219999;0.183;0.537599;0.593299;0.5795497
0.471;0.454;0.527;0.474;0.57116926
0.582;0.611;0.3297;0.370699;0.5081314
0.385999;0.650999;0.6083;0.8553;0.45777142
0.852;0.881;0.815999;0.705999;0.4258591
0.720999;0.596;0.6927;0.657;0.45030296
0.615;0.888999;0.560299;0.791799;0.37108243
0.814999;0.405999;0.899;0.5532;0.48960626
0.295;0.149;0.359999;0.250999;0.584926
0.582999;1.0;0.5548;1.0;0.43644488
1.0;0.0;0.4038;0.0;0.6828803
0.0;0.0;0.3523;0.472999;0.74432075
0.424999;1.0;0.5972;1.0;0.53929865
1.0;0.861999;1.0;0.8261;0.4991728
0.957;0.461;0.879;0.6199;0.5574125
0.482999;0.495999;0.519999;0.321999;0.5540627
0.349;0.609;0.477;0.56;0.4915732
0.570999;0.454999;0.451999;0.555999;0.50872743
0.555;0.664;0.628;0.747;0.47363222
0.746;0.636;0.692;0.515;0.48446238
0.501999;0.673999;0.494;0.558;0.43698728
0.594;0.275999;0.497;0.521999;0.532611
0.628;0.661999;0.308;0.1612;0.4808563
0.051;0.386;0.375;0.4448;0.46509087
0.467999;0.087;0.063499;0.03;0.5691546
0.0;0.223999;0.1967;0.665799;0.5340892
0.657;0.573;0.8447;0.3162;0.558843
0.35;0.189;0.5131;0.524999;0.6182748
0.491399;0.610999;0.198999;0.422;0.5078989
0.419599;0.376;0.0;0.0;0.48066556
0.0;0.0;0.294999;0.466899;0.5808252
0.463999;0.496;0.59;0.417;0.56486905
0.442;0.941;0.478;0.731;0.4066366
0.7821;0.214999;0.795999;0.491;0.56100667
0.2589;0.277;0.356;0.391999;0.57769597
0.7633;0.7223;0.0;0.0;0.4733461
0.0;0.0;0.381;0.628;0.5851704
0.619999;0.852;0.637999;0.905999;0.48591673
0.857999;0.646999;0.793599;0.5373;0.50062716
0.600999;0.315999;0.1544;0.056199;0.55040896
0.029;0.06;0.583999;0.5375;0.6599504
0.506999;1.0;0.359;0.9788;0.45075595
1.0;0.7691;1.0;0.8312;0.45900524
0.891999;0.5349;0.819;0.513999;0.51309645
0.444;0.536999;0.5604;0.638;0.49593627
0.634999;0.733999;0.723699;0.597999;0.468238
0.605;0.461;0.5489;0.661;0.49635947
0.454;0.295999;0.545;0.298999;0.57555616
0.372699;0.945999;0.369099;0.719;0.3918785
0.8353;0.694;0.8029;0.909099;0.41518986
0.963999;0.608999;0.5921;0.236899;0.47195733
0.152999;0.222;0.0;0.0;0.48129737
0.0;0.0;0.460999;0.6244;0.6020504
0.631999;0.460099;0.707;0.452599;0.6126064
0.5054;0.641;0.489;0.586;0.53081095
0.582999;0.597999;0.57;0.598999;0.50460875
0.579599;0.53;0.544999;0.526;0.5060154
0.493;0.536999;0.5516;0.604299;0.4964608
0.655;0.934999;0.6544;0.9397;0.4078585
0.906999;0.431;0.868;0.468;0.5144316
0.441;0.433999;0.537999;0.476999;0.53201497
0.548999;0.777;0.274999;0.2942;0.42591274
0.259999;0.168999;0.062;0.134799;0.48568428
0.091;0.301;0.484999;0.671599;0.5108613
0.713999;0.444;0.677;0.479399;0.55526674
0.477;0.797999;0.424999;0.853;0.4336971
0.853999;0.501;0.875999;0.451;0.51499784
0.447299;0.467999;0.382;0.363999;0.50589025
0.5107;0.469999;0.425599;0.376;0.51483095
0.126;0.29;0.0;0.0;0.47605813
0.0;0.020999;0.362;0.362;0.581457
0.48;0.181;0.42;0.448999;0.6362814
0.379999;0.253;0.573;0.471;0.6683248
0.453;0.439;0.506;0.5;0.6309885
0.518999;0.699999;0.226999;0.250999;0.5027729
0.302;0.143;0.0007;0.087499;0.544067
0.006999;0.0624;0.298999;0.3785;0.60801685
0.382;0.486699;0.354799;0.5073;0.54202855
0.527999;0.484899;0.6852;0.465699;0.55927217
0.488;0.351;0.5313;0.526;0.58583796
0.442;0.439999;0.546999;0.428999;0.58400214
0.525199;0.668999;0.218;0.312;0.47884166
0.305599;0.328;0.451;0.427;0.52238286
0.3982;0.319;0.149899;0.113999;0.5288559
0.140999;0.210999;0.3536;0.466999;0.5619782
0.404;0.284999;0.1745;0.047;0.5696374
0.140999;0.178;0.491;0.568999;0.61828077
0.481999;0.406999;0.556;0.472;0.61274946
0.480699;0.691;0.362499;0.673;0.4949051
0.6743;1.0;0.7805;0.728;0.40844858
0.811999;0.413699;0.710999;0.580999;0.49658
0.552;0.6983;0.6038;0.6946;0.45467794
0.685;0.854999;0.6852;0.9024;0.40121257
0.878;0.445;0.894999;0.515999;0.5037385
0.543999;0.515999;0.613999;0.542999;0.51437795
0.4479;0.545;0.269;0.4119;0.46806514
0.441099;0.669;0.518999;0.7021;0.42304575
0.81;0.668999;0.637999;0.330799;0.4485327
0.260999;0.146;0.0;0.3482;0.49135268
0.319;0.314999;0.4509;0.043999;0.55185735
0.052999;0.0;0.416599;0.499;0.6471354
0.508;0.497;0.63;0.503999;0.6144124
0.475;0.6146;0.1616;0.216999;0.4983443
0.241;0.2684;0.299399;0.3676;0.5242485
0.359999;0.325799;0.469;0.445399;0.55573165
0.484;0.5022;0.493299;0.616;0.53078115
0.644199;0.627;0.5897;0.444;0.5104321
0.408799;0.308999;0.478999;0.524999;0.5538899
0.475;0.441;0.474;0.454;0.55482566
0.504599;1.0;0.567999;0.980999;0.4097122
0.9634;0.731999;0.951999;0.667;0.4404682
0.677;0.42;0.228;0.069;0.49031556
0.051999;0.222999;0.4222;0.524;0.53807676
0.5575;0.527;0.534799;0.605999;0.52557766
0.578499;0.413;0.616;0.531;0.559898
0.48;0.454;0.614;0.454;0.5707699
0.497699;0.604999;0.035999;0.048999;0.46873868
0.0593;0.161999;0.0;0.116999;0.4764396
0.112;0.124;0.6526;0.499;0.59502304
0.497;0.384999;0.3297;0.320999;0.5775827
0.298999;0.4345;0.471299;0.695;0.54294646
0.731;0.5135;0.736399;0.521;0.56524456
0.494;0.478999;0.599;0.500999;0.562461
0.501799;1.0;0.4189;0.966;0.39212883
0.9912;0.902;1.0;0.942;0.38998902
0.923999;0.486999;0.726999;0.368;0.4837948
0.353999;0.3879;0.359999;0.318999;0.5046743
0.342999;0.502099;0.443;0.621;0.4814583
0.631;0.369;0.585999;0.515999;0.54562867
0.4915;0.743;0.473999;0.599;0.45606673
0.597499;0.429;0.423999;0.221999;0.50539553
0.231999;0.171999;0.227;0.177;0.56412995
0.165;0.393999;0.296999;0.385999;0.51891387
0.416999;0.542;0.6356;0.828;0.5006391
0.736;0.476999;0.7804;0.544999;0.54698765
0.573;0.455;0.573;0.455;0.5614358
0.5015;0.832999;0.3949;0.7421;0.43103278
0.767499;0.533;0.734899;0.422599;0.49271166
0.399;0.362;0.3626;0.337299;0.5198735
0.347;1.0;0.497399;1.0;0.35960257
1.0;0.534199;1.0;0.4281;0.4700142
0.43;0.3498;0.589999;0.5139;0.52613795
0.34;0.307;0.507;0.315;0.57732046
0.681599;0.841;0.5;0.690999;0.47396004
0.5124;0.387999;0.095999;0.0;0.4862088
0.021;0.010999;0.329;0.367999;0.5958098
0.373;0.698;0.555;0.746;0.49981058
0.744999;0.507;0.707999;0.512;0.5337852
0.484999;0.402;0.547;0.532;0.5541879
0.5099;1.0;0.472999;1.0;0.39566934
1.0;0.74;0.917;0.762999;0.42625844
0.783;0.646999;0.477499;0.099;0.4459399
0.156999;0.188699;0.3515;0.722999;0.5037862
0.658;0.7313;0.863999;0.632799;0.49036324
0.658999;0.446999;0.747999;0.5402;0.54043114
0.510899;0.570999;0.337;0.510999;0.48906386
0.5881;0.6738;0.6079;0.731999;0.45991123
0.687999;0.6817;0.726099;0.663;0.45581043
0.661;0.750499;0.678;0.562999;0.43112814
0.576999;0.692;0.603999;0.47;0.4168409
0.469;0.304;0.521999;0.523999;0.50150335
0.474;0.234;0.535;0.47;0.58766186
0.500799;0.753;0.081299;0.093999;0.43807805
0.116199;0.183;0.444199;0.812;0.50498426
0.771;0.64;0.6155;0.266999;0.5074221
0.259;0.250999;0.372;0.493;0.54190934
0.552999;0.881999;0.491999;0.753;0.42444646
0.747;0.274;0.748;0.526;0.5493063
0.4639;0.4485;0.356999;0.302999;0.53932846
0.323099;0.457499;0.497999;0.457;0.5297321
0.487;0.447;0.496;0.505;0.53587735
0.443899;0.470999;0.216;0.154999;0.5027193
0.1991;0.505;0.449099;0.494;0.46665847
0.5;0.101999;0.5249;0.508;0.5989927
0.372999;0.323;0.429;0.365;0.6093043
0.504;0.611;0.408;0.442;0.53409517
0.512999;0.467999;0.458099;0.451999;0.5322355
0.372999;0.533;0.318899;0.609;0.47260106
0.632;1.0;0.701;1.0;0.3822881
1.0;0.845;1.0;0.6959;0.40180266
0.624;0.256999;0.724999;0.491899;0.53052485
0.524099;1.0;0.6612;0.749;0.404765
0.8509;0.415999;0.777799;0.728;0.4922706
0.658;0.494999;0.0;0.0;0.47913373
0.0;0.0;0.055599;0.018;0.56081593
0.0;0.063;0.241;0.337;0.60596645
0.385999;0.146999;0.648;0.539;0.6821948
0.508;0.414999;0.564999;0.513999;0.6547111
0.505;0.846;0.453;0.501;0.50078213
0.528999;0.445;0.394999;0.716099;0.49764097
0.6927;0.857999;0.768;0.6539;0.44570148
0.6503;0.756;0.71;0.830399;0.4169184
0.919999;0.953;0.798999;0.8986;0.3806132
0.981;0.412999;0.971;0.588999;0.4971522
0.398;0.398;0.64;0.483;0.5387503
0.561;1.0;0.384;1.0;0.37891448
1.0;1.0;1.0;0.471;0.3724891
0.442399;0.118;0.353999;0.341999;0.51249444
0.3476;0.316;0.447;0.7;0.54091394
0.62;0.478299;0.485999;0.116999;0.5644876
0.234999;0.108699;0.462;0.512999;0.6426114
0.473099;0.929;0.56;0.91;0.48121393
0.928899;0.558999;0.788999;0.403999;0.5313653
0.386;0.295999;0.0;0.0;0.5296606
0.0;0.0;0.466;0.741;0.63234746
0.782;1.0;0.8;1.0;0.5110401
1.0;0.378;1.0;0.504;0.59862316
0.521899;1.0;0.423999;0.879999;0.41633427
0.8761;0.466999;0.6476;0.435;0.5012113
0.442;0.521;0.464399;0.570999;0.48601806
0.53;0.561;0.731;0.489;0.50569355
0.588;0.503;0.540999;0.482999;0.51788867
0.402;0.45;0.649;0.695;0.5312401
0.4823;0.603999;0.462;0.493;0.48585117
0.704699;0.808999;0.503;0.786;0.4186052
0.77;0.932;0.811999;0.908999;0.37672102
0.96;0.496;0.866;0.446999;0.47915757
0.393;0.593999;0.612;0.52;0.46138942
0.564999;0.347;0.582;0.633;0.5284685
0.558999;0.451;0.617999;0.452999;0.55695355
0.5031;0.943;0.341999;0.931;0.39093077
0.926899;0.916999;0.987;0.878;0.38421333
0.922;0.902999;0.716;0.522999;0.3670174
0.439;0.824;0.389;1.0;0.28291523
1.0;0.583999;0.852999;0.125;0.41747272
0.190999;0.0;0.621;0.4565;0.59132755
0.408999;1.0;0.442;1.0;0.40455043
1.0;0.597999;0.686;0.0;0.48979104
0.0;0.209;0.424999;0.776;0.5175668
0.807;0.964999;0.4662;0.893;0.41086853
0.936999;0.859999;1.0;0.863;0.40757835
0.771999;0.435;0.847;0.601999;0.49384415
0.504;0.383;0.576999;0.383;0.54828703
0.5726;1.0;0.362;1.0;0.3835696
1.0;0.917;1.0;0.899;0.38170397
0.888999;1.0;0.902999;0.976999;0.34371197
1.0;0.899999;0.0;0.0;0.29634416
0.0;0.0;0.704;1.0;0.48092782
1.0;0.298999;1.0;0.6021;0.5942482
0.4793;1.0;0.370899;1.0;0.39764822
1.0;0.905;1.0;0.720499;0.39818466
0.725;1.0;0.828;1.0;0.33611834
1.0;1.0;1.0;1.0;0.32515705
1.0;1.0;0.966999;0.6871;0.3208536
0.0;0.0;0.033;0.312899;0.41772306
1.0;1.0;0.966999;0.6871;0.39854825
0.789999;0.0;1.0;0.605899;0.6037849
0.0;0.0;0.0;0.0;0.6406385
0.2064;1.0;1.0;1.0;0.50735056
1.0;0.219999;0.4428;0.0;0.6566423
0.0;0.885999;0.0;1.0;0.35051882
1.0;1.0;1.0;1.0;0.35208642
1.0;0.197;1.0;0.498999;0.53559124
0.414999;0.530999;0.447;0.545;0.5012053
0.622;0.753999;0.0;0.0;0.38865983
0.0;0.0;0.063;0.586099;0.4727739
0.528999;0.663;0.736499;0.382899;0.47026455
0.502;0.286;0.0;0.0;0.49290836
0.0;0.0;0.0;0.0;0.545432
0.0;0.0;0.831;0.715;0.6930727
0.0;0.0;0.0;0.0;0.671162
1.0;1.0;0.645;1.0;0.5394119
1.0;1.0;1.0;1.0;0.46754062
1.0;1.0;1.0;1.0;0.41192353
1.0;1.0;1.0;1.0;0.3739673
1.0;0.378999;1.0;0.318999;0.52132785
0.762999;1.0;0.937;1.0;0.43438852
1.0;0.606999;0.338;1.0;0.4366237
1.0;1.0;1.0;0.0;0.43035328
0.0;0.445999;0.0;1.0;0.3189224
1.0;0.084;0.9324;0.0;0.6030041
0.0;0.0;0.757;0.890999;0.6981391
0.792;0.499;0.802999;0.49;0.6848711
0.514;1.0;0.079999;1.0;0.42460144
1.0;1.0;1.0;1.0;0.39197385
1.0;1.0;1.0;1.0;0.36103308
1.0;1.0;1.0;1.0;0.3388244
1.0;1.0;1.0;1.0;0.32290995
1.0;0.102999;1.0;0.545999;0.5362886
0.634;1.0;0.0;1.0;0.33281028
1.0;1.0;1.0;1.0;0.3306049
1.0;0.0;1.0;0.0;0.62847316
0.0;0.0;0.0;0.412999;0.64935863
0.637;0.0;0.5669;0.0;0.8228916
0.0;0.0;1.0;0.0;0.97108066
0.48;0.0;0.0;0.0;0.96768916
0.0;0.0;0.0;0.0;0.9113151
0.0;0.0;0.812999;0.0;1.0274011
0.0;0.0;0.0;0.0;0.9470779
0.0;1.0;0.542699;1.0;0.64611614
1.0;0.0;1.0;1.0;0.7418412
1.0;0.494;1.0;0.494;0.73655427
0.495;1.0;0.235999;1.0;0.48187554
1.0;1.0;1.0;0.0;0.4601437
0.0;0.976;1.0;1.0;0.35844028
1.0;0.0;1.0;0.0;0.6494063
0.503;1.0;0.0;0.4761;0.39672434
0.472999;0.0;1.0;0.507899;0.62882483
0.103999;1.0;0.0;1.0;0.305565
1.0;1.0;1.0;1.0;0.31804025
1.0;0.0;1.0;0.0;0.6136137
0.0;0.0;0.0;0.0;0.650658
0.0;0.0;1.0;1.0;0.7633525
1.0;0.504999;1.0;0.540999;0.73608935
0.181;0.192999;0.548;0.194;0.76041996
0.340999;1.0;0.082999;1.0;0.45594156
1.0;1.0;1.0;1.0;0.41496933
1.0;0.0;1.0;0.0;0.6836432
0.0;0.0;0.0;0.909;0.6612021
0.0;0.0;0.838999;0.314999;0.80247104
0.616;0.0;1.0;0.655999;0.8760172
0.0;0.263999;0.0;0.403;0.7196325
1.0;1.0;0.0;0.608;0.5101818
0.716;0.756499;1.0;0.204999;0.5171436
0.236;1.0;0.569999;0.888999;0.347324
1.0;0.0;0.0;0.0;0.59295475
0.0;0.0;0.0;0.0;0.63831985
0.0;0.0;1.0;0.349;0.8131999
0.515;0.447;0.933999;0.784999;0.76275647
0.0;1.0;0.0;1.0;0.37977874
1.0;0.0;1.0;1.0;0.5651134
1.0;0.851999;0.835999;0.0;0.54055035
0.0;1.0;1.0;1.0;0.41199505
1.0;1.0;1.0;0.741;0.3853935
0.744;0.0;1.0;0.557999;0.59746087
1.0;0.602;0.0;0.0;0.5790967
0.0;0.0;0.0;0.0;0.6295043
0.0;1.0;0.0;1.0;0.2982396
1.0;0.573;1.0;0.0;0.4425305
0.0;0.0;0.183;0.2673;0.5364615
0.0;0.0;0.741;0.3357;0.6933409
0.555999;0.548999;1.0;0.747999;0.6615895
0.0;1.0;0.0;0.0;0.28843462
0.0;0.026699;0.406999;0.0;0.4610616
0.0;0.0;0.0;0.475999;0.49152553
0.137;1.0;0.323;1.0;0.27446926
1.0;0.8359;0.0;0.0;0.24435103
0.0;0.0;0.521;0.974;0.4228431
0.21;0.646;0.873999;0.718;0.4235047
1.0;0.8289;0.0;0.0;0.36159933
0.0;0.0;0.823999;0.6698;0.5597013
0.596;1.0;0.0;0.0;0.32811344
0.0;0.0;0.927;1.0;0.53011954
1.0;0.022999;0.2377;0.299999;0.6896275
0.518999;0.646;1.0;0.945999;0.6374377
0.609;0.216;1.0;0.615;0.7148701
0.600699;1.0;0.0;1.0;0.4491645
1.0;0.0;1.0;0.0;0.71783245
0.0;0.1959;0.0;0.0;0.65810263
0.0;0.0;0.0;0.0;0.67920864
0.0;0.0;0.37;1.0;0.70456445
1.0;0.0;1.0;0.0;0.8854705
0.927999;0.893;0.402;0.411;0.70099413
0.013999;1.0;0.222999;1.0;0.3927368
1.0;0.0;1.0;0.0;0.6810981
0.0;0.772499;0.0;0.0;0.40801346
0.001999;0.0;0.0;0.0;0.49041092
0.0;0.0;0.0;0.0;0.530656
0.0;0.0;1.0;0.006;0.75403035
1.0;0.537999;1.0;1.0;0.6986457
0.0;1.0;0.0;0.451999;0.31580508
1.0;1.0;0.546;1.0;0.29838264
0.966999;0.6033;0.0;0.0;0.33569515
0.0;0.0;0.466;0.0;0.53696215
0.0;0.0;0.488999;0.3366;0.6545383
0.637;0.375999;1.0;0.854999;0.6751138
0.234999;0.331;0.0;0.268;0.575884
0.872999;1.0;0.665;0.867;0.47105134
0.933999;0.122;0.579999;0.105;0.6564516
0.0;0.0;0.0;0.0;0.68617046
0.0;1.0;0.0;0.405;0.32661736
0.066;0.0;0.786999;0.772999;0.53127587
0.64;0.0;1.0;0.133;0.74679434
0.192999;0.520999;0.547999;0.847999;0.63094676
0.600999;0.959;0.057999;0.399999;0.40397823
0.917;0.369;0.0;0.0;0.4853028
0.0;0.0;0.181999;0.46;0.57285607
0.403999;0.0;0.0;0.0;0.65922916
0.0;0.6152;1.0;0.844999;0.6295639
1.0;0.369799;1.0;0.743;0.6643373
0.239999;0.3919;0.515;0.515999;0.6248373
0.582999;1.0;0.0;0.023299;0.38541734
0.0;0.0;0.223099;0.4427;0.5014974
0.632;0.865;0.1919;0.149;0.36672533
0.011999;0.0;0.049999;0.0;0.46103776
0.108;0.736499;0.0;1.0;0.26345432
1.0;0.3695;1.0;0.039;0.4674989
0.341999;0.662999;0.780999;0.8772;0.44743
0.796999;0.745;0.0;0.0;0.37333548
0.0;0.0;0.0;0.0;0.46058476
0.0;0.0;0.0;0.0;0.5122918
0.0;0.0;0.0;0.0;0.5348104
0.0;0.0;0.0;1.0;0.52102983
1.0;0.401999;1.0;0.743;0.58941424
0.59;0.962;0.0;0.428;0.35561502
0.436999;0.564999;0.0;0.0;0.29953897
0.0;0.0;0.0;0.0;0.4006344
0.0;0.0;0.0;0.0;0.45800984
0.0;0.411;0.3064;1.0;0.40680945
1.0;1.0;1.0;1.0;0.3945011
1.0;0.0;1.0;1.0;0.5634147
0.698;1.0;0.425;0.431;0.41420043
0.2255;1.0;0.0;1.0;0.17857134
1.0;0.556999;1.0;0.896099;0.32400072
0.851999;0.715;0.0;0.0;0.30620277
0.0;0.0;0.0;0.234;0.41344345
0.0;0.0;0.177999;0.795999;0.49192488
0.789999;0.0;1.0;0.448999;0.68504393
0.787999;0.787999;0.019899;0.6463;0.50973475
0.3267;1.0;0.0;1.0;0.2616185
1.0;1.0;1.0;0.0;0.30252516
0.289999;0.579999;0.593;0.726;0.3193575
0.59;1.0;0.701999;1.0;0.27200758
1.0;0.8269;1.0;0.945;0.3220874
0.444;0.039;1.0;0.438;0.55276334
0.175999;0.474999;0.175999;0.2547;0.46946585
0.859;0.974;0.0;0.590299;0.32871544
0.859;0.381;0.075899;0.0;0.43002546
0.0;0.091999;0.207;1.0;0.48182786
1.0;0.462;1.0;0.0;0.6044227
0.0;0.162999;0.0637;1.0;0.54447234
1.0;0.128999;1.0;0.442999;0.6943065
0.478;0.478;0.282;0.288;0.62496245
0.0;1.0;0.0;0.818799;0.28813064
1.0;0.336999;1.0;0.0;0.50378025
0.070999;0.0971;0.0;0.0741;0.5300659
0.0;0.976999;0.909999;1.0;0.4188317
1.0;0.036999;1.0;0.070999;0.666787
0.144999;0.060999;0.890799;0.494;0.77706754
0.390999;0.515999;0.268999;0.3836;0.6563145
0.474;0.473;0.0;0.0;0.5669254
0.0;0.0;0.0;0.040299;0.60422003
0.332;0.3187;0.621499;0.6516;0.6304878
0.384;0.515;0.6975;0.6841;0.5974668
0.631;0.707999;0.297999;0.115;0.5019921
0.05;0.0;0.69;0.552999;0.65454423
0.545999;0.398;0.394599;0.2916;0.63690126
0.358899;0.629999;0.0;0.513399;0.46466172
0.506099;0.866;1.0;0.7002;0.43652833
0.867;1.0;1.0;1.0;0.39332092
1.0;1.0;1.0;1.0;0.3672856
1.0;1.0;1.0;0.375299;0.35939395
0.256999;0.0;0.802;0.792;0.5405444
0.57;0.298999;0.198;0.243;0.5820471
0.081;1.0;0.347999;1.0;0.3392893
1.0;1.0;0.9776;0.885999;0.33753097
0.919;1.0;0.913399;1.0;0.31650245
1.0;1.0;1.0;1.0;0.31130493
1.0;0.807;1.0;0.0;0.3828603
0.0;0.0;0.7182;0.89;0.5312222
0.694;0.266999;0.565999;0.125999;0.64045966
0.714999;1.0;0.0;1.0;0.41747868
0.637;1.0;0.866;0.0;0.36330998
0.004;0.0;0.0;0.0;0.4550475
0.0;0.0;0.0;0.642699;0.49750984
0.646999;0.901;0.2192;1.0;0.35920918
0.597999;0.335999;1.0;0.414999;0.5063313
0.243;0.2515;0.228999;0.1139;0.53054273
0.695399;1.0;0.1794;0.253799;0.35827935
0.287599;0.947;0.0;0.0;0.1379776
0.0;0.0;0.0;0.7683;0.2736944
0.687;0.603999;1.0;0.489999;0.38205564
0.413999;0.973999;0.0;1.0;0.19064724
1.0;0.243;1.0;0.601999;0.41718662
0.401;0.679;0.468;0.73;0.3667909
0.675999;0.610999;0.0;0.0;0.34128606
0.096;0.381;0.0;0.0;0.30338347
0.0;0.02;0.724;1.0;0.48724592
1.0;1.0;0.918999;0.9677;0.43530643
0.753999;0.4604;1.0;0.462499;0.520249
0.216;0.073;0.789999;0.731999;0.637545
0.725999;0.238;0.0;0.0;0.6776887
0.239;1.0;0.256999;1.0;0.4183668
1.0;0.615;0.99;0.0;0.5154687
0.0;0.0;1.0;0.635999;0.6818968
0.573999;0.507799;0.213;0.2385;0.610705
0.217999;0.505099;0.210999;1.0;0.49399316
1.0;0.43;1.0;0.556999;0.5777794
0.616999;0.499;0.0;0.145;0.51980793
0.100999;1.0;0.060999;1.0;0.2525288
1.0;0.874;1.0;0.0;0.330289
0.129999;0.988;0.552;1.0;0.20519078
1.0;0.517;1.0;0.0;0.39323747
0.006;0.303999;0.429;0.2496;0.43314278
0.153999;0.0;1.0;0.585;0.6328422
0.686;0.547999;0.444;0.530999;0.58045566
0.254;0.898;0.0;0.0;0.31787932
0.061999;0.057999;0.32;0.4701;0.44931352
0.282;0.152999;0.0;0.694899;0.46281993
0.678999;0.405;0.986999;0.146;0.57949007
0.179;0.625999;0.655;0.289;0.51005065
0.0;0.0;0.323;0.487;0.59451044
0.835;0.523;0.6976;0.442599;0.60126364
0.487;0.878999;0.4106;0.506999;0.4440564
0.411999;0.736;0.0;1.0;0.30185163
1.0;1.0;1.0;0.5095;0.32524645
0.911999;1.0;0.6385;1.0;0.29387057
1.0;1.0;1.0;1.0;0.30156553
1.0;0.359999;1.0;0.580999;0.45793235
0.426999;0.463999;0.318999;0.314999;0.45967877
0.369;1.0;0.329;1.0;0.29297054
1.0;1.0;1.0;0.7538;0.30979693
0.81;0.087;0.0;0.0;0.50444186
0.0;0.0;0.2404;1.0;0.56866586
1.0;1.0;1.0;1.0;0.4956442
1.0;0.492999;1.0;0.499;0.5606371
0.084999;0.396;1.0;1.0;0.5795437
0.813;1.0;0.0;1.0;0.39143145
1.0;1.0;1.0;0.0;0.39184272
0.0;0.0;0.0;0.941399;0.44053972
1.0;1.0;1.0;1.0;0.4103917
0.820999;1.0;1.0;0.881799;0.3677088
0.874;0.0;1.0;0.527;0.59366405
0.363;0.472999;0.363;0.3996;0.55182755
0.602999;1.0;0.0;0.0;0.34220994
0.0;0.76;0.406799;1.0;0.24205625
1.0;1.0;1.0;1.0;0.2777177
1.0;0.804999;1.0;0.748399;0.33206522
0.576;0.313;1.0;0.4285;0.48755586
0.466999;0.012;0.5712;0.135;0.6763357
0.194999;1.0;0.537999;1.0;0.45460045
1.0;0.815999;0.376;0.402999;0.42301595
0.277;0.568;0.894999;0.4298;0.45811713
0.671999;1.0;0.657;1.0;0.36451995
1.0;1.0;1.0;1.0;0.34739554
1.0;1.0;1.0;1.0;0.33014
1.0;0.353999;1.0;0.397999;0.48980296
0.024999;0.441;0.225999;0.602;0.41663826
1.0;1.0;0.581;1.0;0.36515176
1.0;0.0;0.358;0.0;0.62937915
0.0;0.0;0.158;0.0;0.699957
0.0;0.0;0.0;0.0;0.7033962
0.0;0.0;0.0;0.0;0.68873346
0.0;0.0;0.962999;0.129999;0.8583385
0.2;1.0;0.609;1.0;0.59451044
1.0;1.0;0.0;0.0;0.42396367
0.0;0.360999;0.0;1.0;0.3466624
1.0;1.0;1.0;0.8413;0.35729587
0.689;0.536;0.0;0.0;0.3526646
0.0;0.1841;1.0;1.0;0.5133289
1.0;0.545299;1.0;0.482799;0.56632936
0.364199;0.5267;0.0;0.5979;0.44589818
0.0;1.0;0.686;1.0;0.30194104
1.0;0.239;0.829999;0.0;0.5290109
0.0;0.0;0.000599;1.0;0.5387145
1.0;1.0;1.0;0.0546;0.49927413
0.091999;0.382;0.486999;1.0;0.46912014
1.0;0.330999;1.0;0.422;0.59260905
0.227;0.337;0.337999;0.411999;0.5709249
0.585;0.960999;0.0;0.207999;0.35917342
0.449999;0.936;0.0;0.0;0.17919123
0.0;0.0;0.0;0.0;0.3151077
0.0;0.004;0.625;1.0;0.48697174
1.0;1.0;1.0;0.664999;0.44472992
1.0;0.799;1.0;0.552999;0.45185268
0.0;0.0;0.0;0.376;0.5055207
0.619999;1.0;0.0;0.0;0.30102313
0.0;0.0;0.097999;0.09;0.41917145
0.057;0.764;0.13;1.0;0.24835646
1.0;0.463999;1.0;0.676999;0.39936483
0.203999;0.0;0.0;0.0;0.4973191
0.0;0.0;1.0;0.478;0.69289386
0.605999;0.616;0.0;0.473999;0.5330521
0.376;1.0;0.416999;1.0;0.35619318
1.0;1.0;1.0;0.3119;0.35910785
0.599999;0.147999;0.0;0.0;0.481804
0.0;0.3232;0.0;1.0;0.4080671
1.0;1.0;1.0;0.0;0.41052282
1.0;0.0;1.0;0.549899;0.61947286
0.31;0.195499;0.546;0.5002;0.67367136
0.587999;0.772999;0.0;0.0;0.5023974
0.0;0.0;0.0;0.0;0.5612093
0.0;0.0;0.0;0.0;0.5894321
0.0;0.0;0.165599;0.0;0.63538134
0.0;0.0;0.3114;0.7102;0.668301
0.713;0.274;1.0;1.0;0.7044989
0.468099;1.0;0.315199;0.0;0.46056688
0.2188;0.0;0.4485;1.0;0.5738157
1.0;1.0;1.0;1.0;0.49530447
1.0;0.397199;0.233599;0.787899;0.52577436
0.634;0.9201;0.1967;0.0;0.38436234
0.0;0.0;0.0;0.563299;0.46259344
0.514799;0.0;0.808;0.384;0.66738904
0.428;0.777;0.5365;0.7128;0.5315083
0.804199;1.0;0.245199;1.0;0.38399875
1.0;0.768999;1.0;0.317999;0.43275535
0.408;1.0;0.8147;1.0;0.33855617
1.0;1.0;0.0;0.0;0.26277483
0.0;0.0;0.0;0.0;0.38528025
0.0;0.0;0.963099;0.554899;0.6045002
0.4452;0.439;0.3119;0.308199;0.55464685
0.499799;1.0;0.0;1.0;0.31763494
1.0;1.0;1.0;1.0;0.32668293
1.0;1.0;0.375299;0.0;0.28414905
0.0;0.0;0.302599;1.0;0.4160124
1.0;0.741;1.0;0.5382;0.4574257
0.253;0.0;0.7377;0.165899;0.6519753
0.775999;1.0;0.9183;0.898;0.5320746
1.0;0.522;0.0;0.0852;0.5425054
0.0;0.0;0.0;0.0;0.5998272
0.0;0.0;0.0;0.54;0.61050236
0.673;0.768;1.0;1.0;0.56421936
0.927;0.922999;0.0;0.744999;0.40924728
0.738999;0.241;1.0;0.465;0.57336867
0.261;0.759;0.0;0.534999;0.366624
0.738999;0.241;1.0;0.465;0.54639757
0.632;0.632;0.0;0.0;0.45834363
0.0;0.948999;0.955999;1.0;0.3780502
1.0;0.158;0.534;0.194;0.57925165
0.095;1.0;0.519999;1.0;0.37588656
1.0;1.0;1.0;1.0;0.36283314
1.0;0.671999;0.968999;0.192;0.44325173
0.222999;0.218;1.0;0.738;0.5624014
0.399;0.247;0.0;0.0;0.57430446
0.0;1.0;0.0;0.0;0.23495138
0.0;0.0;0.0;0.132999;0.34635842
0.106999;0.015;0.5922;0.033;0.53812444
0.058999;0.9981;0.0;0.802;0.21557987
0.802;0.0;1.0;0.143999;0.52708566
0.143999;0.0;0.657299;0.387;0.67286074
0.768;0.709999;0.4587;0.371;0.5791861
1.0;1.0;0.209999;1.0;0.43650448
0.069;1.0;1.0;0.218999;0.33641636
0.218999;0.0;0.190999;0.402;0.48111856
0.402;0.483;0.803;0.801;0.51047385
0.813;0.939999;0.661;0.954999;0.42359412
0.942999;0.554699;0.744999;0.0;0.5149323
0.656199;0.4873;0.713;1.0;0.5236882
0.5998;0.765999;0.0;0.052499;0.39642632
0.007;0.665;0.924999;1.0;0.39884627
1.0;1.0;1.0;1.0;0.37514746
1.0;1.0;0.3888;1.0;0.3117758
1.0;0.754;1.0;0.567;0.37566006
0.476999;0.523999;1.0;1.0;0.42857707
0.632;0.0;0.0;0.0;0.60403526
0.0;1.0;0.329999;1.0;0.34765184
1.0;1.0;1.0;0.876;0.3472942
0.811;0.974999;0.909999;0.909;0.3231126
0.790999;1.0;0.362;0.0;0.25237978
0.0;0.911999;0.558999;1.0;0.15706003
1.0;0.442;1.0;0.0;0.38042247
0.0;0.973999;0.429;0.441;0.1893419
1.0;0.96;0.0;1.0;0.17188966
0.111999;1.0;0.873;0.0;0.11419237
0.0;0.0;0.783999;1.0;0.35200894
0.877;0.5802;0.0;0.613;0.35209835
0.991;0.7958;1.0;0.71;0.3921348
0.481999;0.0;0.6105;0.215999;0.60430944
0.102499;0.010599;0.6735;0.4628;0.7259208
0.576999;1.0;0.186299;1.0;0.47766745
1.0;1.0;0.9057;0.681999;0.42733133
0.652;0.0;0.0;0.0;0.5945879
0.0;0.012;0.0;1.0;0.5907732
1.0;0.644999;1.0;0.964999;0.5762893
0.965999;0.335999;1.0;0.5;0.65460384
0.1952;0.1952;0.0;0.0;0.6355065
0.0848;1.0;0.326999;1.0;0.38478553
1.0;1.0;1.0;0.332599;0.38179338
0.204;0.689;0.31;1.0;0.28739154
1.0;1.0;0.0;0.0;0.22463381
0.0;0.0;1.0;0.738;0.48033178
1.0;0.528;0.0;0.173;0.49334943
0.0;1.0;1.0;0.671;0.3866154
0.671;0.0;0.0;0.195999;0.5543071
0.241999;1.0;0.689;1.0;0.4065472
1.0;1.0;1.0;1.0;0.38196027
1.0;0.747599;0.220999;0.416999;0.37398517
0.412999;0.0;1.0;0.553;0.6033796
1.0;1.0;1.0;1.0;0.510301
1.0;0.778999;0.0;0.706;0.42537034
0.0;0.382;0.674999;1.0;0.45313418
0.994;0.238999;0.906;0.680999;0.5805868
0.727;1.0;1.0;0.0;0.5076963
0.0;1.0;0.595199;0.950999;0.31382024
1.0;0.0;1.0;1.0;0.5184132
0.866999;0.644999;0.989699;0.644999;0.5306381
0.432;1.0;0.0;1.0;0.28997838
1.0;1.0;0.706;0.0;0.29791772
0.0;1.0;1.0;1.0;0.23586929
1.0;1.0;1.0;1.0;0.26308477
1.0;0.0;0.0;0.0;0.5284327
0.0;0.0;0.611399;0.674099;0.6567377
0.5146;1.0;0.5155;1.0;0.4719633
1.0;1.0;0.0;1.0;0.34466565
1.0;1.0;1.0;0.0;0.35963833
0.0;0.0;0.119;0.238;0.4677075
0.329999;0.0;0.0;0.0;0.5779344
0.0;0.0;0.0;0.0;0.59979737
0.0;0.0;0.947299;0.506;0.7572073
0.064999;0.0;0.1507;0.513;0.73391974
1.0;1.0;0.75;1.0;0.5874592
1.0;1.0;1.0;1.0;0.49418986
1.0;1.0;1.0;0.0;0.4599291
0.0;0.0;0.0;1.0;0.49113214
1.0;1.0;1.0;0.76;0.44986188
0.873999;0.243;1.0;0.685;0.57159245
0.0;0.717999;0.415;0.799999;0.4122752
1.0;1.0;0.0;1.0;0.30917704
1.0;1.0;1.0;1.0;0.31429112
1.0;0.3108;1.0;0.0;0.52452266
0.0;1.0;0.920899;1.0;0.38794458
1.0;0.0;1.0;0.0;0.67061365
0.0;0.0;0.968;0.722999;0.7774848
0.783;0.290999;0.403999;0.146;0.80042064
0.022;1.0;0.0;0.0;0.4211861
0.0;0.0;0.0;1.0;0.4698056
1.0;0.075999;0.0;0.0;0.6320971
0.0;0.0;0.560799;1.0;0.7058877
1.0;1.0;1.0;1.0;0.5872148
1.0;0.091;1.0;0.981999;0.6691295
1.0;0.807999;1.0;0.719999;0.6009954
0.582999;1.0;0.0;0.0;0.37367523
0.0;0.0;0.0;1.0;0.44148147
1.0;0.436;1.0;0.0;0.58493197
0.394;0.0;0.0554;0.0;0.6843585
0.0;0.0;0.0;1.0;0.65246403
1.0;0.3121;1.0;0.040999;0.7586497
0.5869;0.4111;0.0;0.987399;0.63183486
0.492099;0.225799;0.0;0.0;0.6410736
0.0;0.0;0.0;0.0;0.6640035
0.0;0.0;0.0;0.660799;0.6426829
0.649;0.694;1.0;0.8079;0.6117481
0.822999;0.180999;0.212999;0.0;0.70275843
0.0;0.0;0.622;1.0;0.762673
0.882;0.34;0.747;0.119999;0.806244
0.305999;0.305999;0.0;0.0;0.72099745
0.0;1.0;0.754099;1.0;0.52277625
1.0;0.5407;0.0;0.0;0.5281526
0.0;0.313199;0.0;1.0;0.4451114
1.0;0.1056;1.0;0.0;0.6844002
0.0;0.0;0.069;0.399;0.6919521
0.0;1.0;0.473199;1.0;0.43818533
1.0;1.0;0.7639;0.0;0.40369213
0.0;0.0;1.0;1.0;0.57584226
1.0;0.345999;0.444;0.0;0.6685811
0.0;0.0;0.0;0.1448;0.68116367
0.161199;0.0;0.0;0.0;0.70652544
0.254;0.093999;1.0;1.0;0.7851976
0.4427;1.0;0.363499;0.6901;0.5243379
0.663299;0.8862;0.0;0.0;0.35232484
0.052;0.0;0.0;0.0;0.4531759
0.0;0.545;1.0;1.0;0.49469054
1.0;1.0;1.0;0.776799;0.44496238
0.673999;0.015;0.0;0.1799;0.588395
0.215;0.0;1.0;0.2762;0.7830459
0.0;0.2202;0.201499;0.4726;0.7027286
0.7841;0.985799;0.0;0.9855;0.46583593
1.0;1.0;1.0;0.694499;0.42832077
0.677999;0.5;0.240399;0.7379;0.4250306
0.042;1.0;0.323;0.0;0.19744217
0.040999;1.0;0.397999;1.0;0.07511556
1.0;0.0;1.0;0.0;0.44968903
0.472999;0.5177;0.477099;0.487899;0.4511851
0.0;1.0;0.516599;1.0;0.2675432
1.0;1.0;1.0;1.0;0.29006183
1.0;0.442999;0.0;0.0;0.39597332
0.0;0.0;0.442999;0.8892;0.52654326
0.878;0.689999;0.0;0.0;0.46414912
0.0;0.0;0.9213;1.0;0.6251353
0.3086;0.552999;0.0;0.524699;0.4669386
1.0;0.548;1.0;0.0;0.56593597
0.0;0.495;0.0;0.0;0.41175663
0.0;0.0;0.044999;0.5942;0.48015296
0.701;0.385;0.855;0.3947;0.57215273
0.161;0.879;0.524;0.374099;0.39899528
0.271;0.117899;0.495;1.0;0.49991786
1.0;1.0;1.0;1.0;0.44730484
1.0;0.6534;0.309099;0.0;0.46987712
0.0;0.0;0.0;0.3348;0.5303222
0.366;0.441;0.0;0.0;0.4644829
0.0;0.0;0.0531;1.0;0.5032617
1.0;0.445999;1.0;0.0;0.61763704
0.0;0.0;0.4595;0.9483;0.6669599
0.010399;0.725999;1.0;1.0;0.5784589
1.0;0.869799;0.0634;0.516199;0.45675218
0.511;0.6297;0.3566;0.0;0.42222917
0.0;0.0;0.3411;0.3977;0.5516845
0.472;0.0;0.0;0.306199;0.63256204
0.325999;0.913499;0.662999;1.0;0.48709095
1.0;1.0;1.0;1.0;0.4370588
0.0;0.0;0.0;0.0;0.5025226
0.659999;1.0;0.314999;1.0;0.36288083
1.0;1.0;1.0;1.0;0.35408914
1.0;1.0;0.350999;0.501899;0.29741108
0.764;0.0;0.654;0.0;0.58698237
0.0;0.537199;0.418099;0.305899;0.5020696
0.301;0.0;0.0;0.471;0.57867944
0.951;1.0;0.3196;1.0;0.44566572
0.530999;0.478999;0.905499;1.0;0.49047053
1.0;0.837999;1.0;0.0;0.50721943
0.0;0.0;0.0;0.0;0.56629956
0.0;0.0;0.0;0.0;0.6041187
0.0;0.902;0.4915;1.0;0.4045683
1.0;0.0;0.8147;0.3797;0.6287235
1.0;1.0;1.0;0.494;0.54664195
0.033;0.0;0.0;0.085299;0.59367
0.0;0.0;0.0;0.2782;0.6160635
0.215;1.0;0.9004;1.0;0.48366964
1.0;1.0;1.0;1.0;0.4330057
0.853999;0.865899;0.0;0.658;0.32304704
1.0;0.4541;1.0;0.494999;0.4637736
0.0;0.0;0.0;0.542;0.51326334
0.0;1.0;0.451;0.947299;0.3044027
1.0;0.0;0.087;0.0;0.55623233
0.0;0.0;0.0;0.0;0.5984205
0.0;0.0;0.221;1.0;0.6200689
1.0;0.695;1.0;0.0;0.6305295
0.0;0.0;0.4629;0.7845;0.68600357
0.714399;0.817999;0.337599;0.518;0.53845227
0.5336;1.0;0.613;1.0;0.40491402
1.0;1.0;0.915;1.0;0.37270367
1.0;1.0;1.0;0.178899;0.37106454
0.144999;0.0;0.0;0.664099;0.4570681
0.0;0.0;0.7402;0.0;0.6594676
1.0;1.0;1.0;1.0;0.54938376
1.0;1.0;0.0;0.0;0.40374577
0.0;0.0;0.0;0.0;0.49156725
0.0;0.0;0.0;0.0;0.54519355
0.0;0.0;0.3547;0.699;0.6163496
0.798;1.0;0.0;1.0;0.40440738
1.0;0.5728;1.0;0.2299;0.49841583
0.158999;0.287999;0.0;0.0;0.4649061
0.0;1.0;0.0;1.0;0.18301785
1.0;0.527;1.0;0.391399;0.35507858
0.406999;0.186999;0.160299;0.1717;0.44971883
0.0584;0.747;0.3225;0.596;0.31053007
0.0;0.078999;0.210499;0.0;0.41518986
0.423999;0.0;0.668999;0.477999;0.5990702
0.576999;1.0;0.576999;1.0;0.443663
1.0;0.222;0.0;0.0;0.5720633
0.0;0.245599;0.0;0.0;0.5192894
0.0;0.0224;0.0;1.0;0.5261141
1.0;1.0;1.0;0.0;0.49024403
0.0;0.375999;0.0;0.564499;0.3832239
0.296999;0.0;1.0;0.608999;0.6071049
0.7;0.441;0.016;0.0;0.5667645
0.912999;1.0;0.147999;0.933399;0.4154402
0.037;0.0;0.0;0.0;0.49461305
0.0;0.0;0.230399;0.370999;0.57938874
0.269;1.0;0.353999;0.566;0.35484612
0.471999;0.0;0.0;0.2869;0.48570812
0.299;0.046;1.0;0.963099;0.6428021
0.899;0.494;0.882999;0.494;0.6570953
0.501999;1.0;0.191;0.670999;0.417431
0.757;0.0;0.408;0.51;0.6065923
0.379999;0.0;0.924999;0.578;0.7609147
0.81;0.456;0.0;0.552999;0.67067325
0.411;1.0;0.010399;0.0;0.391652
0.0;0.0;0.4936;0.588;0.5508739
0.694;0.552999;1.0;0.564999;0.5822736
0.557;1.0;0.486;0.884999;0.41630447
0.897999;0.405;0.279999;0.0;0.51263154
0.266;0.483;0.26;0.796199;0.4551071
0.524;0.439999;0.0;0.0;0.4414934
0.0;0.085999;0.616999;0.933999;0.554623
0.778;0.537999;1.0;0.940299;0.5668241
0.0;0.7693;0.0;0.0;0.30634582
0.741;0.0357;0.835599;0.031;0.5869347
0.0;0.143;0.468;0.861;0.61047256
0.891999;0.649999;0.589999;0.811999;0.5602139
0.761;1.0;1.0;1.0;0.4714328
0.979999;0.947;1.0;0.688;0.4334408
0.986;0.238;0.813;0.546;0.57189643
0.326999;0.513;0.525999;0.542;0.5372721
0.631;1.0;0.209;1.0;0.36548555
1.0;1.0;1.0;0.888999;0.3547269
1.0;0.402999;1.0;1.0;0.45199573
0.707999;1.0;0.888999;1.0;0.38021386
1.0;1.0;1.0;0.237499;0.3757733
0.006;0.0;0.306899;0.128399;0.5154687
0.1508;0.497;0.4297;0.4984;0.46802342
0.973199;1.0;0.5574;1.0;0.3913957
1.0;0.449999;1.0;0.677999;0.48895657
0.299;0.299;0.210999;0.0;0.5188781
0.0;0.102099;0.0;0.0;0.5350846
0.155;0.0;0.0;0.0;0.59035003
0.0;0.0;0.684899;0.575;0.7087904
0.1253;1.0;0.4706;1.0;0.45277655
1.0;0.814999;0.0;0.0;0.38012445
0.0;0.0;0.576;0.900999;0.53023875
0.849;0.67;0.635999;1.0;0.4987496
1.0;0.665999;0.221;0.0;0.49497068
0.0;0.372;0.610999;1.0;0.5015451
1.0;0.5865;1.0;0.967799;0.52381337
0.887299;0.5129;0.1251;0.0;0.54018676
0.0;0.242599;0.0;0.2682;0.49687207
0.400499;0.369;0.998199;0.791299;0.5800146
0.933;0.67;0.888;0.644;0.5660969
0.645999;0.658999;0.431999;0.593999;0.501557
0.616;0.469999;0.706;0.647999;0.5357045
0.486999;0.271;0.7822;0.511;0.62288225
0.527;0.451;0.3726;0.3395;0.60064375
0.283799;1.0;0.4602;1.0;0.40019333
1.0;0.748;1.0;0.153999;0.45857012
0.214799;0.372;0.391;0.876999;0.45138776
0.817999;0.575999;0.742999;0.5457;0.49427927
0.575;0.427999;0.0;0.0;0.48518956
0.0;0.0;0.491;0.857199;0.5966979
0.39;0.1668;0.088999;0.0;0.62693536
0.725999;1.0;0.109999;0.1655;0.42059004
0.0;0.459999;0.501;1.0;0.40483057
1.0;0.635999;1.0;0.631599;0.4673499
0.641999;1.0;0.66;1.0;0.36586702
1.0;0.498;0.385999;0.0;0.4719454
0.0;0.0;0.602999;0.611;0.61534226
0.308999;0.42;0.505;0.512999;0.58950365
0.611;0.902;0.0;0.1863;0.3901142
0.028;0.103999;0.444;0.773899;0.4894036
1.0;0.608;0.584;0.0;0.53477466
0.0;0.147999;0.054999;0.4575;0.5206245
0.360999;0.858;0.0;1.0;0.3147322
1.0;0.489;1.0;0.683499;0.43806016
0.332;0.351999;0.004;0.364999;0.41183412
0.534999;1.0;0.359999;0.495;0.28112113
0.465;0.751;0.908;1.0;0.31751573
1.0;0.526999;0.15;0.463299;0.38454115
0.26;0.948;0.793999;0.0;0.30839622
0.0;0.0;0.443899;1.0;0.44962943
1.0;0.604599;0.7231;0.3789;0.4988271
0.0;0.804;0.459999;0.0;0.33642232
0.484;0.0;0.0;0.195999;0.4928726
0.361999;0.379999;0.623;0.483;0.53667605
0.379;0.355;0.0;0.0;0.49640715
0.0;0.0;0.402;0.2059;0.61959803
0.129;0.637999;0.393;1.0;0.47832906
1.0;0.959;0.672499;0.0;0.430699
0.304;0.0;0.9385;1.0;0.5951899
0.688699;1.0;0.364;0.3515;0.42998374
0.893299;0.498999;0.082999;0.1067;0.46575248
0.0;0.994;0.0;0.0;0.15888393
0.0;0.0;0.251;0.488299;0.34458816
0.363;1.0;0.451;0.5107;0.21529377
0.531;0.0;0.448099;0.574399;0.4386443
0.5;0.5468;0.8549;0.4757;0.48523724
0.500999;0.726199;0.0;0.0;0.34965456
0.0;0.0;0.346999;0.937299;0.47240436
0.960999;0.444;0.618;0.026;0.5675632
0.028;0.066;0.0;0.0;0.5790669
0.0;0.280999;0.451;0.950999;0.5609113
0.976999;0.591999;1.0;0.591999;0.58099806
0.283;0.365;0.1875;0.2387;0.5358952
0.53;0.647999;0.059499;0.091299;0.43370306
0.0;0.233999;0.506;0.649;0.49563825
0.918999;0.469999;0.484999;0.658;0.5268651
0.648;1.0;0.9278;0.778;0.44524848
0.658;0.156;0.0;0.0;0.55398524
0.0;0.0;0.527;0.539999;0.67594826
0.605;0.551;0.843299;0.4449;0.6570655
0.417;0.848999;0.3177;0.9191;0.468387
0.988;0.577;0.275999;0.0;0.5072254
0.0;0.094999;0.027;0.123;0.53413093
0.204;0.183999;0.432999;0.381;0.600757
0.194999;0.0;0.019;0.162499;0.6416577
0.388999;0.160999;0.659899;0.421499;0.717451
0.383;0.548;0.4457;0.5786;0.61547935
0.542;0.639;0.3734;0.342399;0.5313057
0.263999;0.328499;0.293;0.492;0.5247849
0.571899;1.0;0.128299;0.970999;0.33560574
1.0;0.554999;1.0;0.682;0.4373747
0.370999;0.875;0.379;1.0;0.31053603
1.0;0.5296;1.0;0.2222;0.45159042
0.561999;0.354399;0.798299;0.853499;0.52092254
0.576999;0.897;0.126999;0.829599;0.35696805
0.812;1.0;0.657;0.916399;0.31193078
0.975999;1.0;1.0;1.0;0.31268775
1.0;0.393;0.8769;0.582999;0.4525739
0.586999;1.0;0.6931;1.0;0.35372555
1.0;0.510999;1.0;0.674999;0.45376003
0.763;0.361;0.0;0.0;0.5145806
0.0;0.59;0.0;0.0;0.35200894
1.0;0.409999;1.0;1.0;0.46682537
0.0;0.59;0.0;0.0;0.2987939
0.0;0.0;0.435;0.364999;0.47542632
0.334999;1.0;0.0;0.0;0.20474374
0.0;0.0;0.1071;1.0;0.32535374
1.0;1.0;1.0;0.667;0.33901513
0.564;0.0;1.0;1.0;0.5301851
0.6931;0.358;0.535;0.0648;0.60628235
0.486899;0.57;0.0;0.060199;0.49935162
0.0;0.214999;0.0;0.0;0.4745561
0.0;0.0;0.309999;0.757999;0.5635756
0.757999;0.0;0.551;0.296999;0.7223922
0.296999;0.027;0.346;0.155;0.793131
0.093;0.275999;0.381799;0.415;0.73562443
0.494;0.4792;0.6872;0.877799;0.6761986
0.548;0.409099;0.0;0.0;0.6098646
0.0;0.0;0.180999;0.262999;0.6708044
0.239;0.813;0.4808;0.804;0.50002515
0.774999;0.231999;0.7402;0.552;0.6135124
0.544;1.0;0.719;1.0;0.4702705
1.0;0.573;1.0;0.363999;0.54018676
0.551;0.365799;0.226399;0.2639;0.55743635
0.157999;1.0;0.0;0.9021;0.27386725
0.788;0.548;1.0;1.0;0.38008273
1.0;0.5;0.0;0.0;0.4429835
0.0;0.0;0.16;0.734;0.5254823
0.733;0.932;0.978999;0.453999;0.47996223
0.454999;0.325999;0.482199;0.491;0.5272466
0.512;0.242;0.5811;0.326599;0.6184
0.316999;1.0;0.0;1.0;0.33816278
1.0;0.695;1.0;0.320999;0.4235643
0.378;0.284;0.097;0.085999;0.46067417
0.085999;0.431999;0.0;0.0;0.37469447
0.0;0.4466;0.0;0.0;0.2760309
0.0;0.0;0.725999;0.708999;0.48547566
0.547999;1.0;0.3973;0.282;0.31873167
0.433;0.6717;0.0;0.0;0.22220194
0.0;0.0;0.336999;0.0;0.40597498
0.0;0.938;0.529;1.0;0.2599138
1.0;0.3523;0.364999;0.0;0.4253584
0.0;0.4187;0.001;1.0;0.3255266
1.0;0.0;1.0;0.529999;0.5714077
0.466999;0.588999;0.0;0.357;0.44824064
0.471999;0.584499;0.400299;0.178999;0.43262422
0.126999;0.0;0.08;0.0;0.536235
0.0;0.0;0.333999;0.408;0.6217259
0.408;0.569;0.462;0.339999;0.5493361
0.339999;0.643999;0.553999;0.628;0.47674954
0.64;0.547;0.572;0.499;0.48700154
0.636;0.223999;0.6906;0.552999;0.59768736
0.427999;0.744999;0.2622;0.469999;0.45779526
0.387;1.0;0.294199;0.221;0.2736765
0.28;0.0;0.0;0.0;0.42855322
0.0;0.0;0.828;0.8522;0.60298026
1.0;1.0;0.610999;1.0;0.48526704
1.0;0.331899;1.0;0.555999;0.5890745
0.225;0.4884;0.503699;0.115;0.55594623
0.405;0.486499;0.0326;0.0;0.48983276
0.144999;0.0;0.0;0.0485;0.5666691
0.0;0.130999;0.890999;0.491;0.692876
0.492999;0.420999;0.0;0.104999;0.59304416
0.103;0.03;0.736;0.277999;0.7366735
0.277999;0.306899;0.608999;0.456;0.7224041
0.382;0.2111;0.586;0.481;0.7450241
0.568999;1.0;0.2866;1.0;0.50557435
1.0;0.761;0.932399;0.481999;0.50768435
0.489999;0.371;0.538;0.274999;0.55746615
0.267;0.409999;0.422899;0.234999;0.5556065
0.237;0.532;0.5071;0.935;0.49983442
0.920999;0.455999;0.878;0.573999;0.564875
0.335999;0.375999;0.396;0.167;0.5700785
0.415999;1.0;0.099199;0.802;0.33803165
0.803;1.0;0.8748;0.677999;0.32030523
0.677999;0.0;0.404699;0.099;0.5606371
0.097;0.983999;0.4513;0.860999;0.3554362
0.865;0.306;0.767;0.604999;0.4963714
0.653999;0.440999;0.902999;0.702;0.5514282
0.633;0.720999;0.439;0.562999;0.4771787
0.580999;0.6385;0.372;0.172;0.44804394
0.172;0.163499;0.286;0.845999;0.49852312
0.884999;1.0;1.0;0.971;0.44313252
0.933;0.176;0.457;0.074999;0.61811984
0.070999;0.198999;0.713999;0.771999;0.6648022
0.417;0.5362;0.352899;0.0;0.60091794
0.663;0.794799;0.340899;0.6811;0.4814762
0.351999;0.941;0.322;1.0;0.31710446
1.0;0.588999;1.0;0.31;0.43475807
0.31;0.239999;0.0;0.0;0.46467364
0.0;0.0;0.655;0.3284;0.637992
0.282;0.112999;0.638;0.448599;0.7151681
0.501999;0.521;0.57;0.629399;0.6405908
0.582;1.0;0.0;0.163;0.3915745
0.158;0.0;0.533;0.637;0.5554873
0.636;0.556999;0.539999;0.378;0.5415219
0.364999;0.314;0.158;0.015;0.54539025
0.028;0.035;0.0;0.0;0.57736814
0.0;0.0;0.376899;0.543999;0.6539124
0.413999;0.482999;0.439;0.493499;0.587942
0.611;0.707;0.1661;0.0;0.46804726
0.0;0.0;0.0;0.0;0.52547634
0.0;0.0;0.056999;0.826;0.5478221
0.826;0.95;1.0;1.0;0.49395144
1.0;1.0;0.933999;1.0;0.43551505
1.0;0.535999;1.0;0.381;0.5170125
0.509999;0.405;0.261;0.0;0.54092586
0.493;0.477;0.517899;0.5465;0.5441624
0.0;0.048999;0.0;0.0;0.574829
0.0;0.313;0.298999;1.0;0.5206543
1.0;0.482999;1.0;0.197;0.6063658
0.197;1.0;0.659999;1.0;0.42103708
1.0;0.6065;1.0;0.525999;0.4862982
0.46;0.176499;0.6171;0.469;0.59645355
0.531999;0.428;0.0;0.288;0.5441624
0.291;0.870999;0.730999;0.759;0.44051588
0.759;0.187;0.2645;0.153999;0.5755383
0.153999;0.518999;0.692499;0.859;0.5417782
0.856999;0.85;0.909;0.522999;0.5041021
0.524999;0.466;0.656999;0.833;0.51260173
0.442;0.447799;0.491999;0.374599;0.52622736
0.43;1.0;0.142;0.0674;0.31096518
0.4;0.0;0.280999;0.364999;0.500198
0.373999;0.889;0.698;1.0;0.40694654
1.0;1.0;0.859;1.0;0.3739077
1.0;0.564999;1.0;0.683999;0.4512745
0.597999;0.843499;0.923999;0.705999;0.41796744
1.0;0.5766;0.331099;0.0168;0.483765
0.0;0.426399;0.4039;0.428199;0.45709193
0.457;0.4405;0.463999;0.582;0.47920525
0.575999;0.2418;0.411;0.453;0.56203187
0.546;0.199199;0.0;0.0;0.6072897
0.0;0.146;0.073;0.0;0.5957383
0.0;0.0;0.562999;0.661899;0.69236934
0.4919;0.5669;0.608;0.5358;0.62003314
0.6141;0.859999;0.484999;0.4191;0.48787177
0.406999;0.921999;0.472999;1.0;0.35485804
1.0;1.0;1.0;0.410999;0.3586012
0.457999;0.0;0.143;0.0225;0.53826153
0.034999;0.228999;0.0;0.0;0.50548494
0.088;0.0;0.6111;0.567699;0.64621747
0.462;0.771999;0.485899;1.0;0.50668895
0.830999;1.0;1.0;0.567;0.44768035
0.471;0.286999;0.441;0.411;0.51656544
0.408999;0.161;0.0;0.0;0.5702096
0.0;0.0;0.0;0.0;0.6073612
0.0;0.0;0.430999;0.5498;0.6827611
0.541;0.073999;0.7879;0.605199;0.7685381
0.515499;0.584;0.3767;0.41;0.646891
0.361499;0.988999;0.3414;0.502699;0.4191774
0.609999;0.325;0.55;0.351199;0.51820457
0.459;0.311;0.338;0.7851;0.5355257
0.686;0.634;0.777999;0.317;0.5442816
0.295999;1.0;0.576999;1.0;0.38051188
1.0;0.323999;1.0;0.3582;0.540902
0.463;0.616;0.597299;0.6308;0.49753964
0.680999;0.669999;0.328;0.4619;0.45223415
0.327999;0.311;0.319;0.3106;0.49647272
0.236;0.51;0.324999;0.905699;0.43716013
1.0;0.657499;0.111;0.0;0.44472396
0.0;0.0;0.414999;0.412799;0.57791054
0.511;0.2862;0.565799;0.5112;0.62439024
0.601099;0.631799;0.5852;0.645799;0.56148946
0.5469;0.976999;0.189999;0.0962;0.36640346
0.203;0.576;0.475;1.0;0.3449577
1.0;0.949;1.0;0.682;0.36054432
0.728699;0.418999;0.604999;0.114999;0.4724282
0.118;0.5407;0.463;1.0;0.41712105
0.899999;0.499299;1.0;0.655999;0.50113976
0.9633;1.0;0.241;0.884799;0.3832537
0.712699;0.420999;0.497;0.0;0.48957646
0.0;0.491;0.612;1.0;0.45949996
1.0;1.0;1.0;1.0;0.41767538
1.0;0.902;1.0;0.234999;0.423159
0.192999;0.301;0.582;0.547899;0.48284113
0.631999;0.127699;0.6843;0.6678;0.6132263
0.5169;0.5603;0.5056;0.3332;0.5725521
0.4971;0.486999;0.240199;0.581099;0.5205411
0.484;0.75;0.7159;0.730999;0.4655081
0.774999;0.654;0.597999;0.436;0.46988904
0.524;1.0;0.772999;1.0;0.37436664
1.0;1.0;1.0;0.117799;0.37843168
0.139;0.0;0.649;0.5172;0.5539197
0.3827;0.996299;0.4307;0.6777;0.37144005
0.8943;0.2807;0.301299;0.261299;0.50827444
0.010999;0.334699;0.329999;0.375;0.49188316
0.478;0.240299;0.0;0.0;0.5263883
0.0;0.0;0.0;0.028999;0.5657214
0.042999;0.356999;0.536999;0.777999;0.5481738
0.832999;0.313;0.776499;0.645;0.6163198
0.451999;0.689;0.6315;0.469299;0.5371231
0.68;0.366999;0.0;0.0;0.5483645
0.0;1.0;0.626999;1.0;0.37149966
1.0;1.0;1.0;1.0;0.3624636
1.0;1.0;1.0;0.675;0.35199106
0.673999;0.0;0.344;0.228;0.56970894
0.580999;0.463999;0.692999;0.696099;0.58416903
0.083;0.227;0.1663;0.2353;0.5733329
0.589999;0.847999;0.2897;0.3339;0.43592036
0.329;0.31;0.325;0.2507;0.4818815
0.222999;0.1152;0.444999;0.740099;0.56737244
0.643999;0.9848;0.573;0.8869;0.4335302
1.0;0.544999;0.641;0.0;0.520553
0.0;0.0;0.5383;0.5471;0.6414312
0.329299;1.0;0.435199;1.0;0.4295665
1.0;0.488999;0.3795;0.0;0.5152184
0.0;0.052;0.343;0.7733;0.57959735
0.726999;0.878;0.817999;0.816699;0.5027908
0.853999;0.299999;0.347;0.108199;0.60112655
0.069;0.716999;0.631999;1.0;0.48764527
1.0;0.442;1.0;0.4649;0.57714164
0.375999;0.61;0.537999;0.444499;0.5165237
0.725999;0.552999;0.0;0.406;0.469442
0.191;0.348999;0.784999;0.421999;0.54812014
0.499;1.0;0.547;1.0;0.39975226
1.0;0.460499;0.677;0.0;0.52673995
0.087;0.0309;0.414999;0.6721;0.6163138
0.513999;0.427599;0.5341;0.545899;0.6073612
0.3077;0.521999;0.559699;0.492;0.5601841
0.685299;0.777999;0.5242;0.492999;0.48349082
0.606;0.3293;0.386999;0.515999;0.535174
0.473999;1.0;0.652;0.7752;0.40562928
0.711;0.411;0.038299;0.765799;0.4196602
0.855999;0.602999;1.0;0.456;0.49291432
0.576;0.473;0.812299;0.759;0.5275446
0.552999;0.564999;0.5221;0.557;0.506987
0.548999;1.0;0.354799;1.0;0.35144866
1.0;1.0;1.0;1.0;0.34326494
1.0;1.0;1.0;1.0;0.32997906
1.0;0.560999;0.932;0.0172;0.46053112
0.082;0.076999;0.018599;0.134;0.518741
0.138999;0.036;0.7753;0.402699;0.6798643
0.445;0.537;0.6191;0.6403;0.6139475
0.495999;0.844999;0.0;0.0;0.40750086
0.0;1.0;0.0;1.0;0.13601959
1.0;0.956;1.0;0.624899;0.22114694
0.501;0.822;0.499;1.0;0.20280063
1.0;1.0;0.454999;0.0;0.2103883
0.0;0.0;0.0;0.718999;0.32369673
0.515;0.425;0.4586;0.0;0.40986717
0.517999;1.0;0.53;1.0;0.30605376
0.805;0.370099;1.0;0.709999;0.4486996
0.417;0.728899;0.518;1.0;0.37985623
1.0;0.862;1.0;1.0;0.38865387
1.0;0.866999;1.0;0.679199;0.39654553
0.717999;0.313;0.7163;0.3823;0.52351534
0.276;0.615099;0.5177;0.5595;0.4636246
0.613999;0.4529;0.317999;0.366;0.48815787
0.359;1.0;0.458999;1.0;0.33006847
1.0;0.426;0.264;0.0;0.4602331
0.0;0.0;0.0;0.3268;0.5242127
0.404999;0.028999;0.5604;0.0;0.70108354
0.0;0.0;0.498199;0.6253;0.75597346
0.4112;0.564;0.5216;0.4499;0.65202296
0.5428;1.0;0.384199;0.900399;0.45005858
0.925999;1.0;0.711;0.8653;0.38800418
0.899;0.125;0.617999;0.0;0.6108719
0.0;0.248999;0.319;1.0;0.5751151
1.0;0.98;1.0;1.0;0.50082386
1.0;0.512499;1.0;0.662999;0.5483705
0.412;0.8783;0.349499;0.344;0.3931421
0.471;0.923199;0.5662;1.0;0.3105718
1.0;0.668999;0.956299;0.435999;0.40008605
0.377;0.216999;0.295999;0.4681;0.4813689
0.429;0.521;0.353;0.188899;0.46917975
0.302999;0.575;0.619999;1.0;0.44453323
0.976999;0.409999;0.9733;0.3142;0.56259215
0.348;0.8855;0.5947;0.6533;0.42641938
0.570999;1.0;0.407299;1.0;0.30226886
1.0;0.841999;1.0;0.996;0.33903897
0.972;1.0;1.0;0.968499;0.3267902
1.0;0.424;0.731;0.387;0.46164572
0.337;0.304999;0.0;0.0;0.4752475
0.0;0.0;0.654499;0.301699;0.64627707
0.408;0.688;0.4809;0.6145;0.5296248
0.6153;0.884;0.5686;0.816499;0.4255551
0.777699;0.32;0.039;0.0275;0.50284445
0.030999;0.204099;0.727999;0.773899;0.5866784
0.9;0.6029;0.301999;0.6171;0.5435544
0.531;0.601999;1.0;0.5057;0.5601424
0.457999;0.323;0.421999;0.218599;0.5998868
0.203099;0.483999;0.5381;0.584699;0.55541575
0.7389;0.558999;0.0623;0.5146;0.49589455
0.412;0.523099;0.459599;0.0172;0.49574554
0.0;0.0;0.0;0.315799;0.54462135
0.314999;0.246;0.383;0.046199;0.59569657
0.054;0.363;0.469999;0.377899;0.5671042
0.397999;0.0;0.410899;0.5253;0.6753403
0.1653;0.642;0.407399;0.4805;0.52644193
0.8327;0.917;0.5587;1.0;0.4365939
1.0;0.528999;0.658;0.0964;0.520553
0.125;0.456999;0.616;0.7695;0.5069214
0.736999;0.624;0.724;0.522499;0.51490843
0.564999;0.474999;0.423999;0.542;0.5126077
0.554;0.399;0.6135;0.376;0.5663234
0.469999;0.697;0.386499;0.735099;0.46833932
0.564;0.585999;0.575;0.5953;0.46560943
0.609999;1.0;0.829999;0.905299;0.38603723
0.930999;0.040099;0.0;0.0;0.59588134
0.0;0.0;0.0;0.161999;0.6345111
0.250999;0.0;0.0;0.0;0.6813067
0.0;0.0;0.463999;0.561;0.7455963
0.518;0.617999;0.492;0.555999;0.6304461
0.587999;1.0;0.608999;0.988;0.47388256
1.0;0.578;0.4692;0.242999;0.5117434
0.129999;0.109999;0.592799;0.457999;0.6239313
0.465999;0.441;0.2719;0.407;0.58006823
0.519;1.0;0.8141;1.0;0.4601258
1.0;0.412999;1.0;0.665999;0.5468327
0.421999;0.510999;0.423;0.298999;0.52108943
0.370999;0.49;0.0;0.0;0.45232952
0.036;0.533999;0.521;1.0;0.41445673
1.0;0.853999;0.798;0.3709;0.42165697
0.347999;0.03;0.038999;0.1726;0.5329448
0.197999;0.655;0.736;0.785499;0.4865843
0.784999;0.427;0.7853;0.795;0.5366522
0.301;0.304999;0.494699;0.063999;0.5888778
0.576;1.0;0.4375;1.0;0.42225897
1.0;0.923;1.0;0.774799;0.40988505
0.844499;0.423;0.126199;0.0;0.48132122
0.091999;0.025999;0.3678;0.497999;0.5990702
0.417;0.447;0.0;0.056;0.52200735
0.042;0.0;0.9038;0.586999;0.69423497
0.384;0.536;0.287999;0.057;0.5928296
0.194999;0.543999;0.106099;0.3001;0.45471966
0.33;0.132;0.3534;0.544899;0.54477036
0.602999;0.555;0.629499;0.6047;0.5341071
0.584999;0.695999;0.7254;0.4033;0.5043882
0.43;0.274999;0.198599;0.282599;0.53824365
0.182;0.1066;0.572999;0.5314;0.6384748
0.481999;0.4144;0.307;0.3172;0.6020683
0.344999;0.576999;0.0;0.4402;0.45511305
0.581999;0.697;1.0;0.710599;0.47608197
0.6052;0.471;0.4542;0.299499;0.50115764
0.353799;0.109999;0.098799;0.3215;0.5717772
0.266999;0.95;0.711;1.0;0.43823302
1.0;0.378199;1.0;0.5276;0.5505997
0.584;0.5508;0.3228;0.305699;0.51522434
0.403999;0.881999;0.520199;0.9133;0.39531767
0.584;0.492;0.547;0.4741;0.44284046
0.734999;0.549;0.649299;0.614899;0.478639
0.536999;0.478999;0.459699;0.2755;0.5027729
0.231999;0.282199;0.0;0.0;0.49010098
0.011;0.0;0.642;0.4452;0.6437975
0.275999;0.366;0.347999;0.446299;0.59346735
0.512799;0.617999;0.1623;0.3971;0.47925293
0.430199;0.385999;0.6297;0.448799;0.5308348
0.417;0.658;0.045;0.8018;0.39105594
0.822;0.918;1.0;0.647;0.39225996
0.539599;0.319999;0.421899;0.361999;0.4749316
0.491399;0.228999;0.5779;0.549999;0.572415
0.332999;0.507;0.4512;0.281;0.53601444
0.534;0.498;0.3417;0.4368;0.5134183
0.447;0.631;0.5738;0.776899;0.46931684
0.73;0.863999;0.6435;0.946299;0.4093963
0.922999;0.643;0.191999;0.0;0.42984664
