<OPEN>;<HIGH>;<LOW>;<CLOSE>;(predicted -> )<CLOSE>

0.452;0.263999;0.373999;0.369;0.46817
0.326999;0.378999;0.248;0.239999;0.59489
0.287999;0.4;0.427999;0.664999;0.551485
0.67;0.537999;0.643999;0.507;0.525474
0.509;0.887999;0.606;0.850999;0.180911
0.855;0.649;0.863999;0.664999;0.193929
0.590999;0.629;0.498;0.561;0.134599
0.627;0.422999;0.482999;0.286999;0.357031
0.296999;0.266;0.167;0.116;0.634825
0.12;0.446999;0.467999;0.716;0.520062
0.695;0.548;0.592;0.57;0.465619
0.439999;0.499;0.631999;0.566;0.430667
0.7;0.564;0.609999;0.521999;0.410485
0.519999;0.479999;0.540999;0.505;0.428789
0.512;0.631999;0.527;0.659999;0.305974
0.661999;0.551;0.56;0.548;0.323098
0.542999;0.549999;0.475999;0.504999;0.321698
0.541;0.445;0.454;0.325;0.450277
0.305999;0.396;0.448;0.390999;0.514864
0.382;0.465;0.496;0.628;0.452971
0.623999;0.804;0.582999;0.828;0.201398
0.706;0.483999;0.732999;0.396999;0.346922
0.516999;0.43;0.288;0.484999;0.387042
0.481;0.443;0.192999;0.064999;0.611156
0.12;0.305;0.618;0.582;0.655698
0.578999;0.448999;0.349999;0.34;0.64553
0.311;0.363999;0.454;0.579999;0.630801
0.56;0.548;0.649;0.542;0.548934
0.538;0.491999;0.466999;0.460999;0.517606
0.478999;0.497;0.429;0.459;0.507301
0.449999;0.4;0.389;0.357999;0.59486
0.37;0.344;0.484;0.389;0.682455
0.378;0.652999;0.468999;0.656999;0.443637
0.647999;0.586999;0.655;0.673;0.37654
0.68;0.536;0.542999;0.402;0.415092
0.402999;0.42;0.457;0.6;0.42631
0.612;0.516999;0.393;0.332999;0.484651
0.169;0.514;0.42;0.620999;0.389105
0.765999;0.768;0.802999;0.721;0.254303
0.728;0.469;0.685;0.53;0.332278
0.524999;0.540999;0.561999;0.579;0.302696
0.583999;0.524999;0.575;0.488;0.338101
0.461;0.439;0.188;0.283999;0.43649
0.279999;0.377;0.522999;0.528999;0.513589
0.562;0.503999;0.552999;0.469;0.499886
0.455999;0.508;0.476;0.494;0.459438
0.45;0.734;0.522999;0.756;0.239264
0.808;0.774999;0.77;0.773;0.133061
0.799999;1.0;0.756999;1.0;-0.103486
1.0;1.0;1.0;1.0;-0.19784
1.0;0.460999;0.643999;0.101999;0.111162
0.104999;0.167999;0.515;0.691;0.308853
0.689999;0.839;0.645;0.835;0.088113
0.835;1.0;0.909999;1.0;-0.100291
1.0;0.494999;0.832;0.287999;0.143527
0.287999;0.377;0.44;0.646;0.202226
0.634999;0.541;0.393999;0.127;0.380408
0.13;0.245999;0.387;0.680999;0.46088
0.738999;0.64;0.772999;0.676;0.373411
0.602;0.855;0.556;0.747999;0.0990803
0.757999;1.0;0.759;0.762;-0.0884836
0.767;0.0;0.617999;0.254;0.437015
0.219999;0.314;0.271;0.350999;0.53429
0.384999;0.395;0.311;0.442999;0.579494
0.436;0.356;0.541;0.548999;0.625383
0.458;0.669999;0.619;0.764;0.385105
0.783;0.613;0.594;0.219999;0.446784
0.295999;0.364;0.415999;0.717999;0.433391
0.729999;0.894999;0.798999;0.778;0.194787
0.758;0.683;0.758;0.775999;0.120669
0.792999;0.832;0.723999;0.617;0.0212903
0.620999;0.301;0.210999;0.480999;0.227963
0.502;0.509999;0.743;0.294;0.409346
0.279;0.883;0.485999;1.0;0.046062
1.0;0.741999;1.0;0.363;0.14097
0.357999;0.131;0.019999;0.14;0.485229
0.134;0.425;0.59;0.478;0.535315
0.482999;0.308999;0.393;0.407;0.637441
0.425;0.456;0.476999;0.577999;0.57736
0.539999;0.712999;0.6;0.855;0.327116
0.887;1.0;0.811;0.872999;0.060379
0.921999;0.089999;0.658;0.287999;0.520455
0.245;0.547;0.576999;0.864;0.343704
0.845999;0.889999;0.794;0.857999;0.119072
0.85;0.806;0.690999;0.268;0.109052
0.286999;0.338;0.067999;0.24;0.312495
0.224;0.055999;0.436;0.35;0.698012
0.372;0.093;0.132;0.038999;1.07634
0.041999;0.078999;0.164;0.3;1.21468
0.285;0.32;0.242999;0.121;1.25336
0.147999;0.52;0.423;0.789999;0.869208
0.753;0.531999;0.816;0.46;0.801825
0.487;0.528;0.491;0.539999;0.636619
0.541;0.546999;0.565999;0.734999;0.503587
0.727999;1.0;0.600999;0.446999;0.224888
0.463;0.0;0.569;0.703;0.542199
0.68;0.640999;0.532;0.387;0.48055
0.391;1.0;0.144999;0.103;0.237399
0.097999;0.0;0.225999;0.274999;0.689798
0.284999;0.231999;0.414;0.338999;0.846618
0.338;0.350999;0.401;0.465;0.824731
0.457;0.635;0.0;0.037999;0.806933
0.110999;0.0;0.332999;0.308;1.12702
0.259;0.652999;0.655;0.764;0.717312
0.731;0.642;0.689999;0.567;0.542443
0.552;0.982999;0.603999;1.0;0.132828
1.0;0.48;0.747999;0.18;0.415331
0.185;0.302999;0.323;0.253;0.577509
0.251999;0.03;0.291;0.384;0.869864
0.384999;0.567999;0.277;0.285;0.76366
0.293;0.097999;0.460999;0.436999;0.964123
0.423999;0.670999;0.311999;0.706;0.610756
0.707999;0.72;0.887;0.506999;0.509756
0.504999;0.222999;0.192;0.101999;0.784969
0.115;0.162999;0.308;0.469999;0.894725
0.457999;0.685;0.277;0.381;0.661402
0.416;0.135999;0.573;0.41;0.897091
0.317999;0.564;0.332999;0.414999;0.692415
0.491;0.296;0.379;0.243;0.869911
0.222999;0.254999;0.391999;0.463999;0.883281
0.448;0.478;0.420999;0.384999;0.804001
0.375;0.523;0.462;0.437;0.694483
0.469999;0.461999;0.321999;0.408999;0.68165
0.381;0.637999;0.466999;0.954999;0.425052
0.977;0.877;1.0;0.823;0.258445
0.835;0.847999;0.92;0.749;0.0948245
0.634;0.483;0.373999;0.375;0.185441
0.701;1.0;0.427;0.222999;0.078624
0.000999;0.0;0.033999;0.0;0.636565
0.264;0.5;0.086999;0.060999;0.768125
0.284999;0.0;0.417999;0.962;0.891673
0.359;0.5;0.499;0.552999;0.694078
0.567;0.242;0.536;0.166;0.932931
0.176;0.309999;0.329;0.439;0.873672
0.421999;0.733;0.591999;0.963999;0.490218
0.984;0.732999;1.0;0.622999;0.404852
0.613999;0.444;0.356999;0.215;0.508332
0.213;0.478999;0.449;0.680999;0.432634
0.692999;0.664999;0.744999;0.683;0.335109
0.682;0.628999;0.631999;0.723999;0.240004
0.716;0.805;0.715;0.867;0.0847335
0.875;0.563;0.611399;0.410499;0.21187
0.408;0.4724;0.4876;0.4645;0.291579
0.448999;0.5116;0.679;0.524;0.329357
0.533;0.3836;0.408;0.4435;0.422149
0.448999;0.550399;0.433;0.422499;0.40341
0.368;0.585;0.440999;0.736799;0.274485
0.797999;0.588;0.698;0.5362;0.316667
0.495;0.464999;0.487;0.3259;0.403404
0.348599;0.2616;0.0;0.0;0.725018
0.0;0.018399;0.3456;0.264899;1.02522
0.250999;0.359999;0.297399;0.3609;0.948423
0.375999;0.461;0.582999;0.6092;0.787657
0.63;0.661299;0.624;0.785699;0.520545
0.7593;0.497;0.483699;0.2522;0.622093
0.269699;0.279699;0.2584;0.341999;0.744307
0.305;0.303;0.2479;0.259999;0.866359
0.281999;0.393899;0.580999;0.546999;0.795346
0.545;0.5633;0.536999;0.577;0.622123
0.577999;0.6068;0.6312;0.661099;0.479435
0.67;0.671999;0.5048;0.663899;0.333762
0.652999;0.466999;0.6895;0.398;0.465983
0.4046;0.599;0.338499;0.637299;0.313204
0.612;0.610999;0.8126;0.6051;0.323629
0.6351;0.5035;0.495899;0.3938;0.370621
0.371499;0.405499;0.3025;0.296799;0.491052
0.3168;0.438;0.4512;0.554699;0.485736
0.5413;0.365499;0.297799;0.2531;0.6383
0.2627;0.2347;0.3094;0.262799;0.823235
0.259999;0.256799;0.223599;0.4692;0.849777
0.488;0.5936;0.700899;0.595199;0.675261
0.585999;0.602399;0.5861;0.4615;0.544482
0.443899;0.431;0.247;0.5011;0.521099
0.5095;0.488;0.533;0.5424;0.527864
0.5467;0.5227;0.642099;0.539999;0.492173
0.544899;0.9803;0.6719;1.0;0.112867
1.0;0.720999;0.875999;0.378;0.181478
0.377499;0.534199;0.4531;0.826;0.110632
0.8294;0.4578;0.547899;0.167999;0.391322
0.2207;0.482999;0.5396;0.77;0.325
0.7317;0.68;0.634799;0.707999;0.220483
0.688699;0.526;0.5848;0.329999;0.33226
0.337299;0.294999;0.491499;0.401;0.492018
0.396;0.4679;0.4253;0.423999;0.488984
0.4391;1.0;0.411;0.583399;0.123983
0.551299;0.0;0.361;0.4166;0.558894
0.1023;0.3519;0.390999;0.3949;0.580525
0.7524;0.6471;0.7584;0.6141;0.479847
0.5914;0.738;0.574599;0.7834;0.247663
0.7699;0.600999;0.7867;0.482299;0.299936
0.524899;0.48;0.1903;0.4463;0.314784
0.5814;0.488999;0.660899;0.523099;0.426399
0.354599;0.359;0.0144;0.458;0.450694
0.4715;0.659999;1.0;0.651699;0.417172
0.648999;0.5043;0.577599;0.4743;0.381493
0.4926;0.6317;0.564;0.754899;0.245398
0.621299;0.478;0.5546;0.364399;0.361621
0.49;0.725999;0.5253;0.7467;0.187945
0.7488;0.563699;0.762299;0.5311;0.268709
0.522599;0.593299;0.4998;0.628799;0.196456
0.6184;0.492;0.3766;0.222999;0.361794
0.217199;0.173999;0.147199;0.366799;0.599491
0.3851;0.4846;0.6995;0.6275;0.552439
0.617199;0.7624;0.613999;0.694699;0.29146
0.698;0.579799;0.6126;0.4589;0.316625
0.4279;0.3922;0.440899;0.5681;0.375235
0.5838;0.538799;0.5266;0.357799;0.431704
0.3386;0.3542;0.441899;0.5349;0.483977
0.558999;0.577199;0.5552;0.584699;0.40785
0.582999;0.6426;0.611799;0.5051;0.335031
0.5384;0.443899;0.3;0.211499;0.47869
0.187999;0.447299;0.481999;0.4871;0.48412
0.5035;0.317;0.402499;0.5501;0.559878
0.5369;0.533999;0.5654;0.511899;0.516867
0.527799;0.436999;0.048499;0.015799;0.708031
0.0022;0.282;0.1205;0.255099;0.835275
0.315599;0.237;0.600999;0.7103;0.840723
0.6601;0.441199;0.5551;0.381399;0.814658
0.375;0.3744;0.188;0.161499;0.886857
0.1478;0.5116;0.5749;0.8045;0.651526
0.820099;0.4658;0.465599;0.3183;0.716042
0.2143;0.541199;0.4464;0.658299;0.530326
0.756299;0.6728;0.828099;0.7029;0.415748
0.7045;0.591999;0.577999;0.421199;0.390952
0.4285;0.383;0.4654;0.5663;0.446182
0.5595;0.495999;0.4046;0.278299;0.530159
0.1449;0.4355;0.259;0.716;0.424712
0.8342;0.520699;0.9645;0.434;0.549435
0.4615;0.552399;0.4315;0.554699;0.409525
0.536299;0.5534;0.315399;0.337299;0.433385
0.338799;0.640899;0.6404;0.689;0.322812
1.0;0.5982;0.6262;0.5456;0.346684
0.1681;0.455999;0.611599;0.6655;0.308692
0.679099;0.5329;0.5519;0.3748;0.35566
0.3668;0.549999;0.448499;0.743499;0.256758
0.738199;0.935499;0.7478;0.9186;0.030678
1.0;0.5095;0.720199;0.304499;0.252759
0.2083;0.377;0.515;0.592799;0.302493
0.5898;0.434999;0.393299;0.2755;0.443458
0.261199;0.356;0.3243;0.332799;0.556403
0.3551;0.3136;0.1694;0.3594;0.670415
0.3065;0.4784;0.694299;0.6584;0.585705
0.698;0.522999;0.575699;0.4232;0.552797
0.4494;0.384;0.091999;0.0668;0.736594
0.049499;0.239;0.3643;0.633499;0.751417
0.644;0.666899;0.6507;0.6511;0.539946
0.656199;0.5326;0.545;0.5816;0.477391
0.5679;0.5884;0.7409;0.562399;0.426202
0.549199;0.5411;0.548199;0.4217;0.408589
0.403199;0.546499;0.2987;0.7165;0.290334
0.7517;0.5249;0.4782;0.094799;0.524711
0.155;0.503599;0.321999;0.9283;0.350838
0.8678;0.701;0.978999;0.478099;0.368809
0.480599;0.361;0.4007;0.5754;0.38743
0.5709;0.709499;0.6933;0.5416;0.297051
0.515299;0.377199;0.466999;0.513599;0.383186
0.4505;0.5483;0.5514;0.403399;0.388902
0.485799;0.3303;0.3735;0.3185;0.556021
0.330199;0.4054;0.1751;0.3513;0.604528
0.3393;0.333299;0.515999;0.488799;0.681442
0.494199;0.542;0.4144;0.653;0.514423
0.5836;0.4465;0.2066;0.0;0.725913
0.0;0.1015;0.3047;0.425999;0.889104
0.4402;0.562899;0.692299;0.721;0.657534
0.8371;0.695599;0.661999;0.509;0.506883
0.363899;0.3779;0.448;0.443199;0.548124
0.3475;0.4966;0.3348;0.6223;0.44645
0.725099;0.663999;0.653199;0.564799;0.391238
0.5617;0.4691;0.567;0.593699;0.406426
0.5855;0.719899;0.4149;0.6097;0.246572
0.6053;0.3476;0.728099;0.222299;0.538146
0.359399;0.4372;0.426;0.5279;0.497287
0.4016;0.671199;0.503;0.567399;0.335967
0.5652;0.335999;0.201;0.146999;0.590568
0.138199;0.1107;0.427;0.4657;0.795984
0.474499;0.704299;0.484;0.686;0.488591
0.8374;0.51;0.4955;0.364399;0.575035
0.2025;0.266399;0.500499;0.382399;0.688177
0.429099;0.7826;0.451;0.9223;0.308346
0.950499;0.533999;0.8378;0.349999;0.464123
0.273;1.0;0.5452;1.0;0.0428433
0.841499;0.305499;0.848599;0.5;0.317919
0.854399;1.0;0.3944;1.0;-0.0472848
1.0;1.0;1.0;1.0;-0.0989919
1.0;0.287399;1.0;0.011899;0.360661
0.2553;0.216;0.058299;0.7944;0.365257
0.601999;0.695399;0.4739;0.0;0.488239
0.0;0.0;0.4549;0.5146;0.721079
0.391;0.388;0.618;0.393999;0.706195
0.632599;1.0;0.216;0.369099;0.313532
0.1974;0.0;0.453399;0.462;0.678521
0.512;0.6772;0.5754;0.6659;0.443601
0.667;0.772099;0.0;0.7376;0.173997
0.738;0.6943;1.0;0.599399;0.285273
0.589599;0.462999;0.6591;0.706;0.264745
0.4517;0.532;0.406099;0.192299;0.33307
0.4467;0.398;0.3751;0.7352;0.363326
0.732799;0.504999;0.499499;0.2498;0.521975
0.244199;0.317799;0.3742;0.483799;0.578588
0.488199;0.6214;0.5623;0.561399;0.449484
0.5618;0.3738;0.701799;0.5115;0.541025
0.499899;0.717399;0.4146;0.487299;0.337249
0.5091;0.3958;0.505;0.484999;0.450581
0.474999;0.4437;0.2633;0.223399;0.55927
0.23;0.1681;0.317699;0.3945;0.756198
0.3902;0.534999;0.5151;0.5623;0.610452
0.4964;0.402999;0.5863;0.5255;0.612151
0.395399;0.6801;0.318199;0.611499;0.358819
0.817;1.0;0.7346;0.436999;0.18481
0.435;0.0;0.486199;0.5281;0.54084
0.530999;0.451099;0.3026;0.220399;0.638347
0.218;0.2839;0.193399;0.4135;0.722753
0.4041;0.353;0.7811;0.518499;0.759315
0.3226;0.711999;0.0441;0.6738;0.364702
0.879299;0.6339;0.905899;0.457;0.474596
0.4465;0.928399;0.5316;1.0;0.0871415
1.0;0.8447;1.0;0.840399;0.0372524
0.861699;0.494399;0.853;0.4207;0.195652
0.4033;0.3446;0.574999;0.551099;0.306534
0.253899;1.0;0.082399;1.0;-0.140757
1.0;0.8229;1.0;0.6249;-0.0224833
0.622399;0.567599;0.697099;0.2712;0.108093
0.5542;0.686499;0.0;0.962399;-0.0784044
0.728999;0.636;1.0;0.63;0.123429
0.643;0.256;0.6175;0.548;0.307112
0.662999;0.662999;0.717999;0.611999;0.242835
0.375;0.713;0.0;0.7385;-0.00555563
0.8092;0.571;0.559399;0.0;0.353538
0.0;0.235399;0.4636;0.442599;0.495529
0.4247;0.5533;0.534399;0.8095;0.330024
0.8211;0.372299;0.6026;0.2485;0.56467
0.239699;0.1367;0.416;0.414;0.745516
0.312899;0.863299;0.267999;0.5331;0.349879
0.635399;0.616;0.623;0.921799;0.268262
0.933;0.5294;0.799399;0.3772;0.412178
0.3714;0.320599;0.343499;0.5672;0.45253
0.5716;0.5184;0.3622;0.070899;0.60811
0.057999;0.0526;0.5319;0.4688;0.81734
0.405499;0.787599;0.4489;0.5352;0.454294
0.6;0.271999;0.3243;0.559799;0.592452
0.5735;0.5014;0.463899;0.2874;0.66213
0.287999;0.488799;0.5799;0.580399;0.564038
0.567399;0.401199;0.375299;0.378599;0.617676
0.412599;0.394;0.6679;0.5116;0.648713
0.45;0.434999;0.466799;0.457999;0.605446
0.477499;0.56;0.0;0.2192;0.584661
0.238599;0.5883;1.0;0.7935;0.506931
0.7969;0.501299;0.670099;0.384799;0.49957
0.378;0.9634;0.4577;1.0;0.076204
1.0;0.488;0.875499;0.392999;0.323611
0.487;0.403999;0.7273;0.5064;0.412166
0.232599;0.369999;0.0;0.0;0.600141
0.0;0.0;0.335;0.4215;0.885128
0.4459;0.564499;0.5799;0.6043;0.673067
0.597;0.6145;0.399299;0.378;0.568079
0.370999;0.268;0.2528;0.145399;0.82609
0.1271;0.0361;0.49;0.4263;1.02379
0.423899;0.7759;0.0;0.302999;0.685566
0.491;0.552999;1.0;0.8261;0.613075
0.676;0.336999;0.760899;0.488599;0.652283
0.452999;0.731;0.3504;0.561;0.376772
0.5629;0.423999;0.52;0.337499;0.536882
0.2941;0.213999;0.655;0.531799;0.665766
0.581999;0.462;0.562999;0.501;0.623363
0.499;0.601999;0.0;0.427;0.492036
0.500999;0.398;1.0;0.573;0.647383
0.499;0.601999;0.0;0.427;0.44825
0.457;0.358;1.0;0.3307;0.69155
0.322;0.3635;0.2772;0.155899;0.740939
0.132999;0.445299;0.459;0.5392;0.628811
0.542;0.6392;0.567399;0.7413;0.424355
0.755;0.430999;0.786899;0.623899;0.498169
0.727999;0.587;0.7747;0.616999;0.431704
0.3685;0.545999;0.0;0.1217;0.452792
0.262499;0.195999;1.0;0.3476;0.761151
0.342;0.387999;0.403999;0.5381;0.644868
0.518999;0.619;0.408799;0.548499;0.492149
0.574999;0.6463;0.768799;0.6541;0.400203
0.659;0.352699;0.6762;0.538;0.506103
0.457699;0.930999;0.4753;0.803599;0.12955
0.8903;0.416;0.6552;0.4159;0.372087
0.387;0.540999;0.503999;0.544;0.332474
0.550999;0.499;0.512499;0.457299;0.381624
0.469;0.4812;0.3677;0.2849;0.464498
0.227;0.296799;0.488;0.660299;0.511443
1.0;0.815;0.507999;0.3439;0.40521
0.049999;0.267399;0.3924;0.3902;0.531154
0.396;0.3436;0.125599;0.147399;0.704425
0.116999;0.290999;0.509799;0.595599;0.714248
0.635;0.494;0.5499;0.602499;0.618863
0.590999;0.415;0.6733;0.4704;0.652831
0.5786;0.591999;0.274099;0.4052;0.541567
0.2914;0.9082;0.5606;1.0;0.187694
1.0;0.519799;0.945799;0.387999;0.368767
0.295;0.585;0.4395;0.493;0.258064
0.567999;0.5707;0.652999;0.670099;0.249677
0.66;0.380299;0.7113;0.526899;0.395709
0.527999;0.488;0.4797;0.449;0.412136
0.448999;0.533999;0.113;0.215199;0.466716
0.173;0.225999;0.249499;0.177399;0.751846
0.225;0.1418;0.380299;0.4672;0.886118
0.458999;0.520399;0.5392;0.551399;0.717985
0.557;0.7458;0.5422;0.7629;0.417762
0.67;0.484999;0.7648;0.4699;0.482571
0.6364;0.5987;0.4377;0.596499;0.368154
0.529599;0.7423;0.623899;0.5354;0.257647
0.530999;0.368;0.0;0.084899;0.507128
0.075;0.0;0.768299;0.0;1.02035
0.006999;0.136;0.2467;0.3177;1.05148
0.286;0.141399;0.467999;0.4587;1.11239
0.513199;0.657;0.539999;0.526899;0.806707
0.5018;0.851999;0.4599;0.8136;0.39407
0.813;0.7559;0.913199;0.649799;0.315225
0.655999;0.747199;0.5613;0.8868;0.113248
0.878299;0.627399;0.9485;0.612699;0.204873
0.5297;0.3417;0.563099;0.4772;0.338059
0.573699;0.6274;0.0;0.3868;0.283014
0.4863;0.643;1.0;0.350299;0.407463
0.241;0.0;0.3217;0.295999;0.701928
0.292;0.278299;0.042999;0.267;0.832766
0.256999;0.4071;0.423099;0.399;0.820505
0.4021;0.198;0.8023;0.497299;0.917333
0.2359;0.23;0.2436;0.2366;0.976777
0.506;0.710699;0.366099;0.6173;0.655353
0.622999;0.5422;0.3786;0.178899;0.725084
0.18;0.185099;0.408999;0.416399;0.850295
0.411999;0.525;0.5319;0.7104;0.635951
0.707;0.674999;0.514399;0.401399;0.52514
0.396;0.226999;0.583;0.506599;0.680649
0.372;0.666;0.2468;0.2278;0.543397
0.372;0.313;0.502199;0.6317;0.620931
0.633;0.570999;0.637;0.633699;0.5207
0.628;0.691299;0.626;0.6021;0.369477
0.606999;0.470199;0.587299;0.5441;0.411063
0.5306;0.4425;0.544699;0.4936;0.461632
0.3414;0.335999;0.381;0.375;0.55378
0.533999;0.6032;0.280099;0.3241;0.510793
0.326;0.2646;0.3182;0.361999;0.689965
0.358599;0.3502;0.234099;0.3903;0.735437
0.3984;0.427;0.492599;0.2481;0.792175
0.250999;0.309799;0.47;0.5454;0.757402
0.557;0.5022;0.6128;0.5681;0.649827
0.547;0.649;0.365099;0.560299;0.45402
0.567;0.512999;0.423;0.236699;0.562798
0.245999;0.3278;0.496099;0.5655;0.599616
0.559;0.550799;0.537399;0.474499;0.528037
0.478999;0.4917;0.393599;0.465299;0.503361
0.457;0.3117;0.624;0.5277;0.616359
0.385999;0.353999;0.379999;0.347999;0.665628
0.51;0.557;0.29;0.439;0.5894
0.427999;0.466999;0.463999;0.467999;0.598269
0.475;0.4896;0.609999;0.4946;0.569659
0.470999;0.5107;0.490499;0.5454;0.486987
0.557;0.6768;0.5615;0.607799;0.345498
0.5936;0.409899;0.634;0.5902;0.421678
0.593399;0.481;0.616;0.500999;0.444287
0.5;0.679;0.2909;0.3374;0.343221
0.332;0.291199;0.445099;0.419599;0.531041
0.41;0.4288;0.312;0.32;0.587463
0.347999;0.45;0.439999;0.727;0.506764
0.729999;0.507999;0.670999;0.448799;0.549501
0.407;0.4143;0.494;0.400199;0.570142
0.424999;0.695399;0.423999;0.613399;0.353288
0.621;0.535299;0.552;0.4796;0.391095
0.491999;0.433799;0.4179;0.403999;0.467556
0.393;0.4622;0.578099;0.674999;0.43438
0.67;0.559899;0.366;0.246;0.479072
0.257199;0.206099;0.578;0.564;0.629287
0.5084;0.517;0.048999;0.093;0.672125
0.138399;0.270699;0.5013;0.604199;0.724297
0.615;0.557299;0.481699;0.2708;0.688076
0.2672;0.4621;0.445;0.628;0.568932
0.632799;0.3609;0.369;0.324399;0.70461
0.324;0.247;0.607999;0.488599;0.798767
0.447299;0.609999;0.329;0.5947;0.545108
0.625699;0.634;0.71;0.4983;0.484871
0.45;0.606;0.533;0.661;0.336891
0.7134;0.817;0.537799;0.560399;0.181502
0.577599;0.186;0.2114;0.0196;0.638294
0.0;0.018999;0.523199;0.542;0.849419
0.4849;0.859999;0.4506;0.8076;0.382345
0.9041;0.564;0.402;0.056399;0.587129
0.103;0.222999;0.466;0.5369;0.689041
0.459999;0.385;0.432;0.4131;0.696402
0.408;0.536999;0.503999;0.589999;0.556004
0.552;0.356999;0.658;0.477;0.633531
0.5625;0.63;0.437999;0.589499;0.451588
0.5465;0.625999;0.58;0.6025;0.364452
0.631;0.518;0.608999;0.495699;0.396126
0.465;0.574999;0.505;0.647299;0.3035
0.663999;0.5714;0.683999;0.532;0.324302
0.548;0.556599;0.553;0.536999;0.301909
0.493299;0.3914;0.1;0.305;0.436252
0.3037;0.3401;0.578999;0.529499;0.561541
0.544999;0.933499;0.586;0.9435;0.170695
0.911;0.53;0.836999;0.544;0.28454
0.576999;0.684;0.661999;0.417999;0.225466
0.407;0.399;0.532;0.652;0.281286
0.600999;0.521999;0.378;0.253999;0.38138
0.314799;0.314;0.085999;0.112;0.637692
0.2732;0.288699;0.41;0.586999;0.702923
0.506999;0.383299;0.451999;0.245;0.793701
0.189;0.499299;0.388999;0.745999;0.561386
0.749;0.4537;0.776;0.515;0.613075
0.460999;0.482999;0.603999;0.497;0.545209
0.527;0.7118;0.344;0.5748;0.331586
0.57;0.581199;0.713999;0.700899;0.319188
0.699999;0.648499;0.572;0.3573;0.310808
0.3417;0.3215;0.352999;0.426;0.448131
0.450299;0.368;0.452;0.427999;0.55623
0.429;0.374;0.556999;0.524;0.591713
0.467999;0.704;0.307;0.6687;0.334995
0.668;0.491999;0.676;0.3063;0.498944
0.369;0.347999;0.414;0.523899;0.534713
0.509999;0.5461;0.531999;0.5371;0.473332
0.521;0.612899;0.628999;0.631099;0.364989
0.686999;0.505;0.635;0.5099;0.396424
0.3699;0.447;0.332999;0.436999;0.406014
0.530099;0.472999;0.408999;0.35;0.496423
0.376;0.445999;0.474;0.593;0.480157
0.537599;0.5281;0.568999;0.523999;0.44803
0.5204;0.606899;0.460999;0.486;0.366812
0.538699;0.405;0.653;0.561;0.457245
0.505899;0.624;0.430999;0.516999;0.33937
0.5343;0.537999;0.545;0.457;0.37415
0.4791;0.353999;0.381999;0.356999;0.515937
0.381999;0.5121;0.485999;0.6276;0.441771
0.606;0.7119;0.59;0.6768;0.280106
0.604999;0.408;0.676;0.4416;0.416314
0.403199;0.783;0.169999;0.777999;0.106894
0.8328;0.522999;0.6553;0.514;0.292473
0.555;0.622999;0.361499;0.5574;0.224602
0.597999;0.392;0.8962;0.230599;0.506883
0.158999;0.267;0.396999;0.438;0.543886
0.505;0.392999;0.541;0.497;0.578755
0.449999;0.5961;0.392999;0.589799;0.420325
0.612;0.594899;0.637;0.4342;0.424116
0.530999;0.875;0.401;0.930999;0.0944669
0.854999;0.544;0.784799;0.564;0.239103
0.55;0.866999;0.7252;0.968;0.012141
1.0;0.591999;1.0;0.558999;0.143951
0.386099;0.533999;0.343699;0.383;0.139898
0.4649;0.298;0.25;0.2243;0.441771
0.249;0.5989;0.459;0.865699;0.283789
0.672999;0.5441;0.769999;0.4042;0.365132
0.577;0.677999;0.538;0.7368;0.200331
0.798999;0.457;0.808;0.439;0.383669
0.586999;0.8;0.533999;0.686999;0.159317
0.492;0.446999;0.548;0.652999;0.224673
0.640999;0.782;0.533999;0.697;0.0727529
0.734;1.0;0.893;1.0;-0.0989919
1.0;0.744999;1.0;1.0;-0.103671
1.0;0.4564;1.0;0.549999;0.0984187
0.506999;0.445999;0.516999;0.448999;0.181502
0.508;1.0;0.3777;0.5361;-0.0696366
0.454999;0.137;0.0;0.0;0.461614
0.0;0.0;0.082;0.0;0.989216
0.241;0.0;0.375999;0.415999;1.21093
0.611999;0.740499;0.561999;0.541;0.819843
0.3776;0.3818;0.623;0.525999;0.753211
0.4994;1.0;0.265999;0.698;0.247651
0.661;0.353999;0.0;0.901;0.311928
0.884;0.506;1.0;0.076999;0.678527
0.269999;0.355;0.542999;0.673;0.579941
0.5527;0.564;0.0;0.4788;0.445789
0.4483;0.413999;1.0;0.562199;0.590485
0.573999;0.586;0.314999;0.204;0.513976
0.213;0.659399;0.482;0.78;0.313979
0.774;0.6272;0.795999;0.783999;0.269168
0.802999;0.946399;0.784999;0.84;0.0311191
0.802;0.7586;0.823999;0.567399;0.0243122
0.53;0.000399;0.551;0.4236;0.436413
0.5022;0.491;0.0;0.403999;0.426977
0.311799;0.4155;1.0;0.024999;0.712311
0.080999;0.109499;0.439999;0.542999;0.747728
0.557;0.576;0.639;0.642;0.565803
0.622999;1.0;0.335999;0.228999;0.279813
0.254;0.0;0.473999;0.569;0.628989
0.576099;0.727;0.0;0.436999;0.421446
0.4329;0.274999;1.0;0.106999;0.807076
0.123999;0.25;0.407;0.416499;0.784009
0.389;0.457899;0.384999;0.2655;0.769823
0.271999;0.2341;0.474;0.611499;0.792425
0.597;0.446999;0.549999;0.3945;0.783908
0.410499;0.705;0.3359;0.838699;0.436645
0.8282;0.519999;0.588099;0.1523;0.63883
0.177;0.231999;0.224;0.255;0.804197
0.240299;0.1955;0.367999;0.427999;0.911468
0.416;0.421599;0.493;0.4018;0.851368
0.381999;0.3759;0.561;0.532199;0.785797
0.5921;0.5794;0.381;0.5471;0.616157
0.499899;0.5878;0.391999;0.3889;0.555521
0.335;0.4328;0.397;0.257;0.639414
0.320399;0.152;0.006;0.012099;1.0157
0.000599;0.095199;0.407999;0.360599;1.14227
0.373;0.256799;0.514;0.4933;1.08537
0.446999;0.427;0.466;0.454999;0.949066
0.49;1.0;0.353999;1.0;0.361347
1.0;0.584299;1.0;0.668399;0.445389
0.669;0.6077;0.648;0.516599;0.366795
0.497999;0.401499;0.427999;0.495699;0.435841
0.506;0.4425;0.325099;0.1402;0.615197
0.109;0.230999;0.5239;0.5941;0.678581
0.534399;0.5896;0.430999;0.4538;0.539612
0.5536;0.586399;0.62;0.683399;0.434565
0.687999;0.698999;0.558999;0.4795;0.337642
0.481999;0.6023;0.494999;0.651499;0.263243
0.503;0.3216;0.474;0.314799;0.481766
0.485;0.3061;0.603999;0.527999;0.602632
0.520299;0.690899;0.010999;0.0;0.575649
0.003699;0.0279;0.475;0.527799;0.820964
0.481;0.492199;0.388;0.3552;0.728648
0.372;0.305399;0.462999;0.564;0.740122
0.524999;0.6279;0.427;0.624199;0.526404
0.563;0.4497;0.757;0.5508;0.564461
0.5632;0.6496;0.387999;0.600999;0.373619
0.683799;0.544399;0.707;0.4382;0.453269
0.427;0.459;0.4564;0.4078;0.470793
0.413;0.6646;0.457599;0.680999;0.293761
0.643999;0.526399;0.643999;0.709499;0.298893
0.735999;0.511;0.756999;0.5225;0.367796
0.538899;0.582;0.337;0.52;0.293374
0.4711;0.546999;0.650999;0.515999;0.335311
0.616;0.748;0.609999;0.704;0.17296
0.640999;0.606999;0.637;0.515;0.192749
0.507999;0.4491;0.562;0.490899;0.285971
0.496;0.379899;0.39;0.5481;0.366508
0.494399;0.6062;0.582999;0.519999;0.325089
0.5776;0.810599;0.351799;0.828299;0.0725085
0.826;0.6682;1.0;0.660699;0.162148
0.655999;0.823099;0.466;0.873;-0.0712042
0.870599;0.5889;0.906999;0.314999;0.161653
0.3304;0.388999;0.539;0.569;0.230425
0.448499;0.554;0.452999;0.540999;0.209122
0.6535;0.497999;0.4115;0.4164;0.314396
0.414;0.4767;0.0;0.559599;0.30381
0.603999;0.4519;1.0;0.3042;0.561702
0.228999;0.4814;0.439;0.5898;0.402146
0.603999;0.56;0.761;0.75;0.335496
0.5349;0.497;0.394599;0.132999;0.442826
0.3641;0.574999;0.4975;0.816;0.319278
0.552;0.462;0.448499;0.3639;0.411635
0.63;0.525999;0.3933;0.522099;0.421774
0.259999;0.5187;0.179699;0.076;0.518226
0.161999;0.0;0.5254;0.551;0.793582
0.4817;0.587;0.437999;0.518;0.595694
0.683299;0.825;0.0;0.5527;0.324958
0.632;0.766999;1.0;0.904499;0.294482
0.914999;0.701999;0.6173;0.299999;0.270432
0.176;0.044;0.298999;0.4338;0.553363
0.395999;0.253999;0.558;0.311;0.743669
0.4543;0.698999;0.369199;0.499699;0.493377
0.5097;0.302;0.0;0.4543;0.618922
0.480999;0.542999;1.0;0.541999;0.635617
0.504;0.535999;0.356;0.462;0.48474
0.266999;0.402;0.4778;0.367399;0.546485
0.572;0.343;0.5732;0.4726;0.646519
0.490099;0.610999;0.385999;0.6386;0.46069
0.6099;0.558;0.688;0.6824;0.420701
0.548999;0.512;0.487;0.565999;0.378251
0.470999;0.572;0.6293;0.3227;0.402081
0.6;0.503;0.429699;0.6903;0.355756
0.582999;0.430999;0.698;0.463999;0.474613
0.497;0.417999;0.564999;0.481;0.504839
0.511;0.709;0.32;0.689;0.277286
0.485799;0.527;0.3407;0.0;0.490438
0.1922;0.232999;0.447299;0.535299;0.617003
0.542;0.491;0.472999;0.7081;0.506025
0.505;0.582;0.571199;0.4493;0.449568
0.647999;0.494999;0.594799;0.371699;0.515735
0.442;0.497;0.336;0.5033;0.470668
0.715;0.576;0.653299;0.626199;0.451517
0.579999;0.594;0.5919;0.7615;0.328254
0.337;0.456;0.0;0.406999;0.309157
0.407999;0.403999;0.9622;0.445999;0.512587
0.467;0.427;0.510999;0.344;0.518238
0.4923;0.948;0.492;1.0;0.119417
0.895699;0.692;0.974499;0.4707;0.203788
0.632999;0.475999;0.5165;0.584299;0.239145
0.489;0.408999;0.458999;0.238399;0.438338
0.312999;0.517;0.472999;0.559;0.391036
0.773;0.407;0.578;0.605599;0.487369
0.505;0.514999;0.0;0.625;0.37322
0.315999;0.587;1.0;0.466;0.430566
0.539;0.488999;0.4735;0.521;0.355195
0.472999;0.584;0.393;0.353999;0.348848
0.335;0.201;0.2774;0.2059;0.656133
0.411999;0.189999;0.628599;0.5121;0.82066
0.4507;0.823999;0.4757;0.534599;0.451302
0.5993;0.339;0.342399;0.3894;0.60389
0.219699;0.326999;0.392699;0.571999;0.608909
0.7803;0.673;0.6073;0.428;0.530636
0.219699;0.326999;0.392699;0.571999;0.529372
0.7293;0.533999;0.5162;0.261;0.61208
0.25;0.485999;0.442999;0.4482;0.553345
0.467999;0.317;0.576;0.6098;0.606214
0.5134;0.643;0.513399;0.4791;0.453382
0.576599;0.655;0.4526;0.6509;0.319749
0.634;0.596;0.363999;0.572999;0.292754
0.573;0.503;0.828;0.564;0.385981
0.579999;0.518;0.538999;0.342;0.408691
0.335999;0.436999;0.522;0.726999;0.369846
0.761;0.5;0.765999;0.536;0.430685
0.325;0.420999;0.0807;0.1648;0.504314
0.348999;0.484999;0.372;0.361899;0.561875
0.363999;0.317;0.3461;0.3277;0.697678
0.323;0.511;0.5482;0.7087;0.543326
0.71;0.617999;0.653399;0.6;0.43776
0.597;0.484999;0.6563;0.5009;0.463247
0.4814;0.497;0.3973;0.4452;0.444895
0.4726;0.559;0.455399;0.4508;0.425797
0.442999;0.466;0.514;0.552599;0.433367
0.5468;0.421999;0.374399;0.311299;0.542032
0.302199;0.387999;0.5065;0.6081;0.539898
0.616;0.411;0.6077;0.494;0.589299
0.425899;0.878999;0.439299;0.7321;0.221657
0.8121;0.513;0.7389;0.500999;0.351756
0.500999;0.387999;0.4158;0.3664;0.461775
0.361;0.542999;0.299999;0.400499;0.430798
0.376999;0.332;0.259;0.1804;0.651764
0.195999;0.052999;0.5272;0.575599;0.83667
0.499;0.4697;0.4438;0.420999;0.739562
0.495;0.655299;0.476899;0.5163;0.54304
0.644999;0.559;0.4566;0.5909;0.479197
0.4827;0.571999;0.6631;0.523199;0.437963
0.521299;0.658999;0.5604;0.8636;0.24392
0.749;0.744;0.698099;0.716999;0.141829
0.734999;0.473999;0.8169;0.430999;0.301289
0.517;0.970999;0.451;0.846699;-0.0393217
0.853;0.49;0.764899;0.3359;0.223934
0.332999;0.364;0.5037;0.6041;0.295001
0.611999;0.533999;0.4525;0.386899;0.349944
0.3714;0.405999;0.3909;0.515099;0.41086
0.5306;0.409999;0.637699;0.5623;0.482881
0.4586;0.5122;0.2253;0.2068;0.508689
0.293399;0.3588;0.284999;0.6006;0.534665
0.6038;0.436399;0.64;0.4369;0.611066
0.438299;0.6386;0.337899;0.319;0.481057
0.3229;0.294999;0.4701;0.3808;0.628572
0.3776;0.226;0.561;0.506899;0.729256
0.504399;0.485999;0.502;0.5;0.637221
0.481999;0.817;0.402699;0.6811;0.314408
0.7025;0.479999;0.718299;0.422899;0.45256
0.426499;0.7348;0.0;0.0219;0.404602
0.024;0.0;0.241599;0.2361;0.840681
0.258;0.561;0.378;0.64;0.612902
0.619;0.35;0.8044;0.561999;0.692939
0.519399;0.689999;0.374099;0.5806;0.433796
0.6226;0.59;0.563299;0.357199;0.473946
0.344999;0.491999;0.5192;0.5017;0.452584
0.516999;0.728999;0.441099;1.0;0.192081
0.905;0.957;0.9232;0.753;0.052541
0.862;0.288;0.944699;0.493;0.335919
0.5739;0.689999;0.421999;0.510999;0.203943
0.506099;0.384999;0.309;0.281;0.419515
0.3232;0.402;0.524999;0.528399;0.481307
0.451799;0.585999;0.519199;0.689599;0.341075
0.623;0.453;0.5478;0.359;0.45191
0.419999;0.357999;0.567;0.485999;0.537598
0.4539;0.575;0.454999;0.484999;0.439012
0.5381;0.508;0.402999;0.481;0.4372
0.43;0.382999;0.432;0.397599;0.5351
0.433999;0.498;0.456;0.5448;0.484365
0.547;0.722799;0.491999;0.7216;0.280129
0.710999;0.4392;0.869999;0.485999;0.432622
0.484899;0.68;0.374;0.694;0.21066
0.6861;0.486999;0.665999;0.402;0.366616
0.429;0.686;0.442;0.722999;0.188738
0.704999;0.527;0.683;0.5345;0.284957
0.536;0.615;0.616;0.5045;0.250941
0.524999;0.396;0.524;0.437999;0.377267
0.439299;0.475999;0.373;0.4178;0.40704
0.3997;0.469;0.436999;0.5572;0.408422
0.567999;0.524999;0.502;0.49;0.416117
0.458;0.445999;0.39;0.332;0.493782
0.318999;0.279;0.338999;0.266999;0.677269
0.3261;0.369;0.518999;0.516;0.67417
0.4801;0.604799;0.451;0.581599;0.490206
0.594799;0.4749;0.504199;0.5114;0.50624
0.486199;0.579299;0.5838;0.545;0.429099
0.5638;0.405;0.286;0.253;0.565969
0.241;0.35;0.501999;0.542899;0.60262
0.554;0.425999;0.614;0.520099;0.604408
0.460799;0.5261;0.340999;0.4777;0.508558
0.5302;0.5249;0.555;0.5413;0.493037
0.552;0.59;0.430999;0.298999;0.482964
0.341;0.355999;0.423;0.592799;0.521874
0.543999;0.5228;0.525999;0.415399;0.519168
0.402;0.397199;0.5681;0.5998;0.519382
0.5069;0.625;0.5148;0.614;0.367909
0.558099;0.48;0.2475;0.247599;0.472545
0.405;0.328899;0.374599;0.4377;0.617682
0.453;0.517099;0.691;0.614699;0.54118
0.601999;0.503999;0.0;0.378;0.500148
0.413;0.48;1.0;0.536;0.590848
0.534999;0.442;0.5956;0.445;0.541526
0.4102;0.558;0.381;0.646;0.389319
0.641799;0.53;0.588999;0.402999;0.454598
0.367;0.491;0.464999;0.436999;0.444376
0.485999;0.652;0.477;0.807;0.269025
0.813;0.574999;0.49;0.277;0.388836
0.303999;0.238;0.654999;0.497;0.572007
0.446;0.413;0.504;0.494;0.549942
0.464999;0.580999;0.387999;0.527099;0.429725
0.57;0.533;0.539999;0.483899;0.44381
0.475999;0.471;0.347;0.403;0.473058
0.402;0.455199;0.472999;0.528599;0.485712
0.542999;0.5848;0.661999;0.556399;0.419235
0.585;0.497999;0.5769;0.618;0.387632
0.512999;0.433;0.567099;0.439;0.455641
0.067;0.471;0.0;0.218;0.439006
0.742;0.458299;0.784999;0.637;0.558817
0.559999;0.5227;0.521;0.534899;0.487351
0.532;0.53;0.57;0.4286;0.486129
0.405;0.570999;0.48;0.654499;0.362062
0.719999;0.485;0.680199;0.565;0.42327
0.488999;0.662999;0.1428;0.132999;0.400835
0.147;0.055999;0.451599;0.4538;0.714665
0.466999;0.429;0.403999;0.4566;0.675708
0.354999;0.680999;0.5184;0.623399;0.438016
0.828;0.51;0.6448;0.5992;0.467634
0.475999;0.433199;0.592199;0.442;0.513148
0.472;0.655699;0.3631;0.6291;0.325715
0.616499;0.6421;0.7226;0.704899;0.277543
0.7135;1.0;0.658299;1.0;-0.0302439
1.0;0.7177;0.936999;0.716099;0.0243003
0.713999;0.842199;0.815;0.6015;-0.0590925
0.631;0.436199;0.712399;0.643599;0.0791962
0.361699;0.491999;0.099499;0.0;0.265145
0.247199;0.085;0.4027;0.4714;0.614654
0.4621;0.4541;0.2905;0.270299;0.667345
0.271999;0.300899;0.501899;0.597999;0.68857
0.6;0.734;0.6098;0.7746;0.405716
0.750999;0.516999;0.814399;0.4983;0.453627
0.5302;0.827;0.3888;0.8046;0.133573
0.7923;0.728499;0.832999;0.6428;0.141692
0.648499;0.745199;0.684699;0.8446;0.0185604
0.875;0.5443;0.572299;0.195;0.230145
0.158999;0.349;0.337;0.625;0.289195
0.64;0.570999;0.829999;0.509;0.343108
0.594999;0.424199;0.298;0.399699;0.40735
0.302999;0.408799;0.428999;0.3669;0.507479
0.3738;0.2929;0.3092;0.356;0.646603
0.3472;0.4611;0.079699;0.035399;0.774747
0.037999;0.207499;0.5411;0.714;0.783032
0.75;0.4315;0.738;0.525999;0.748163
0.644;0.644;0.2076;0.268;0.629442
0.108999;0.6126;0.535399;0.994;0.389695
1.0;0.915599;0.8667;0.807099;0.169593
0.811;0.421799;0.321199;0.0;0.460463
0.0;0.075;0.2871;0.524999;0.672316
0.614;0.429;0.734999;0.4325;0.721645
0.406799;0.482899;0.369999;0.384799;0.637334
0.3162;0.4051;0.4786;0.547899;0.608521
0.558999;0.767199;0.5294;0.8408;0.315541
0.837899;0.51;0.584299;0.230199;0.491142
0.2321;0.292699;0.4127;0.5923;0.541144
0.451;0.371099;0.578;0.384999;0.625437
0.444;0.424;0.451;0.418;0.621229
0.562799;0.744999;0.457599;0.565099;0.400513
0.4952;0.417499;0.456399;0.4105;0.492894
0.407999;0.3655;0.464;0.438899;0.570344
0.447;0.460999;0.387899;0.388599;0.57879
0.396999;0.402499;0.3651;0.4274;0.612771
0.416;0.3945;0.594999;0.561499;0.621151
0.468999;0.402999;0.468999;0.402999;0.641024
0.5472;0.6287;0.356;0.488;0.502127
0.4176;0.4059;0.46;0.536999;0.535821
0.549199;0.6334;0.5898;0.561899;0.421303
0.591;0.744499;0.590399;0.8246;0.214046
0.8012;0.5348;0.6298;0.3175;0.351625
0.325899;0.284799;0.589999;0.486999;0.495195
0.547899;0.6079;0.444;0.558;0.375401
0.484999;0.485999;0.405999;0.488;0.397729
0.437;0.8546;0.547;0.8738;0.125086
0.930999;1.0;0.901999;0.955199;-0.0543182
0.930999;0.5624;0.983;0.6249;0.0758822
0.64;0.456699;0.652;0.442099;0.193434
0.4896;0.8659;0.469;0.608699;-0.000870705
0.574399;0.464999;0.586999;0.7263;0.110119
0.715;0.8432;0.667;0.8314;-0.0352089
0.833999;1.0;0.853;0.947699;-0.181491
0.958;0.616799;0.954;0.4248;-0.00558543
0.424999;0.1232;0.517499;0.5501;0.268781
0.418799;0.812899;0.398499;0.799199;0.0224466
0.9306;0.831099;0.883;0.797399;-0.00495958
0.793599;0.527;0.453599;0.3231;0.137793
0.323;0.592999;0.2694;0.233799;0.212341
0.262;0.0;0.113999;0.1525;0.708025
0.214999;0.158999;0.701;0.488;0.857663
0.403;0.403;0.529;0.505;0.734758
0.497499;0.6644;0.159999;0.645299;0.45166
0.7075;0.954099;0.859999;0.882199;0.215429
0.81;0.8401;0.96;0.6231;0.104051
0.596999;0.9273;0.473999;1.0;-0.174529
0.966;0.555599;0.661;0.0;0.190061
0.242;0.0;0.556899;0.625799;0.524437
0.255899;0.554099;0.38;0.360399;0.432836
0.5711;0.4609;0.502099;0.4712;0.490546
0.501999;0.351999;0.416;0.380499;0.617217
0.391;0.433399;0.300999;0.439399;0.60814
0.367999;0.5286;0.5224;0.4453;0.556004
0.499;0.262999;0.585599;0.528199;0.670772
0.435;0.451;0.463;0.445999;0.622504
0.555799;0.885899;0.449999;0.867899;0.245481
0.8372;0.5581;0.838;0.4756;0.356316
0.480999;0.523399;0.453;0.5483;0.306671
0.5568;0.6176;0.356999;0.290199;0.331789
0.278199;0.108699;0.295499;0.3825;0.632315
0.386;0.3723;0.6745;0.4765;0.677263
0.488999;0.483999;0.451;0.457;0.599187
0.456099;0.5897;0.329999;0.531199;0.471162
0.5159;0.4743;0.1178;0.0;0.684106
0.0;0.2319;0.362099;0.8459;0.656783
0.7892;1.0;0.8973;0.540999;0.337624
0.5944;0.0;0.5144;0.5962;0.62657
0.596599;0.416;0.6644;0.4468;0.671929
0.511;0.518999;0.576;0.561;0.564843
0.5092;0.525199;0.297999;0.400799;0.514441
0.396799;0.479799;0.489;0.5962;0.485068
0.610999;0.543;0.376999;0.181999;0.558698
0.184;0.369999;0.414999;0.725999;0.514811
0.722999;0.592999;0.644;0.365;0.519698
0.305;0.347;0.506999;0.551;0.536406
0.628;0.532;0.581;0.546999;0.491553
0.448;0.6569;0.426599;0.59;0.322288
0.671999;0.5747;0.5394;0.558999;0.331175
0.542999;0.650299;0.629;0.628;0.256687
0.55;0.9278;0.64;1.0;-0.0156348
1.0;0.740299;0.905999;0.701;0.00731894
0.702999;0.451;0.835999;0.504999;0.16784
0.454;0.518;0.555999;0.532;0.184351
0.5467;0.558;0.4222;0.454999;0.217485
0.4883;0.664999;0.5398;0.646;0.156921
0.68;0.6919;0.661;0.584;0.13405
0.634;0.416099;0.4613;0.429199;0.289481
0.302999;0.467;0.398699;0.3978;0.347828
0.451999;0.231999;0.533999;0.478;0.552028
0.493;0.580999;0.509999;0.524999;0.442528
0.512999;0.704;0.509999;0.759;0.245201
0.771;0.6368;0.658;0.6036;0.235074
0.558;0.583199;0.594999;0.4444;0.255417
0.464;0.394;0.442;0.445999;0.365138
0.504999;0.404999;0.534;0.463999;0.464934
0.363;0.442;0.489999;0.530999;0.450199
0.576;0.5901;0.466;0.562;0.372046
0.569;0.567899;0.57;0.476999;0.377255
0.464999;0.532;0.448999;0.463;0.366353
0.475;0.543999;0.4038;0.515999;0.344544
0.552;0.495;0.611199;0.472;0.411683
0.427;0.375;0.542;0.497999;0.475966
0.51;0.573;0.484999;0.6355;0.368684
0.631999;0.778999;0.631;0.7285;0.194215
0.731999;0.5213;0.6499;0.6383;0.244182
0.658999;0.533699;0.494099;0.292699;0.344723
0.286999;0.372;0.4471;0.557;0.405216
0.527999;0.487;0.551899;0.516999;0.41995
0.520099;0.619;0.445999;0.457;0.347542
0.4449;0.606999;0.192;0.731999;0.212794
0.789;0.496699;0.953;0.399999;0.436997
0.369;0.3613;0.259999;0.214;0.533127
0.198;0.264;0.425;0.488;0.630366
0.488999;0.430999;0.625299;0.506999;0.618863
0.399;0.541;0.4281;0.543999;0.480139
0.652;0.624499;0.5189;0.586;0.395226
0.613999;0.4952;0.502699;0.385999;0.471621
0.355;0.517299;0.404;0.312;0.485604
0.350999;0.314999;0.378;0.481999;0.576007
0.445;0.518999;0.576;0.681999;0.477945
0.4938;0.4937;0.506999;0.448;0.466918
0.685199;0.487499;0.366;0.291;0.570052
0.254;0.264299;0.28;0.363;0.711595
0.373999;0.4355;0.418999;0.321999;0.728201
0.297;0.354999;0.239;0.232;0.802087
0.217999;0.195;0.494;0.601999;0.845497
0.586;0.752;0.394999;0.3415;0.607478
0.373999;0.233999;0.445999;0.415499;0.770145
0.417999;0.575;0.395;0.346;0.658077
0.4404;0.308;0.314;0.454;0.741136
0.358599;0.508299;0.627;0.775799;0.582998
0.775;0.4567;0.742999;0.458199;0.626468
0.584799;0.683;0.308;0.378;0.475043
0.2622;0.327999;0.497;0.541;0.557696
0.532;0.8383;0.599;0.936;0.228291
0.93;0.721699;0.893;0.670299;0.199168
0.677999;0.802;0.5212;0.6017;0.0476176
0.643;0.269999;0.811799;0.558999;0.339746
0.3729;0.684;0.3631;0.596;0.15251
0.7391;0.4812;0.568899;0.250999;0.379824
0.274999;0.4358;0.3318;0.667;0.344425
0.657;0.5931;0.7132;0.561;0.346338
0.512999;0.504099;0.472999;0.317999;0.393736
0.347999;0.2088;0.513999;0.511;0.570726
0.5221;0.75;0.508;0.651;0.319379
0.679899;0.656999;0.586999;0.689999;0.237065
0.661;0.582;0.404;0.235999;0.327533
0.231999;0.1474;0.359;0.319;0.618964
0.312;0.549599;0.509;0.710599;0.451111
0.709999;0.4208;0.643;0.482399;0.532996
0.536;0.638199;0.611999;0.5611;0.398272
0.512;0.4507;0.256;0.301899;0.476014
0.355;0.616299;0.302;0.26;0.465458
0.225999;0.318;0.4444;0.732999;0.491929
0.728999;0.436599;0.778599;0.5277;0.559991
0.491;0.483399;0.508;0.498299;0.502645
0.511;0.415;0.599;0.497;0.546824
0.505099;0.648899;0.409999;0.592999;0.37083
0.590899;0.5891;0.585;0.45;0.382661
0.448999;0.445999;0.503;0.602999;0.388056
0.605;0.540999;0.527999;0.524;0.380152
0.522999;0.594999;0.5037;0.597;0.313806
0.596;0.489;0.645299;0.533999;0.375199
0.536;0.634999;0.551;0.565;0.280386
0.552;0.7636;0.608999;0.629999;0.139898
0.644999;0.445899;0.274;0.325;0.296103
0.320999;0.407299;0.308;0.100999;0.534653
0.101;0.0842;0.372;0.677999;0.676995
0.686;0.496;0.701;0.496;0.648987
0.491999;0.603999;0.42;0.512;0.481194
0.508;0.524999;0.504199;0.636;0.424021
0.635999;0.612;0.5226;0.431999;0.396639
0.434;0.368;0.067199;0.258;0.5418
0.565999;0.631999;0.9328;0.741999;0.486677
0.434;0.368;0.067199;0.258;0.532847
0.224999;0.483999;0.700199;0.570999;0.517576
0.603999;0.384;0.7288;0.538;0.554311
0.5058;0.813;0.535599;0.849999;0.220841
0.9052;0.71;0.726399;0.669;0.190997
0.657;0.522199;0.621;0.408;0.292146
0.397999;0.5198;0.4905;0.409999;0.32556
0.408999;0.296799;0.459499;0.445999;0.489145
0.444;0.397199;0.427999;0.545;0.512635
0.536;0.579;0.582;0.484999;0.457066
0.519999;0.8667;0.538;0.832999;0.149339
0.808;0.5743;0.690999;0.371;0.274741
0.374;0.531999;0.198999;0.77;0.169563
0.780999;0.494;0.95;0.411;0.399118
0.394;0.378;0.521999;0.559999;0.403487
0.520099;0.728;0.5468;0.606;0.230109
0.648899;0.616999;0.612199;0.677999;0.197052
0.689999;0.8345;0.648;0.8621;0.0202949
0.85;0.5805;0.8761;0.5409;0.146239
0.552;0.564;0.144599;0.425899;0.131285
0.423;0.315999;0.8903;0.500099;0.414764
0.485999;0.5991;0.390999;0.463999;0.298744
0.465;0.6349;0.545999;0.733;0.203299
0.698999;0.469;0.454999;0.378999;0.336378
0.41;0.417999;0.4475;0.475;0.414955
0.484999;0.457999;0.417099;0.2244;0.533282
0.216;0.34;0.5354;0.521599;0.56709
0.704999;0.527999;0.480999;0.666999;0.479185
0.497;0.631499;0.544;0.511;0.382846
0.504999;0.5739;0.562999;0.524999;0.342464
0.542;0.5765;0.564;0.655999;0.281816
0.639;0.4906;0.569;0.405;0.373691
0.405;0.517499;0.512999;0.545;0.350177
0.562999;0.397999;0.585999;0.548;0.436472
0.49;0.701;0.525;0.609;0.269573
0.648;0.519;0.561999;0.613;0.298535
0.613999;0.522999;0.286;0.263999;0.39252
0.264;0.288;0.390999;0.387;0.568389
0.387999;0.509999;0.4087;0.5441;0.486505
0.565999;0.394999;0.798299;0.4939;0.581335
0.4788;0.595;0.097;0.18;0.520312
0.172199;0.234499;0.375;0.385999;0.704729
0.372999;0.483899;0.43;0.565;0.592827
0.501;0.3646;0.626999;0.546999;0.630033
0.623999;0.911;0.58;0.5242;0.315695
0.53;0.109999;0.550999;0.4838;0.612843
0.494;1.0;0.503;1.0;0.15428
0.997;0.520499;0.803;0.309999;0.380396
0.311;0.4061;0.549999;0.5887;0.387465
0.600999;0.5152;0.422;0.506299;0.382173
0.491;0.4587;0.455999;0.4714;0.43807
0.474;0.369;0.5947;0.4656;0.542563
0.431599;0.719999;0.360299;0.634999;0.293183
0.6644;0.530999;0.5904;0.371;0.400131
0.381;0.38;0.396599;0.4418;0.470876
0.347;0.443999;0.494;0.575199;0.453025
0.661;0.572;0.625;0.387;0.464713
0.444;0.390999;0.544;0.566;0.490891
0.528999;0.42;0.538999;0.518999;0.512421
0.508;0.905;0.506;0.881999;0.153857
0.873999;0.601999;0.729;0.536;0.232487
0.552;0.478;0.477999;0.402;0.317054
0.386;0.472;0.5503;0.555;0.342768
0.527999;0.536999;0.5287;0.4696;0.347334
0.4932;0.392;0.5396;0.5274;0.430065
0.525799;0.852999;0.4354;0.831;0.127041
0.831;0.685;0.819099;0.698;0.147128
0.707;0.578;0.6459;0.463999;0.194674
0.467999;1.0;0.555999;1.0;-0.107497
1.0;1.0;1.0;0.9437;-0.185836
0.942;0.345999;1.0;0.458;0.113576
0.609499;1.0;0.390999;0.708999;-0.182796
0.5715;0.378899;0.510999;0.552;0.0721688
0.695999;1.0;0.492;1.0;-0.176883
0.966;0.545999;0.592999;0.0;0.188159
0.0;0.166;0.547;0.6301;0.37648
0.611;0.039999;0.665999;0.435899;0.702553
0.433999;1.0;0.481;1.0;0.17215
1.0;0.599999;0.415399;0.0;0.413823
0.0;0.0;0.0471;0.441699;0.69254
0.397999;0.509;0.587499;0.468299;0.635516
0.493;0.4936;0.55;0.686999;0.506949
0.692;0.5334;0.885999;0.59;0.489431
0.475;0.431999;0.517;0.421999;0.48381
0.539;0.661999;0.357999;0.509;0.350618
0.521999;0.583;0.658;0.494;0.368559
0.481;0.356999;0.3342;0.471;0.455284
0.469999;1.0;0.611699;1.0;0.0926549
1.0;0.701999;1.0;0.5628;0.158238
0.573999;0.258;0.6971;0.459199;0.366616
0.458999;0.351999;0.518899;0.515;0.451767
0.527;0.772;0.4482;0.6844;0.220751
0.664999;0.976999;0.6698;1.0;-0.0326042
1.0;1.0;1.0;0.901;-0.142575
0.878;0.532999;0.667399;0.411999;0.0146503
0.391999;0.338;0.327;0.184699;0.292777
0.219999;0.183;0.537599;0.593299;0.489473
0.471;0.454;0.527;0.474;0.483226
0.582;0.611;0.3297;0.370699;0.42926
0.385999;0.650999;0.6083;0.8553;0.27768
0.852;0.881;0.815999;0.705999;0.105118
0.720999;0.596;0.6927;0.657;0.115585
0.615;0.888999;0.560299;0.791799;-0.0786965
0.814999;0.405999;0.899;0.5532;0.180906
0.295;0.149;0.359999;0.250999;0.453418
0.582999;1.0;0.5548;1.0;0.0771517
1.0;0.0;0.4038;0.0;0.738096
0.0;0.0;0.3523;0.472999;0.926429
0.424999;1.0;0.5972;1.0;0.348705
1.0;0.861999;1.0;0.8261;0.18723
0.957;0.461;0.879;0.6199;0.296252
0.482999;0.495999;0.519999;0.321999;0.348603
0.349;0.609;0.477;0.56;0.259995
0.570999;0.454999;0.451999;0.555999;0.32047
0.555;0.664;0.628;0.747;0.218558
0.746;0.636;0.692;0.515;0.226455
0.501999;0.673999;0.494;0.558;0.143045
0.594;0.275999;0.497;0.521999;0.373357
0.628;0.661999;0.308;0.1612;0.405168
0.051;0.386;0.375;0.4448;0.459957
0.467999;0.087;0.063499;0.03;0.905495
0.0;0.223999;0.1967;0.665799;0.83968
0.657;0.573;0.8447;0.3162;0.800996
0.35;0.189;0.5131;0.524999;0.833374
0.491399;0.610999;0.198999;0.422;0.633883
0.419599;0.376;0.0;0.0;0.893986
0.0;0.0;0.294999;0.466899;1.09598
0.463999;0.496;0.59;0.417;0.938326
0.442;0.941;0.478;0.731;0.427877
0.7821;0.214999;0.795999;0.491;0.696933
0.2589;0.277;0.356;0.391999;0.728565
0.7633;0.7223;0.0;0.0;0.75863
0.0;0.0;0.381;0.628;0.964558
0.619999;0.852;0.637999;0.905999;0.513124
0.857999;0.646999;0.793599;0.5373;0.458019
0.600999;0.315999;0.1544;0.056199;0.721049
0.029;0.06;0.583999;0.5375;0.892537
0.506999;1.0;0.359;0.9788;0.286
1.0;0.7691;1.0;0.8312;0.242322
0.891999;0.5349;0.819;0.513999;0.309854
0.444;0.536999;0.5604;0.638;0.253623
0.634999;0.733999;0.723699;0.597999;0.17234
0.605;0.461;0.5489;0.661;0.213998
0.454;0.295999;0.545;0.298999;0.446337
0.372699;0.945999;0.369099;0.719;0.0796492
0.8353;0.694;0.8029;0.909099;0.079679
0.963999;0.608999;0.5921;0.236899;0.230735
0.152999;0.222;0.0;0.0;0.581991
0.0;0.0;0.460999;0.6244;0.799405
0.631999;0.460099;0.707;0.452599;0.745868
0.5054;0.641;0.489;0.586;0.514709
0.582999;0.597999;0.57;0.598999;0.423109
0.579599;0.53;0.544999;0.526;0.405961
0.493;0.536999;0.5516;0.604299;0.357991
0.655;0.934999;0.6544;0.9397;0.0717516
0.906999;0.431;0.868;0.468;0.297081
0.441;0.433999;0.537999;0.476999;0.34002
0.548999;0.777;0.274999;0.2942;0.232773
0.259999;0.168999;0.062;0.134799;0.623899
0.091;0.301;0.484999;0.671599;0.629824
0.713999;0.444;0.677;0.479399;0.648474
0.477;0.797999;0.424999;0.853;0.287592
0.853999;0.501;0.875999;0.451;0.447016
0.447299;0.467999;0.382;0.363999;0.454336
0.5107;0.469999;0.425599;0.376;0.516539
0.126;0.29;0.0;0.0;0.753593
0.0;0.020999;0.362;0.362;1.0006
0.48;0.181;0.42;0.448999;1.08349
0.379999;0.253;0.573;0.471;1.06754
0.453;0.439;0.506;0.5;0.907933
0.518999;0.699999;0.226999;0.250999;0.717437
0.302;0.143;0.0007;0.087499;1.08142
0.006999;0.0624;0.298999;0.3785;1.21304
0.382;0.486699;0.354799;0.5073;0.978213
0.527999;0.484899;0.6852;0.465699;0.883603
0.488;0.351;0.5313;0.526;0.831216
0.442;0.439999;0.546999;0.428999;0.775194
0.525199;0.668999;0.218;0.312;0.625968
0.305599;0.328;0.451;0.427;0.73477
0.3982;0.319;0.149899;0.113999;0.920224
0.140999;0.210999;0.3536;0.466999;0.971931
0.404;0.284999;0.1745;0.047;1.16513
0.140999;0.178;0.491;0.568999;1.11986
0.481999;0.406999;0.556;0.472;0.980639
0.480699;0.691;0.362499;0.673;0.629282
0.6743;1.0;0.7805;0.728;0.293922
0.811999;0.413699;0.710999;0.580999;0.412827
0.552;0.6983;0.6038;0.6946;0.257033
0.685;0.854999;0.6852;0.9024;0.0550563
0.878;0.445;0.894999;0.515999;0.255227
0.543999;0.515999;0.613999;0.542999;0.262331
0.4479;0.545;0.269;0.4119;0.264221
0.441099;0.669;0.518999;0.7021;0.184774
0.81;0.668999;0.637999;0.330799;0.256776
0.260999;0.146;0.0;0.3482;0.512331
0.319;0.314999;0.4509;0.043999;0.81129
0.052999;0.0;0.416599;0.499;0.95967
0.508;0.497;0.63;0.503999;0.795161
0.475;0.6146;0.1616;0.216999;0.674039
0.241;0.2684;0.299399;0.3676;0.804477
0.359999;0.325799;0.469;0.445399;0.827634
0.484;0.5022;0.493299;0.616;0.675588
0.644199;0.627;0.5897;0.444;0.579148
0.408799;0.308999;0.478999;0.524999;0.638324
0.475;0.441;0.474;0.454;0.629854
0.504599;1.0;0.567999;0.980999;0.194865
0.9634;0.731999;0.951999;0.667;0.192594
0.677;0.42;0.228;0.069;0.421082
0.051999;0.222999;0.4222;0.524;0.572746
0.5575;0.527;0.534799;0.605999;0.495815
0.578499;0.413;0.616;0.531;0.54596
0.48;0.454;0.614;0.454;0.545763
0.497699;0.604999;0.035999;0.048999;0.570303
0.0593;0.161999;0.0;0.116999;0.898754
0.112;0.124;0.6526;0.499;1.0047
0.497;0.384999;0.3297;0.320999;0.952565
0.298999;0.4345;0.471299;0.695;0.766366
0.731;0.5135;0.736399;0.521;0.714331
0.494;0.478999;0.599;0.500999;0.637328
0.501799;1.0;0.4189;0.966;0.162279
0.9912;0.902;1.0;0.942;0.0675316
0.923999;0.486999;0.726999;0.368;0.234276
0.353999;0.3879;0.359999;0.318999;0.378882
0.342999;0.502099;0.443;0.621;0.355803
0.631;0.369;0.585999;0.515999;0.48772
0.4915;0.743;0.473999;0.599;0.27554
0.597499;0.429;0.423999;0.221999;0.475263
0.231999;0.171999;0.227;0.177;0.766682
0.165;0.393999;0.296999;0.385999;0.737643
0.416999;0.542;0.6356;0.828;0.541353
0.736;0.476999;0.7804;0.544999;0.538772
0.573;0.455;0.573;0.455;0.539177
0.5015;0.832999;0.3949;0.7421;0.223964
0.767499;0.533;0.734899;0.422599;0.365608
0.399;0.362;0.3626;0.337299;0.480878
0.347;1.0;0.497399;1.0;0.076365
1.0;0.534199;1.0;0.4281;0.286459
0.43;0.3498;0.589999;0.5139;0.371056
0.34;0.307;0.507;0.315;0.532811
0.681599;0.841;0.5;0.690999;0.261521
0.5124;0.387999;0.095999;0.0;0.56172
0.021;0.010999;0.329;0.367999;0.877124
0.373;0.698;0.555;0.746;0.532478
0.744999;0.507;0.707999;0.512;0.535917
0.484999;0.402;0.547;0.532;0.539296
0.5099;1.0;0.472999;1.0;0.100427
1.0;0.74;0.917;0.762999;0.115424
0.783;0.646999;0.477499;0.099;0.232064
0.156999;0.188699;0.3515;0.722999;0.38492
0.658;0.7313;0.863999;0.632799;0.288194
0.658999;0.446999;0.747999;0.5402;0.349092
0.510899;0.570999;0.337;0.510999;0.275295
0.5881;0.6738;0.6079;0.731999;0.209253
0.687999;0.6817;0.726099;0.663;0.16368
0.661;0.750499;0.678;0.562999;0.0863189
0.576999;0.692;0.603999;0.47;0.0760908
0.469;0.304;0.521999;0.523999;0.278395
0.474;0.234;0.535;0.47;0.488072
0.500799;0.753;0.081299;0.093999;0.401693
0.116199;0.183;0.444199;0.812;0.528806
0.771;0.64;0.6155;0.266999;0.523924
0.259;0.250999;0.372;0.493;0.606846
0.552999;0.881999;0.491999;0.753;0.26611
0.747;0.274;0.748;0.526;0.513178
0.4639;0.4485;0.356999;0.302999;0.540304
0.323099;0.457499;0.497999;0.457;0.535666
0.487;0.447;0.496;0.505;0.531089
0.443899;0.470999;0.216;0.154999;0.618594
0.1991;0.505;0.449099;0.494;0.551563
0.5;0.101999;0.5249;0.508;0.780963
0.372999;0.323;0.429;0.365;0.81517
0.504;0.611;0.408;0.442;0.655984
0.512999;0.467999;0.458099;0.451999;0.65205
0.372999;0.533;0.318899;0.609;0.507944
0.632;1.0;0.701;1.0;0.15937
1.0;0.845;1.0;0.6959;0.0929589
0.624;0.256999;0.724999;0.491899;0.311636
0.524099;1.0;0.6612;0.749;0.0039036
0.8509;0.415999;0.777799;0.728;0.172144
0.658;0.494999;0.0;0.0;0.387424
0.0;0.0;0.055599;0.018;0.927609
0.0;0.063;0.241;0.337;1.09532
0.385999;0.146999;0.648;0.539;1.1277
0.508;0.414999;0.564999;0.513999;0.963544
0.505;0.846;0.453;0.501;0.563216
0.528999;0.445;0.394999;0.716099;0.51341
0.6927;0.857999;0.768;0.6539;0.304555
0.6503;0.756;0.71;0.830399;0.138598
0.919999;0.953;0.798999;0.8986;-0.0451868
0.981;0.412999;0.971;0.588999;0.202643
0.398;0.398;0.64;0.483;0.280171
0.561;1.0;0.384;1.0;-0.0856106
1.0;1.0;1.0;0.471;-0.078017
0.442399;0.118;0.353999;0.341999;0.267958
0.3476;0.316;0.447;0.7;0.369375
0.62;0.478299;0.485999;0.116999;0.560986
0.234999;0.108699;0.462;0.512999;0.744211
0.473099;0.929;0.56;0.91;0.270491
0.928899;0.558999;0.788999;0.403999;0.376081
0.386;0.295999;0.0;0.0;0.652182
0.0;0.0;0.466;0.741;0.820279
0.782;1.0;0.8;1.0;0.337207
1.0;0.378;1.0;0.504;0.523745
0.521899;1.0;0.423999;0.879999;0.0661308
0.8761;0.466999;0.6476;0.435;0.28879
0.442;0.521;0.464399;0.570999;0.279641
0.53;0.561;0.731;0.489;0.316697
0.588;0.503;0.540999;0.482999;0.335496
0.402;0.45;0.649;0.695;0.339877
0.4823;0.603999;0.462;0.493;0.263041
0.704699;0.808999;0.503;0.786;0.0872428
0.77;0.932;0.811999;0.908999;-0.0497882
0.96;0.496;0.866;0.446999;0.156724
0.393;0.593999;0.612;0.52;0.132971
0.564999;0.347;0.582;0.633;0.273221
0.558999;0.451;0.617999;0.452999;0.366526
0.5031;0.943;0.341999;0.931;-0.00758815
0.926899;0.916999;0.987;0.878;-0.0535314
0.922;0.902999;0.716;0.522999;-0.139779
0.439;0.824;0.389;1.0;-0.273264
1.0;0.583999;0.852999;0.125;0.080877
0.190999;0.0;0.621;0.4565;0.448769
0.408999;1.0;0.442;1.0;0.000661105
1.0;0.597999;0.686;0.0;0.300645
0.0;0.209;0.424999;0.776;0.377476
0.807;0.964999;0.4662;0.893;0.038218
0.936999;0.859999;1.0;0.863;0.00263402
0.771999;0.435;0.847;0.601999;0.144505
0.504;0.383;0.576999;0.383;0.287723
0.5726;1.0;0.362;1.0;-0.0777428
1.0;0.917;1.0;0.899;-0.0900333
0.888999;1.0;0.902999;0.976999;-0.242281
1.0;0.899999;0.0;0.0;-0.225103
0.0;0.0;0.704;1.0;0.225025
1.0;0.298999;1.0;0.6021;0.446832
0.4793;1.0;0.370899;1.0;-0.0373249
1.0;0.905;1.0;0.720499;-0.0392919
0.725;1.0;0.828;1.0;-0.231541
1.0;1.0;1.0;1.0;-0.307388
1.0;1.0;0.966999;0.6871;-0.357026
0.0;0.0;0.033;0.312899;-0.0166481
1.0;1.0;0.966999;0.6871;-0.0564699
0.789999;0.0;1.0;0.605899;0.410634
0.0;0.0;0.0;0.0;0.780826
0.2064;1.0;1.0;1.0;0.331085
1.0;0.219999;0.4428;0.0;0.731819
0.0;0.885999;0.0;1.0;0.197195
1.0;1.0;1.0;1.0;0.0619108
1.0;0.197;1.0;0.498999;0.404441
0.414999;0.530999;0.447;0.545;0.311034
0.622;0.753999;0.0;0.0;0.349891
0.0;0.0;0.063;0.586099;0.653421
0.528999;0.663;0.736499;0.382899;0.573146
0.502;0.286;0.0;0.0;0.849324
0.0;0.0;0.0;0.0;1.29037
0.0;0.0;0.831;0.715;1.26275
0.0;0.0;0.0;0.0;1.45769
1.0;1.0;0.645;1.0;0.830984
1.0;1.0;1.0;1.0;0.463426
1.0;1.0;1.0;1.0;0.168639
1.0;1.0;1.0;1.0;-0.0420694
1.0;0.378999;1.0;0.318999;0.271517
0.762999;1.0;0.937;1.0;0.0105674
1.0;0.606999;0.338;1.0;-0.0455861
1.0;1.0;1.0;0.0;0.104933
0.0;0.445999;0.0;1.0;-0.0149314
1.0;0.084;0.9324;0.0;0.693845
0.0;0.0;0.757;0.890999;0.747764
0.792;0.499;0.802999;0.49;0.670695
0.514;1.0;0.079999;1.0;0.0962968
1.0;1.0;1.0;1.0;0.00585267
1.0;1.0;1.0;1.0;-0.158281
1.0;1.0;1.0;1.0;-0.270087
1.0;1.0;1.0;1.0;-0.349618
1.0;0.102999;1.0;0.545999;0.0891502
0.634;1.0;0.0;1.0;-0.313682
1.0;1.0;1.0;1.0;-0.224764
1.0;0.0;1.0;0.0;0.410246
0.0;0.0;0.0;0.412999;0.605469
0.637;0.0;0.5669;0.0;1.19325
0.0;0.0;1.0;0.0;1.4214
0.48;0.0;0.0;0.0;1.73623
0.0;0.0;0.0;0.0;1.94954
0.0;0.0;0.812999;0.0;1.96887
0.0;0.0;0.0;0.0;2.09041
0.0;1.0;0.542699;1.0;1.0469
1.0;0.0;1.0;1.0;1.15142
1.0;0.494;1.0;0.494;1.0883
0.495;1.0;0.235999;1.0;0.430476
1.0;1.0;1.0;0.0;0.459688
0.0;0.976;1.0;1.0;0.147157
1.0;0.0;1.0;0.0;0.660735
0.503;1.0;0.0;0.4761;0.25646
0.472999;0.0;1.0;0.507899;0.744241
0.103999;1.0;0.0;1.0;0.0943715
1.0;1.0;1.0;1.0;-0.0209992
1.0;0.0;1.0;0.0;0.595521
0.0;0.0;0.0;0.0;0.992745
0.0;0.0;1.0;1.0;0.994551
1.0;0.504999;1.0;0.540999;0.850576
0.181;0.192999;0.548;0.194;0.948941
0.340999;1.0;0.082999;1.0;0.275999
1.0;1.0;1.0;1.0;0.107389
1.0;0.0;1.0;0.0;0.715839
0.0;0.0;0.0;0.909;0.702208
0.0;0.0;0.838999;0.314999;0.973391
0.616;0.0;1.0;0.655999;1.1001
0.0;0.263999;0.0;0.403;0.948923
1.0;1.0;0.0;0.608;0.541794
0.716;0.756499;1.0;0.204999;0.623118
0.236;1.0;0.569999;0.888999;0.142925
1.0;0.0;0.0;0.0;0.766032
0.0;0.0;0.0;0.0;1.24544
0.0;0.0;1.0;0.349;1.35272
0.515;0.447;0.933999;0.784999;0.97571
0.0;1.0;0.0;1.0;0.219035
1.0;0.0;1.0;1.0;0.624614
1.0;0.851999;0.835999;0.0;0.592553
0.0;1.0;1.0;1.0;0.216001
1.0;1.0;1.0;0.741;-0.0378613
0.744;0.0;1.0;0.557999;0.373429
1.0;0.602;0.0;0.0;0.568431
0.0;0.0;0.0;0.0;1.09918
0.0;1.0;0.0;1.0;0.384235
1.0;0.573;1.0;0.0;0.682032
0.0;0.0;0.183;0.2673;0.932574
0.0;0.0;0.741;0.3357;1.10875
0.555999;0.548999;1.0;0.747999;0.805914
0.0;1.0;0.0;0.0;0.400185
0.0;0.026699;0.406999;0.0;0.912672
0.0;0.0;0.0;0.475999;1.08315
0.137;1.0;0.323;1.0;0.417214
1.0;0.8359;0.0;0.0;0.516772
0.0;0.0;0.521;0.974;0.722938
0.21;0.646;0.873999;0.718;0.456988
1.0;0.8289;0.0;0.0;0.436723
0.0;0.0;0.823999;0.6698;0.762486
0.596;1.0;0.0;0.0;0.462394
0.0;0.0;0.927;1.0;0.685733
1.0;0.022999;0.2377;0.299999;1.02665
0.518999;0.646;1.0;0.945999;0.745743
0.609;0.216;1.0;0.615;0.787854
0.600699;1.0;0.0;1.0;0.139886
1.0;0.0;1.0;0.0;0.906008
0.0;0.1959;0.0;0.0;1.05032
0.0;0.0;0.0;0.0;1.41081
0.0;0.0;0.37;1.0;1.238
1.0;0.0;1.0;0.0;1.67417
0.927999;0.893;0.402;0.411;1.15134
0.013999;1.0;0.222999;1.0;0.453466
1.0;0.0;1.0;0.0;1.05267
0.0;0.772499;0.0;0.0;0.741183
0.001999;0.0;0.0;0.0;1.19836
0.0;0.0;0.0;0.0;1.55735
0.0;0.0;1.0;0.006;1.69467
1.0;0.537999;1.0;1.0;1.24672
0.0;1.0;0.0;0.451999;0.572115
1.0;1.0;0.546;1.0;0.271826
0.966999;0.6033;0.0;0.0;0.575846
0.0;0.0;0.466;0.0;1.12229
0.0;0.0;0.488999;0.3366;1.24407
0.637;0.375999;1.0;0.854999;1.01982
0.234999;0.331;0.0;0.268;0.946152
0.872999;1.0;0.665;0.867;0.523197
0.933999;0.122;0.579999;0.105;1.01699
0.0;0.0;0.0;0.0;1.36076
0.0;1.0;0.0;0.405;0.707858
0.066;0.0;0.786999;0.772999;0.865048
0.64;0.0;1.0;0.133;1.19272
0.192999;0.520999;0.547999;0.847999;0.771379
0.600999;0.959;0.057999;0.399999;0.369036
0.917;0.369;0.0;0.0;0.857377
0.0;0.0;0.181999;0.46;1.10525
0.403999;0.0;0.0;0.0;1.52511
0.0;0.6152;1.0;0.844999;1.02353
1.0;0.369799;1.0;0.743;0.908005
0.239999;0.3919;0.515;0.515999;0.720471
0.582999;1.0;0.0;0.023299;0.452619
0.0;0.0;0.223099;0.4427;0.804567
0.632;0.865;0.1919;0.149;0.616615
0.011999;0.0;0.049999;0.0;1.11675
0.108;0.736499;0.0;1.0;0.582337
1.0;0.3695;1.0;0.039;0.978791
0.341999;0.662999;0.780999;0.8772;0.610786
0.796999;0.745;0.0;0.0;0.576031
0.0;0.0;0.0;0.0;1.09996
0.0;0.0;0.0;0.0;1.48117
0.0;0.0;0.0;0.0;1.77168
0.0;0.0;0.0;1.0;1.5177
1.0;0.401999;1.0;0.743;1.40068
0.59;0.962;0.0;0.428;0.779539
0.436999;0.564999;0.0;0.0;0.932723
0.0;0.0;0.0;0.0;1.377
0.0;0.0;0.0;0.0;1.69529
0.0;0.411;0.3064;1.0;1.18225
1.0;1.0;1.0;1.0;0.690919
1.0;0.0;1.0;1.0;0.91499
0.698;1.0;0.425;0.431;0.443863
0.2255;1.0;0.0;1.0;0.000196189
1.0;0.556999;1.0;0.896099;0.229376
0.851999;0.715;0.0;0.0;0.281393
0.0;0.0;0.0;0.234;0.750768
0.0;0.0;0.177999;0.795999;0.831127
0.789999;0.0;1.0;0.448999;1.18185
0.787999;0.787999;0.019899;0.6463;0.684475
0.3267;1.0;0.0;1.0;0.195753
1.0;1.0;1.0;0.0;0.305664
0.289999;0.579999;0.593;0.726;0.20731
0.59;1.0;0.701999;1.0;-0.0820165
1.0;0.8269;1.0;0.945;-0.115252
0.444;0.039;1.0;0.438;0.255846
0.175999;0.474999;0.175999;0.2547;0.236767
0.859;0.974;0.0;0.590299;0.020432
0.859;0.381;0.075899;0.0;0.565421
0.0;0.091999;0.207;1.0;0.646811
1.0;0.462;1.0;0.0;0.929003
0.0;0.162999;0.0637;1.0;0.705099
1.0;0.128999;1.0;0.442999;1.05774
0.478;0.478;0.282;0.288;0.870782
0.0;1.0;0.0;0.818799;0.244307
1.0;0.336999;1.0;0.0;0.736039
0.070999;0.0971;0.0;0.0741;0.972086
0.0;0.976999;0.909999;1.0;0.45557
1.0;0.036999;1.0;0.070999;0.884211
0.144999;0.060999;0.890799;0.494;0.98378
0.390999;0.515999;0.268999;0.3836;0.785267
0.474;0.473;0.0;0.0;0.947755
0.0;0.0;0.0;0.040299;1.36102
0.332;0.3187;0.621499;0.6516;1.17916
0.384;0.515;0.6975;0.6841;0.864917
0.631;0.707999;0.297999;0.115;0.741857
0.05;0.0;0.69;0.552999;0.939744
0.545999;0.398;0.394599;0.2916;0.930804
0.358899;0.629999;0.0;0.513399;0.672757
0.506099;0.866;1.0;0.7002;0.446939
0.867;1.0;1.0;1.0;0.113987
1.0;1.0;1.0;1.0;-0.0857179
1.0;1.0;1.0;0.375299;-0.127775
0.256999;0.0;0.802;0.792;0.207549
0.57;0.298999;0.198;0.243;0.437539
0.081;1.0;0.347999;1.0;0.0171597
1.0;1.0;0.9776;0.885999;-0.0900273
0.919;1.0;0.913399;1.0;-0.240279
1.0;1.0;1.0;1.0;-0.312621
1.0;0.807;1.0;0.0;-0.105137
0.0;0.0;0.7182;0.89;0.197225
0.694;0.266999;0.565999;0.125999;0.531649
0.714999;1.0;0.0;1.0;0.0464673
0.637;1.0;0.866;0.0;0.133842
0.004;0.0;0.0;0.0;0.629079
0.0;0.0;0.0;0.642699;0.802051
0.646999;0.901;0.2192;1.0;0.339955
0.597999;0.335999;1.0;0.414999;0.599002
0.243;0.2515;0.228999;0.1139;0.74259
0.695399;1.0;0.1794;0.253799;0.451576
0.287599;0.947;0.0;0.0;0.349378
0.0;0.0;0.0;0.7683;0.606173
0.687;0.603999;1.0;0.489999;0.609391
0.413999;0.973999;0.0;1.0;0.0580723
1.0;0.243;1.0;0.601999;0.508356
0.401;0.679;0.468;0.73;0.252813
0.675999;0.610999;0.0;0.0;0.404977
0.096;0.381;0.0;0.0;0.696253
0.0;0.02;0.724;1.0;0.798386
1.0;1.0;0.918999;0.9677;0.346899
0.753999;0.4604;1.0;0.462499;0.445377
0.216;0.073;0.789999;0.731999;0.550866
0.725999;0.238;0.0;0.0;0.889277
0.239;1.0;0.256999;1.0;0.332981
1.0;0.615;0.99;0.0;0.620168
0.0;0.0;1.0;0.635999;0.774836
0.573999;0.507799;0.213;0.2385;0.698202
0.217999;0.505099;0.210999;1.0;0.447839
1.0;0.43;1.0;0.556999;0.630849
0.616999;0.499;0.0;0.145;0.662791
0.100999;1.0;0.060999;1.0;0.160616
1.0;0.874;1.0;0.0;0.33183
0.129999;0.988;0.552;1.0;-0.0259941
1.0;0.517;1.0;0.0;0.310069
0.006;0.303999;0.429;0.2496;0.46193
0.153999;0.0;1.0;0.585;0.711703
0.686;0.547999;0.444;0.530999;0.559616
0.254;0.898;0.0;0.0;0.396537
0.061999;0.057999;0.32;0.4701;0.711494
0.282;0.152999;0.0;0.694899;0.751823
0.678999;0.405;0.986999;0.146;0.976687
0.179;0.625999;0.655;0.289;0.729536
0.0;0.0;0.323;0.487;0.860339
0.835;0.523;0.6976;0.442599;0.833141
0.487;0.878999;0.4106;0.506999;0.465798
0.411999;0.736;0.0;1.0;0.157672
1.0;1.0;1.0;0.5095;0.134414
0.911999;1.0;0.6385;1.0;-0.108183
1.0;1.0;1.0;1.0;-0.172282
1.0;0.359999;1.0;0.580999;0.112062
0.426999;0.463999;0.318999;0.314999;0.186598
0.369;1.0;0.329;1.0;-0.131935
1.0;1.0;1.0;0.7538;-0.153673
0.81;0.087;0.0;0.0;0.361329
0.0;0.0;0.2404;1.0;0.539547
1.0;1.0;1.0;1.0;0.254064
1.0;0.492999;1.0;0.499;0.364226
0.084999;0.396;1.0;1.0;0.29332
0.813;1.0;0.0;1.0;-0.206739
1.0;1.0;1.0;0.0;0.003993
0.0;0.0;0.0;0.941399;0.165265
1.0;1.0;1.0;1.0;0.0349159
0.820999;1.0;1.0;0.881799;-0.138337
0.874;0.0;1.0;0.527;0.303542
0.363;0.472999;0.363;0.3996;0.282961
0.602999;1.0;0.0;0.0;0.160258
0.0;0.76;0.406799;1.0;0.0282402
1.0;1.0;1.0;1.0;-0.108624
1.0;0.804999;1.0;0.748399;-0.122107
0.576;0.313;1.0;0.4285;0.162029
0.466999;0.012;0.5712;0.135;0.609981
0.194999;1.0;0.537999;1.0;0.125843
1.0;0.815999;0.376;0.402999;0.0760431
0.277;0.568;0.894999;0.4298;0.21274
0.671999;1.0;0.657;1.0;-0.105501
1.0;1.0;1.0;1.0;-0.20839
1.0;1.0;1.0;1.0;-0.299717
1.0;0.353999;1.0;0.397999;0.0465984
0.024999;0.441;0.225999;0.602;0.0257606
1.0;1.0;0.581;1.0;-0.153089
1.0;0.0;0.358;0.0;0.555366
0.0;0.0;0.158;0.0;1.00948
0.0;0.0;0.0;0.0;1.36077
0.0;0.0;0.0;0.0;1.65191
0.0;0.0;0.962999;0.129999;1.69835
0.2;1.0;0.609;1.0;0.77244
1.0;1.0;0.0;0.0;0.594884
0.0;0.360999;0.0;1.0;0.50975
1.0;1.0;1.0;0.8413;0.307023
0.689;0.536;0.0;0.0;0.465148
0.0;0.1841;1.0;1.0;0.609153
1.0;0.545299;1.0;0.482799;0.571668
0.364199;0.5267;0.0;0.5979;0.373798
0.0;1.0;0.686;1.0;0.0727529
1.0;0.239;0.829999;0.0;0.528925
0.0;0.0;0.000599;1.0;0.543415
1.0;1.0;1.0;0.0546;0.521361
0.091999;0.382;0.486999;1.0;0.367867
1.0;0.330999;1.0;0.422;0.609022
0.227;0.337;0.337999;0.411999;0.578796
0.585;0.960999;0.0;0.207999;0.303977
0.449999;0.936;0.0;0.0;0.274372
0.0;0.0;0.0;0.0;0.879526
0.0;0.004;0.625;1.0;0.905352
1.0;1.0;1.0;0.664999;0.473904
1.0;0.799;1.0;0.552999;0.353777
0.0;0.0;0.0;0.376;0.574874
0.619999;1.0;0.0;0.0;0.434792
0.0;0.0;0.097999;0.09;0.965172
0.057;0.764;0.13;1.0;0.458538
1.0;0.463999;1.0;0.676999;0.606566
0.203999;0.0;0.0;0.0;0.977993
0.0;0.0;1.0;0.478;1.13544
0.605999;0.616;0.0;0.473999;0.818651
0.376;1.0;0.416999;1.0;0.331073
1.0;1.0;1.0;0.3119;0.253426
0.599999;0.147999;0.0;0.0;0.713247
0.0;0.3232;0.0;1.0;0.576806
1.0;1.0;1.0;0.0;0.551444
1.0;0.0;1.0;0.549899;0.946033
0.31;0.195499;0.546;0.5002;0.932997
0.587999;0.772999;0.0;0.0;0.773435
0.0;0.0;0.0;0.0;1.23407
0.0;0.0;0.0;0.0;1.55409
0.0;0.0;0.165599;0.0;1.78853
0.0;0.0;0.3114;0.7102;1.58756
0.713;0.274;1.0;1.0;1.34464
0.468099;1.0;0.315199;0.0;0.87701
0.2188;0.0;0.4485;1.0;0.926834
1.0;1.0;1.0;1.0;0.508099
1.0;0.397199;0.233599;0.787899;0.511205
0.634;0.9201;0.1967;0.0;0.454372
0.0;0.0;0.0;0.563299;0.725668
0.514799;0.0;0.808;0.384;1.09241
0.428;0.777;0.5365;0.7128;0.606131
0.804199;1.0;0.245199;1.0;0.16424
1.0;0.768999;1.0;0.317999;0.314897
0.408;1.0;0.8147;1.0;0.0008578
1.0;1.0;0.0;0.0;-0.0879769
0.0;0.0;0.0;0.0;0.57094
0.0;0.0;0.963099;0.554899;0.832754
0.4452;0.439;0.3119;0.308199;0.717002
0.499799;1.0;0.0;1.0;0.172328
1.0;1.0;1.0;1.0;0.0875468
1.0;1.0;0.375299;0.0;0.0310237
0.0;0.0;0.302599;1.0;0.303423
1.0;0.741;1.0;0.5382;0.31675
0.253;0.0;0.7377;0.165899;0.679945
0.775999;1.0;0.9183;0.898;0.264924
1.0;0.522;0.0;0.0852;0.45095
0.0;0.0;0.0;0.0;0.987172
0.0;0.0;0.0;0.54;1.10977
0.673;0.768;1.0;1.0;0.728654
0.927;0.922999;0.0;0.744999;0.275641
0.738999;0.241;1.0;0.465;0.692474
0.261;0.759;0.0;0.534999;0.284868
0.738999;0.241;1.0;0.465;0.647443
0.632;0.632;0.0;0.0;0.620508
0.0;0.948999;0.955999;1.0;0.309485
1.0;0.158;0.534;0.194;0.636279
0.095;1.0;0.519999;1.0;0.160169
1.0;1.0;1.0;1.0;-0.0236158
1.0;0.671999;0.968999;0.192;0.12564
0.222999;0.218;1.0;0.738;0.320065
0.399;0.247;0.0;0.0;0.583487
0.0;1.0;0.0;0.0;0.349074
0.0;0.0;0.0;0.132999;0.866734
0.106999;0.015;0.5922;0.033;1.25057
0.058999;0.9981;0.0;0.802;0.487858
0.802;0.0;1.0;0.143999;1.0559
0.143999;0.0;0.657299;0.387;1.20288
0.768;0.709999;0.4587;0.371;0.92855
1.0;1.0;0.209999;1.0;0.425744
0.069;1.0;1.0;0.218999;0.266087
0.218999;0.0;0.190999;0.402;0.51515
0.402;0.483;0.803;0.801;0.469571
0.813;0.939999;0.661;0.954999;0.123697
0.942999;0.554699;0.744999;0.0;0.439918
0.656199;0.4873;0.713;1.0;0.402647
0.5998;0.765999;0.0;0.052499;0.35845
0.007;0.665;0.924999;1.0;0.275492
1.0;1.0;1.0;1.0;-0.0212376
1.0;1.0;0.3888;1.0;-0.300879
1.0;0.754;1.0;0.567;-0.100065
0.476999;0.523999;1.0;1.0;-0.0219469
0.632;0.0;0.0;0.0;0.438833
0.0;1.0;0.329999;1.0;0.0191266
1.0;1.0;1.0;0.876;-0.0777667
0.811;0.974999;0.909999;0.909;-0.227714
0.790999;1.0;0.362;0.0;-0.245232
0.0;0.911999;0.558999;1.0;-0.296015
1.0;0.442;1.0;0.0;0.143116
0.0;0.973999;0.429;0.441;-0.0983124
1.0;0.96;0.0;1.0;-0.330389
0.111999;1.0;0.873;0.0;-0.161344
0.0;0.0;0.783999;1.0;0.127053
0.877;0.5802;0.0;0.613;0.0410552
0.991;0.7958;1.0;0.71;0.14593
0.481999;0.0;0.6105;0.215999;0.598072
0.102499;0.010599;0.6735;0.4628;0.80887
0.576999;1.0;0.186299;1.0;0.203025
1.0;1.0;0.9057;0.681999;0.0889058
0.652;0.0;0.0;0.0;0.63765
0.0;0.012;0.0;1.0;0.703221
1.0;0.644999;1.0;0.964999;0.621914
0.965999;0.335999;1.0;0.5;0.740063
0.1952;0.1952;0.0;0.0;0.88362
0.0848;1.0;0.326999;1.0;0.309729
1.0;1.0;1.0;0.332599;0.213277
0.204;0.689;0.31;1.0;-0.0235503
1.0;1.0;0.0;0.0;-0.0165288
0.0;0.0;1.0;0.738;0.462388
1.0;0.528;0.0;0.173;0.525212
0.0;1.0;1.0;0.671;0.257289
0.671;0.0;0.0;0.195999;0.637966
0.241999;1.0;0.689;1.0;0.228989
1.0;1.0;1.0;1.0;0.00789711
1.0;0.747599;0.220999;0.416999;-0.0384037
0.412999;0.0;1.0;0.553;0.49085
1.0;1.0;1.0;1.0;0.144636
1.0;0.778999;0.0;0.706;-0.0536983
0.0;0.382;0.674999;1.0;0.107341
0.994;0.238999;0.906;0.680999;0.354695
0.727;1.0;1.0;0.0;0.224852
0.0;1.0;0.595199;0.950999;-0.113804
1.0;0.0;1.0;1.0;0.251555
0.866999;0.644999;0.989699;0.644999;0.217843
0.432;1.0;0.0;1.0;-0.23554
1.0;1.0;0.706;0.0;-0.0523751
0.0;1.0;1.0;1.0;-0.144393
1.0;1.0;1.0;1.0;-0.314475
1.0;0.0;0.0;0.0;0.239795
0.0;0.0;0.611399;0.674099;0.589221
0.5146;1.0;0.5155;1.0;0.110471
1.0;1.0;0.0;1.0;-0.215108
1.0;1.0;1.0;0.0;0.0213439
0.0;0.0;0.119;0.238;0.40518
0.329999;0.0;0.0;0.0;0.953382
0.0;0.0;0.0;0.0;1.35407
0.0;0.0;0.947299;0.506;1.36006
0.064999;0.0;0.1507;0.513;1.27705
1.0;1.0;0.75;1.0;0.703686
1.0;1.0;1.0;1.0;0.354576
1.0;1.0;1.0;0.0;0.304573
0.0;0.0;0.0;1.0;0.387376
1.0;1.0;1.0;0.76;0.222915
0.873999;0.243;1.0;0.685;0.462537
0.0;0.717999;0.415;0.799999;0.124317
1.0;1.0;0.0;1.0;-0.199372
1.0;1.0;1.0;1.0;-0.134039
1.0;0.3108;1.0;0.0;0.335317
0.0;1.0;0.920899;1.0;0.018161
1.0;0.0;1.0;0.0;0.571602
0.0;0.0;0.968;0.722999;0.720697
0.783;0.290999;0.403999;0.146;0.91328
0.022;1.0;0.0;0.0;0.515687
0.0;0.0;0.0;1.0;0.610339
1.0;0.075999;0.0;0.0;1.2351
0.0;0.0;0.560799;1.0;1.17431
1.0;1.0;1.0;1.0;0.628262
1.0;0.091;1.0;0.981999;0.777518
1.0;0.807999;1.0;0.719999;0.504153
0.582999;1.0;0.0;0.0;0.220638
0.0;0.0;0.0;1.0;0.428879
1.0;0.436;1.0;0.0;0.835603
0.394;0.0;0.0554;0.0;1.22948
0.0;0.0;0.0;1.0;1.12101
1.0;0.3121;1.0;0.040999;1.4101
0.5869;0.4111;0.0;0.987399;1.02764
0.492099;0.225799;0.0;0.0;1.29048
0.0;0.0;0.0;0.0;1.56305
0.0;0.0;0.0;0.660799;1.46562
0.649;0.694;1.0;0.8079;1.05533
0.822999;0.180999;0.212999;0.0;1.31687
0.0;0.0;0.622;1.0;1.20068
0.882;0.34;0.747;0.119999;1.29604
0.305999;0.305999;0.0;0.0;1.352
0.0;1.0;0.754099;1.0;0.665366
1.0;0.5407;0.0;0.0;0.801461
0.0;0.313199;0.0;1.0;0.666385
1.0;0.1056;1.0;0.0;1.23994
0.0;0.0;0.069;0.399;1.24552
0.0;1.0;0.473199;1.0;0.51589
1.0;1.0;0.7639;0.0;0.408065
0.0;0.0;1.0;1.0;0.588637
1.0;0.345999;0.444;0.0;0.84815
0.0;0.0;0.0;0.1448;1.16658
0.161199;0.0;0.0;0.0;1.54366
0.254;0.093999;1.0;1.0;1.35595
0.4427;1.0;0.363499;0.6901;0.599843
0.663299;0.8862;0.0;0.0;0.505208
0.052;0.0;0.0;0.0;1.07413
0.0;0.545;1.0;1.0;0.754487
1.0;1.0;1.0;0.776799;0.312769
0.673999;0.015;0.0;0.1799;0.757408
0.215;0.0;1.0;0.2762;1.13187
0.0;0.2202;0.201499;0.4726;0.979292
0.7841;0.985799;0.0;0.9855;0.401812
1.0;1.0;1.0;0.694499;0.285732
0.677999;0.5;0.240399;0.7379;0.237506
0.042;1.0;0.323;0.0;0.0874097
0.040999;1.0;0.397999;1.0;-0.168187
1.0;0.0;1.0;0.0;0.519716
0.472999;0.5177;0.477099;0.487899;0.475144
0.0;1.0;0.516599;1.0;0.0458951
1.0;1.0;1.0;1.0;-0.120736
1.0;0.442999;0.0;0.0;0.189977
0.0;0.0;0.442999;0.8892;0.490802
0.878;0.689999;0.0;0.0;0.557601
0.0;0.0;0.9213;1.0;0.762951
0.3086;0.552999;0.0;0.524699;0.437098
1.0;0.548;1.0;0.0;0.76766
0.0;0.495;0.0;0.0;0.734192
0.0;0.0;0.044999;0.5942;0.897926
0.701;0.385;0.855;0.3947;0.975883
0.161;0.879;0.524;0.374099;0.522762
0.271;0.117899;0.495;1.0;0.553655
1.0;1.0;1.0;1.0;0.234013
1.0;0.6534;0.309099;0.0;0.392717
0.0;0.0;0.0;0.3348;0.75466
0.366;0.441;0.0;0.0;0.941437
0.0;0.0;0.0531;1.0;0.947034
1.0;0.445999;1.0;0.0;1.21398
0.0;0.0;0.4595;0.9483;1.05648
0.010399;0.725999;1.0;1.0;0.572508
1.0;0.869799;0.0634;0.516199;0.221794
0.511;0.6297;0.3566;0.0;0.448018
0.0;0.0;0.3411;0.3977;0.760459
0.472;0.0;0.0;0.306199;1.10164
0.325999;0.913499;0.662999;1.0;0.557577
1.0;1.0;1.0;1.0;0.230878
0.0;0.0;0.0;0.0;0.564819
0.659999;1.0;0.314999;1.0;0.173783
1.0;1.0;1.0;1.0;0.0666673
1.0;1.0;0.350999;0.501899;-0.125528
0.764;0.0;0.654;0.0;0.621217
0.0;0.537199;0.418099;0.305899;0.513422
0.301;0.0;0.0;0.471;0.770121
0.951;1.0;0.3196;1.0;0.348496
0.530999;0.478999;0.905499;1.0;0.388246
1.0;0.837999;1.0;0.0;0.385963
0.0;0.0;0.0;0.0;0.781917
0.0;0.0;0.0;0.0;1.23047
0.0;0.902;0.4915;1.0;0.57227
1.0;0.0;0.8147;0.3797;0.990396
1.0;1.0;1.0;0.494;0.617384
0.033;0.0;0.0;0.085299;0.943416
0.0;0.0;0.0;0.2782;1.2068
0.215;1.0;0.9004;1.0;0.571483
1.0;1.0;1.0;1.0;0.202345
0.853999;0.865899;0.0;0.658;-0.045455
1.0;0.4541;1.0;0.494999;0.374788
0.0;0.0;0.0;0.542;0.522011
0.0;1.0;0.451;0.947299;0.0838573
1.0;0.0;0.087;0.0;0.719273
0.0;0.0;0.0;0.0;1.1773
0.0;0.0;0.221;1.0;1.09259
1.0;0.695;1.0;0.0;1.10478
0.0;0.0;0.4629;0.7845;1.01513
0.714399;0.817999;0.337599;0.518;0.620937
0.5336;1.0;0.613;1.0;0.22906
1.0;1.0;0.915;1.0;0.0240142
1.0;1.0;1.0;0.178899;0.00261614
0.144999;0.0;0.0;0.664099;0.236439
0.0;0.0;0.7402;0.0;0.752812
1.0;1.0;1.0;1.0;0.334519
1.0;1.0;0.0;0.0;0.227391
0.0;0.0;0.0;0.0;0.862705
0.0;0.0;0.0;0.0;1.30713
0.0;0.0;0.3547;0.699;1.26703
0.798;1.0;0.0;1.0;0.58512
1.0;0.5728;1.0;0.2299;0.818467
0.158999;0.287999;0.0;0.0;0.937074
0.0;1.0;0.0;1.0;0.312006
1.0;0.527;1.0;0.391399;0.553399
0.406999;0.186999;0.160299;0.1717;0.784963
0.0584;0.747;0.3225;0.596;0.458037
0.0;0.078999;0.210499;0.0;0.840693
0.423999;0.0;0.668999;0.477999;1.11637
0.576999;1.0;0.576999;1.0;0.490093
1.0;0.222;0.0;0.0;0.976163
0.0;0.245599;0.0;0.0;1.20311
0.0;0.0224;0.0;1.0;1.11061
1.0;1.0;1.0;0.0;0.927048
0.0;0.375999;0.0;0.564499;0.706326
0.296999;0.0;1.0;0.608999;0.942069
0.7;0.441;0.016;0.0;1.03534
0.912999;1.0;0.147999;0.933399;0.571244
0.037;0.0;0.0;0.0;1.03819
0.0;0.0;0.230399;0.370999;1.19868
0.269;1.0;0.353999;0.566;0.58723
0.471999;0.0;0.0;0.2869;0.999444
0.299;0.046;1.0;0.963099;1.07132
0.899;0.494;0.882999;0.494;0.935691
0.501999;1.0;0.191;0.670999;0.348609
0.757;0.0;0.408;0.51;0.806587
0.379999;0.0;0.924999;0.578;1.03663
0.81;0.456;0.0;0.552999;0.865954
0.411;1.0;0.010399;0.0;0.567609
0.0;0.0;0.4936;0.588;0.827258
0.694;0.552999;1.0;0.564999;0.709795
0.557;1.0;0.486;0.884999;0.187748
0.897999;0.405;0.279999;0.0;0.554013
0.266;0.483;0.26;0.796199;0.456833
0.524;0.439999;0.0;0.0;0.689721
0.0;0.085999;0.616999;0.933999;0.75854
0.778;0.537999;1.0;0.940299;0.575292
0.0;0.7693;0.0;0.0;0.305008
0.741;0.0357;0.835599;0.031;0.95759
0.0;0.143;0.468;0.861;0.84365
0.891999;0.649999;0.589999;0.811999;0.603091
0.761;1.0;1.0;1.0;0.267976
0.979999;0.947;1.0;0.688;0.0776643
0.986;0.238;0.813;0.546;0.369554
0.326999;0.513;0.525999;0.542;0.323879
0.631;1.0;0.209;1.0;-0.0695949
1.0;1.0;1.0;0.888999;-0.0986044
1.0;0.402999;1.0;1.0;0.073343
0.707999;1.0;0.888999;1.0;-0.154311
1.0;1.0;1.0;0.237499;-0.159616
0.006;0.0;0.306899;0.128399;0.285589
0.1508;0.497;0.4297;0.4984;0.288718
0.973199;1.0;0.5574;1.0;-0.0151877
1.0;0.449999;1.0;0.677999;0.239014
0.299;0.299;0.210999;0.0;0.500595
0.0;0.102099;0.0;0.0;0.914871
0.155;0.0;0.0;0.0;1.37817
0.0;0.0;0.684899;0.575;1.36467
0.1253;1.0;0.4706;1.0;0.53786
1.0;0.814999;0.0;0.0;0.562912
0.0;0.0;0.576;0.900999;0.768536
0.849;0.67;0.635999;1.0;0.487858
1.0;0.665999;0.221;0.0;0.624978
0.0;0.372;0.610999;1.0;0.543761
1.0;0.5865;1.0;0.967799;0.447815
0.887299;0.5129;0.1251;0.0;0.594055
0.0;0.242599;0.0;0.2682;0.759434
0.400499;0.369;0.998199;0.791299;0.74622
0.933;0.67;0.888;0.644;0.539725
0.645999;0.658999;0.431999;0.593999;0.364238
0.616;0.469999;0.706;0.647999;0.424259
0.486999;0.271;0.7822;0.511;0.553911
0.527;0.451;0.3726;0.3395;0.546663
0.283799;1.0;0.4602;1.0;0.0979716
1.0;0.748;1.0;0.153999;0.248616
0.214799;0.372;0.391;0.876999;0.207883
0.817999;0.575999;0.742999;0.5457;0.280123
0.575;0.427999;0.0;0.0;0.517374
0.0;0.0;0.491;0.857199;0.711405
0.39;0.1668;0.088999;0.0;1.00245
0.725999;1.0;0.109999;0.1655;0.677442
0.0;0.459999;0.501;1.0;0.526285
1.0;0.635999;1.0;0.631599;0.472486
0.641999;1.0;0.66;1.0;0.0597353
1.0;0.498;0.385999;0.0;0.37164
0.0;0.0;0.602999;0.611;0.649237
0.308999;0.42;0.505;0.512999;0.554984
0.611;0.902;0.0;0.1863;0.323724
0.028;0.103999;0.444;0.773899;0.536644
1.0;0.608;0.584;0.0;0.711071
0.0;0.147999;0.054999;0.4575;0.798761
0.360999;0.858;0.0;1.0;0.314259
1.0;0.489;1.0;0.683499;0.523686
0.332;0.351999;0.004;0.364999;0.498819
0.534999;1.0;0.359999;0.495;0.217926
0.465;0.751;0.908;1.0;0.145679
1.0;0.526999;0.15;0.463299;0.171804
0.26;0.948;0.793999;0.0;0.173866
0.0;0.0;0.443899;1.0;0.331664
1.0;0.604599;0.7231;0.3789;0.404226
0.0;0.804;0.459999;0.0;0.303995
0.484;0.0;0.0;0.195999;0.807183
0.361999;0.379999;0.623;0.483;0.841933
0.379;0.355;0.0;0.0;1.01086
0.0;0.0;0.402;0.2059;1.28317
0.129;0.637999;0.393;1.0;0.729572
1.0;0.959;0.672499;0.0;0.620466
0.304;0.0;0.9385;1.0;0.782096
0.688699;1.0;0.364;0.3515;0.362402
0.893299;0.498999;0.082999;0.1067;0.642764
0.0;0.994;0.0;0.0;0.407516
0.0;0.0;0.251;0.488299;0.737708
0.363;1.0;0.451;0.5107;0.31982
0.531;0.0;0.448099;0.574399;0.672501
0.5;0.5468;0.8549;0.4757;0.619298
0.500999;0.726199;0.0;0.0;0.558567
0.0;0.0;0.346999;0.937299;0.718659
0.960999;0.444;0.618;0.026;0.972402
0.028;0.066;0.0;0.0;1.26325
0.0;0.280999;0.451;0.950999;0.98111
0.976999;0.591999;1.0;0.591999;0.836867
0.283;0.365;0.1875;0.2387;0.799024
0.53;0.647999;0.059499;0.091299;0.80201
0.0;0.233999;0.506;0.649;0.816613
0.918999;0.469999;0.484999;0.658;0.759375
0.648;1.0;0.9278;0.778;0.38796
0.658;0.156;0.0;0.0;0.772321
0.0;0.0;0.527;0.539999;0.975918
0.605;0.551;0.843299;0.4449;0.816637
0.417;0.848999;0.3177;0.9191;0.320857
0.988;0.577;0.275999;0.0;0.590223
0.0;0.094999;0.027;0.123;0.937885
0.204;0.183999;0.432999;0.381;1.04366
0.194999;0.0;0.019;0.162499;1.30993
0.388999;0.160999;0.659899;0.421499;1.3618
0.383;0.548;0.4457;0.5786;0.97351
0.542;0.639;0.3734;0.342399;0.787824
0.263999;0.328499;0.293;0.492;0.785642
0.571899;1.0;0.128299;0.970999;0.264799
1.0;0.554999;1.0;0.682;0.443595
0.370999;0.875;0.379;1.0;0.0459964
1.0;0.5296;1.0;0.2222;0.3448
0.561999;0.354399;0.798299;0.853499;0.386303
0.576999;0.897;0.126999;0.829599;-0.00203896
0.812;1.0;0.657;0.916399;-0.11831
0.975999;1.0;1.0;1.0;-0.182307
1.0;0.393;0.8769;0.582999;0.0557298
0.586999;1.0;0.6931;1.0;-0.191516
1.0;0.510999;1.0;0.674999;0.0177021
0.763;0.361;0.0;0.0;0.310122
0.0;0.59;0.0;0.0;0.418716
1.0;0.409999;1.0;1.0;0.566071
0.0;0.59;0.0;0.0;0.457751
0.0;0.0;0.435;0.364999;0.790059
0.334999;1.0;0.0;0.0;0.481498
0.0;0.0;0.1071;1.0;0.635951
1.0;1.0;1.0;0.667;0.387459
0.564;0.0;1.0;1.0;0.601142
0.6931;0.358;0.535;0.0648;0.775545
0.486899;0.57;0.0;0.060199;0.819075
0.0;0.214999;0.0;0.0;1.11612
0.0;0.0;0.309999;0.757999;1.1314
0.757999;0.0;0.551;0.296999;1.45965
0.296999;0.027;0.346;0.155;1.63224
0.093;0.275999;0.381799;0.415;1.40485
0.494;0.4792;0.6872;0.877799;1.04203
0.548;0.409099;0.0;0.0;1.14204
0.0;0.0;0.180999;0.262999;1.35961
0.239;0.813;0.4808;0.804;0.770848
0.774999;0.231999;0.7402;0.552;0.907385
0.544;1.0;0.719;1.0;0.371772
1.0;0.573;1.0;0.363999;0.485104
0.551;0.365799;0.226399;0.2639;0.60712
0.157999;1.0;0.0;0.9021;0.113499
0.788;0.548;1.0;1.0;0.248843
1.0;0.5;0.0;0.0;0.454711
0.0;0.0;0.16;0.734;0.685989
0.733;0.932;0.978999;0.453999;0.448942
0.454999;0.325999;0.482199;0.491;0.484138
0.512;0.242;0.5811;0.326599;0.696581
0.316999;1.0;0.0;1.0;0.107938
1.0;0.695;1.0;0.320999;0.321471
0.378;0.284;0.097;0.085999;0.557666
0.085999;0.431999;0.0;0.0;0.72565
0.0;0.4466;0.0;0.0;0.848078
0.0;0.0;0.725999;0.708999;0.9687
0.547999;1.0;0.3973;0.282;0.50342
0.433;0.6717;0.0;0.0;0.601565
0.0;0.0;0.336999;0.0;1.12795
0.0;0.938;0.529;1.0;0.482058
1.0;0.3523;0.364999;0.0;0.850737
0.0;0.4187;0.001;1.0;0.599616
1.0;0.0;1.0;0.529999;1.06469
0.466999;0.588999;0.0;0.357;0.797057
0.471999;0.584499;0.400299;0.178999;0.821417
0.126999;0.0;0.08;0.0;1.22123
0.0;0.0;0.333999;0.408;1.31676
0.408;0.569;0.462;0.339999;1.05936
0.339999;0.643999;0.553999;0.628;0.73412
0.64;0.547;0.572;0.499;0.644463
0.636;0.223999;0.6906;0.552999;0.797253
0.427999;0.744999;0.2622;0.469999;0.491052
0.387;1.0;0.294199;0.221;0.245308
0.28;0.0;0.0;0.0;0.84328
0.0;0.0;0.828;0.8522;0.94397
1.0;1.0;0.610999;1.0;0.382816
1.0;0.331899;1.0;0.555999;0.635284
0.225;0.4884;0.503699;0.115;0.623363
0.405;0.486499;0.0326;0.0;0.770556
0.144999;0.0;0.0;0.0485;1.25855
0.0;0.130999;0.890999;0.491;1.22918
0.492999;0.420999;0.0;0.104999;1.19778
0.103;0.03;0.736;0.277999;1.36466
0.277999;0.306899;0.608999;0.456;1.17732
0.382;0.2111;0.586;0.481;1.14487
0.568999;1.0;0.2866;1.0;0.481373
1.0;0.761;0.932399;0.481999;0.476825
0.489999;0.371;0.538;0.274999;0.615
0.267;0.409999;0.422899;0.234999;0.693345
0.237;0.532;0.5071;0.935;0.462263
0.920999;0.455999;0.878;0.573999;0.543981
0.335999;0.375999;0.396;0.167;0.653547
0.415999;1.0;0.099199;0.802;0.175589
0.803;1.0;0.8748;0.677999;0.0642473
0.677999;0.0;0.404699;0.099;0.601613
0.097;0.983999;0.4513;0.860999;0.153195
0.865;0.306;0.767;0.604999;0.381582
0.653999;0.440999;0.902999;0.702;0.41489
0.633;0.720999;0.439;0.562999;0.222086
0.580999;0.6385;0.372;0.172;0.306725
0.172;0.163499;0.286;0.845999;0.419062
0.884999;1.0;1.0;0.971;0.160384
0.933;0.176;0.457;0.074999;0.577974
0.070999;0.198999;0.713999;0.771999;0.623375
0.417;0.5362;0.352899;0.0;0.644552
0.663;0.794799;0.340899;0.6811;0.37375
0.351999;0.941;0.322;1.0;0.0290866
1.0;0.588999;1.0;0.31;0.277924
0.31;0.239999;0.0;0.0;0.571358
0.0;0.0;0.655;0.3284;0.910121
0.282;0.112999;0.638;0.448599;0.984179
0.501999;0.521;0.57;0.629399;0.743919
0.582;1.0;0.0;0.163;0.413113
0.158;0.0;0.533;0.637;0.738471
0.636;0.556999;0.539999;0.378;0.670522
0.364999;0.314;0.158;0.015;0.907248
0.028;0.035;0.0;0.0;1.29666
0.0;0.0;0.376899;0.543999;1.32554
0.413999;0.482999;0.439;0.493499;1.06426
0.611;0.707;0.1661;0.0;0.987869
0.0;0.0;0.0;0.0;1.408
0.0;0.0;0.056999;0.826;1.31555
0.826;0.95;1.0;1.0;0.788098
1.0;1.0;0.933999;1.0;0.377279
1.0;0.535999;1.0;0.381;0.502723
0.509999;0.405;0.261;0.0;0.702583
0.493;0.477;0.517899;0.5465;0.688624
0.0;0.048999;0.0;0.0;1.04083
0.0;0.313;0.298999;1.0;0.792771
1.0;0.482999;1.0;0.197;0.958186
0.197;1.0;0.659999;1.0;0.351434
1.0;0.6065;1.0;0.525999;0.38706
0.46;0.176499;0.6171;0.469;0.573509
0.531999;0.428;0.0;0.288;0.635516
0.291;0.870999;0.730999;0.759;0.343996
0.759;0.187;0.2645;0.153999;0.698846
0.153999;0.518999;0.692499;0.859;0.520014
0.856999;0.85;0.909;0.522999;0.311839
0.524999;0.466;0.656999;0.833;0.257676
0.442;0.447799;0.491999;0.374599;0.334191
0.43;1.0;0.142;0.0674;0.148969
0.4;0.0;0.280999;0.364999;0.659877
0.373999;0.889;0.698;1.0;0.28215
1.0;1.0;0.859;1.0;0.0151689
1.0;0.564999;1.0;0.683999;0.124406
0.597999;0.843499;0.923999;0.705999;-0.00670004
1.0;0.5766;0.331099;0.0168;0.230222
0.0;0.426399;0.4039;0.428199;0.337433
0.457;0.4405;0.463999;0.582;0.369405
0.575999;0.2418;0.411;0.453;0.575494
0.546;0.199199;0.0;0.0;0.965797
0.0;0.146;0.073;0.0;1.24795
0.0;0.0;0.562999;0.661899;1.22899
0.4919;0.5669;0.608;0.5358;0.898832
0.6141;0.859999;0.484999;0.4191;0.558114
0.406999;0.921999;0.472999;1.0;0.177144
1.0;1.0;1.0;0.410999;0.0991101
0.457999;0.0;0.143;0.0225;0.624835
0.034999;0.228999;0.0;0.0;0.943934
0.088;0.0;0.6111;0.567699;1.10233
0.462;0.771999;0.485899;1.0;0.567257
0.830999;1.0;1.0;0.567;0.304114
0.471;0.286999;0.441;0.411;0.455522
0.408999;0.161;0.0;0.0;0.896549
0.0;0.0;0.0;0.0;1.34404
0.0;0.0;0.430999;0.5498;1.36082
0.541;0.073999;0.7879;0.605199;1.36988
0.515499;0.584;0.3767;0.41;1.04808
0.361499;0.988999;0.3414;0.502699;0.518208
0.609999;0.325;0.55;0.351199;0.720751
0.459;0.311;0.338;0.7851;0.682032
0.686;0.634;0.777999;0.317;0.664627
0.295999;1.0;0.576999;1.0;0.182259
1.0;0.323999;1.0;0.3582;0.498831
0.463;0.616;0.597299;0.6308;0.336796
0.680999;0.669999;0.328;0.4619;0.263845
0.327999;0.311;0.319;0.3106;0.485384
0.236;0.51;0.324999;0.905699;0.33034
1.0;0.657499;0.111;0.0;0.52433
0.0;0.0;0.414999;0.412799;0.850468
0.511;0.2862;0.565799;0.5112;0.860696
0.601099;0.631799;0.5852;0.645799;0.602817
0.5469;0.976999;0.189999;0.0962;0.330352
0.203;0.576;0.475;1.0;0.23666
1.0;0.949;1.0;0.682;0.0985915
0.728699;0.418999;0.604999;0.114999;0.347512
0.118;0.5407;0.463;1.0;0.196343
0.899999;0.499299;1.0;0.655999;0.312322
0.9633;1.0;0.241;0.884799;-0.0632827
0.712699;0.420999;0.497;0.0;0.380045
0.0;0.491;0.612;1.0;0.272965
1.0;1.0;1.0;1.0;0.0214572
1.0;0.902;1.0;0.234999;0.0144834
0.192999;0.301;0.582;0.547899;0.167292
0.631999;0.127699;0.6843;0.6678;0.436097
0.5169;0.5603;0.5056;0.3332;0.430631
0.4971;0.486999;0.240199;0.581099;0.394511
0.484;0.75;0.7159;0.730999;0.247335
0.774999;0.654;0.597999;0.436;0.237792
0.524;1.0;0.772999;1.0;-0.0329738
1.0;1.0;1.0;0.117799;-0.0218575
0.139;0.0;0.649;0.5172;0.33701
0.3827;0.996299;0.4307;0.6777;-0.0279968
0.8943;0.2807;0.301299;0.261299;0.365996
0.010999;0.334699;0.329999;0.375;0.490659
0.478;0.240299;0.0;0.0;0.865173
0.0;0.0;0.0;0.028999;1.28344
0.042999;0.356999;0.536999;0.777999;0.990861
0.832999;0.313;0.776499;0.645;0.971335
0.451999;0.689;0.6315;0.469299;0.673729
0.68;0.366999;0.0;0.0;0.932735
0.0;1.0;0.626999;1.0;0.407463
1.0;1.0;1.0;1.0;0.117617
1.0;1.0;1.0;0.675;-0.0512724
0.673999;0.0;0.344;0.228;0.432276
0.580999;0.463999;0.692999;0.696099;0.481331
0.083;0.227;0.1663;0.2353;0.622022
0.589999;0.847999;0.2897;0.3339;0.426238
0.329;0.31;0.325;0.2507;0.653636
0.222999;0.1152;0.444999;0.740099;0.748646
0.643999;0.9848;0.573;0.8869;0.282621
1.0;0.544999;0.641;0.0;0.563847
0.0;0.0;0.5383;0.5471;0.766205
0.329299;1.0;0.435199;1.0;0.18931
1.0;0.488999;0.3795;0.0;0.506198
0.0;0.052;0.343;0.7733;0.648361
0.726999;0.878;0.817999;0.816699;0.338691
0.853999;0.299999;0.347;0.108199;0.636452
0.069;0.716999;0.631999;1.0;0.338518
1.0;0.442;1.0;0.4649;0.491583
0.375999;0.61;0.537999;0.444499;0.350642
0.725999;0.552999;0.0;0.406;0.363475
0.191;0.348999;0.784999;0.421999;0.556677
0.499;1.0;0.547;1.0;0.0841016
1.0;0.460499;0.677;0.0;0.440788
0.087;0.0309;0.414999;0.6721;0.625807
0.513999;0.427599;0.5341;0.545899;0.591355
0.3077;0.521999;0.559699;0.492;0.490432
0.685299;0.777999;0.5242;0.492999;0.312447
0.606;0.3293;0.386999;0.515999;0.467258
0.473999;1.0;0.652;0.7752;0.135564
0.711;0.411;0.038299;0.765799;0.159442
0.855999;0.602999;1.0;0.456;0.366049
0.576;0.473;0.812299;0.759;0.335776
0.552999;0.564999;0.5221;0.557;0.249761
0.548999;1.0;0.354799;1.0;-0.0982766
1.0;1.0;1.0;1.0;-0.144405
1.0;1.0;1.0;1.0;-0.255347
1.0;0.560999;0.932;0.0172;0.0500555
0.082;0.076999;0.018599;0.134;0.435888
0.138999;0.036;0.7753;0.402699;0.786429
0.445;0.537;0.6191;0.6403;0.574731
0.495999;0.844999;0.0;0.0;0.439405
0.0;1.0;0.0;1.0;0.00878522
1.0;0.956;1.0;0.624899;0.0126774
0.501;0.822;0.499;1.0;-0.169766
1.0;1.0;0.454999;0.0;-0.100816
0.0;0.0;0.0;0.718999;0.23877
0.515;0.425;0.4586;0.0;0.573795
0.517999;1.0;0.53;1.0;0.158429
0.805;0.370099;1.0;0.709999;0.350755
0.417;0.728899;0.518;1.0;0.0608082
1.0;0.862;1.0;1.0;-0.0100617
1.0;0.866999;1.0;0.679199;-0.0658338
0.717999;0.313;0.7163;0.3823;0.208097
0.276;0.615099;0.5177;0.5595;0.141715
0.613999;0.4529;0.317999;0.366;0.281172
0.359;1.0;0.458999;1.0;-0.0508015
1.0;0.426;0.264;0.0;0.354337
0.0;0.0;0.0;0.3268;0.712871
0.404999;0.028999;0.5604;0.0;1.19408
0.0;0.0;0.498199;0.6253;1.16703
0.4112;0.564;0.5216;0.4499;0.869131
0.5428;1.0;0.384199;0.900399;0.316816
0.925999;1.0;0.711;0.8653;0.0788564
0.899;0.125;0.617999;0.0;0.636357
0.0;0.248999;0.319;1.0;0.527989
1.0;0.98;1.0;1.0;0.247007
1.0;0.512499;1.0;0.662999;0.316733
0.412;0.8783;0.349499;0.344;0.0659282
0.471;0.923199;0.5662;1.0;-0.112552
1.0;0.668999;0.956299;0.435999;0.0532384
0.377;0.216999;0.295999;0.4681;0.257664
0.429;0.521;0.353;0.188899;0.399231
0.302999;0.575;0.619999;1.0;0.271749
0.976999;0.409999;0.9733;0.3142;0.51372
0.348;0.8855;0.5947;0.6533;0.164633
0.570999;1.0;0.407299;1.0;-0.160951
1.0;0.841999;1.0;0.996;-0.136281
0.972;1.0;1.0;0.968499;-0.251443
1.0;0.424;0.731;0.387;0.014698
0.337;0.304999;0.0;0.0;0.358009
0.0;0.0;0.654499;0.301699;0.776141
0.408;0.688;0.4809;0.6145;0.46491
0.6153;0.884;0.5686;0.816499;0.159084
0.777699;0.32;0.039;0.0275;0.551581
0.030999;0.204099;0.727999;0.773899;0.653523
0.9;0.6029;0.301999;0.6171;0.498139
0.531;0.601999;1.0;0.5057;0.500142
0.457999;0.323;0.421999;0.218599;0.608885
0.203099;0.483999;0.5381;0.584699;0.499159
0.7389;0.558999;0.0623;0.5146;0.434672
0.412;0.523099;0.459599;0.0172;0.646084
0.0;0.0;0.0;0.315799;0.911146
0.314999;0.246;0.383;0.046199;1.15109
0.054;0.363;0.469999;0.377899;1.01175
0.397999;0.0;0.410899;0.5253;1.16863
0.1653;0.642;0.407399;0.4805;0.799274
0.8327;0.917;0.5587;1.0;0.381076
1.0;0.528999;0.658;0.0964;0.638723
0.125;0.456999;0.616;0.7695;0.512945
0.736999;0.624;0.724;0.522499;0.436425
0.564999;0.474999;0.423999;0.542;0.423085
0.554;0.399;0.6135;0.376;0.570213
0.469999;0.697;0.386499;0.735099;0.326144
0.564;0.585999;0.575;0.5953;0.308269
0.609999;1.0;0.829999;0.905299;0.032794
0.930999;0.040099;0.0;0.0;0.58878
0.0;0.0;0.0;0.161999;1.00399
0.250999;0.0;0.0;0.0;1.44072
0.0;0.0;0.463999;0.561;1.40594
0.518;0.617999;0.492;0.555999;0.990951
0.587999;1.0;0.608999;0.988;0.431364
1.0;0.578;0.4692;0.242999;0.545501
0.129999;0.109999;0.592799;0.457999;0.748199
0.465999;0.441;0.2719;0.407;0.689095
0.519;1.0;0.8141;1.0;0.288087
1.0;0.412999;1.0;0.665999;0.419783
0.421999;0.510999;0.423;0.298999;0.398278
0.370999;0.49;0.0;0.0;0.581276
0.036;0.533999;0.521;1.0;0.413888
1.0;0.853999;0.798;0.3709;0.316542
0.347999;0.03;0.038999;0.1726;0.726681
0.197999;0.655;0.736;0.785499;0.507247
0.784999;0.427;0.7853;0.795;0.478458
0.301;0.304999;0.494699;0.063999;0.659227
0.576;1.0;0.4375;1.0;0.180464
1.0;0.923;1.0;0.774799;0.0861103
0.844499;0.423;0.126199;0.0;0.386548
0.091999;0.025999;0.3678;0.497999;0.721716
0.417;0.447;0.0;0.056;0.825387
0.042;0.0;0.9038;0.586999;1.01029
0.384;0.536;0.287999;0.057;0.891268
0.194999;0.543999;0.106099;0.3001;0.76946
0.33;0.132;0.3534;0.544899;0.932228
0.602999;0.555;0.629499;0.6047;0.764656
0.584999;0.695999;0.7254;0.4033;0.589495
0.43;0.274999;0.198599;0.282599;0.740897
0.182;0.1066;0.572999;0.5314;0.896668
0.481999;0.4144;0.307;0.3172;0.85929
0.344999;0.576999;0.0;0.4402;0.685119
0.581999;0.697;1.0;0.710599;0.569361
0.6052;0.471;0.4542;0.299499;0.566971
0.353799;0.109999;0.098799;0.3215;0.847065
0.266999;0.95;0.711;1.0;0.390303
1.0;0.378199;1.0;0.5276;0.552779
0.584;0.5508;0.3228;0.305699;0.501787
0.403999;0.881999;0.520199;0.9133;0.18509
0.584;0.492;0.547;0.4741;0.266873
0.734999;0.549;0.649299;0.614899;0.298976
0.536999;0.478999;0.459699;0.2755;0.408393
0.231999;0.282199;0.0;0.0;0.69704
0.011;0.0;0.642;0.4452;0.955313
0.275999;0.366;0.347999;0.446299;0.827741
0.512799;0.617999;0.1623;0.3971;0.664752
0.430199;0.385999;0.6297;0.448799;0.741583
0.417;0.658;0.045;0.8018;0.404053
0.822;0.918;1.0;0.647;0.289529
0.539599;0.319999;0.421899;0.361999;0.432258
0.491399;0.228999;0.5779;0.549999;0.613981
0.332999;0.507;0.4512;0.281;0.577539
0.534;0.498;0.3417;0.4368;0.569874
0.447;0.631;0.5738;0.776899;0.404262
0.73;0.863999;0.6435;0.946299;0.138872
0.922999;0.643;0.191999;0.0;0.327754
