<OPEN>;<HIGH>;<LOW>;<CLOSE>;<VOL>;(predicted -> )<CLOSE>
1.0;1.0;1.0;1.0;0.5;-1.27096
1.0;1.0;1.0;1.0;0.5;5.44203
1.0;1.0;1.0;1.0;0.5;-4.67241
1.0;1.0;1.0;1.0;0.5;-5.79435
0.0;0.0;0.0;0.0;0.5;-3.94846
0.0;0.0;0.0;0.0;0.5;0.721723
0.0;0.0;0.0;0.0;0.5;-0.356608
0.0;0.0;0.0;0.0;0.5;0.684422
0.5;0.5;0.5;0.5;0.5;-5.86897
0.0;0.0;0.0;0.0;0.5;2.58524
0.519;0.519;0.519;0.519;0.5;-2.07304
0.494;0.494;0.494;0.494;0.5;5.34128
1.0;1.0;1.0;1.0;0.5;-1.08265
1.0;1.0;1.0;1.0;0.5;-2.92407
1.0;1.0;1.0;1.0;0.5;10.5456
0.0;0.0;0.0;0.0;0.5;-4.45567
0.0;0.0;0.0;0.0;0.5;5.19912
0.622;0.622;0.622;0.622;0.5;2.82908
0.822999;0.822999;0.822999;0.822999;0.5;-2.02718
0.268;0.268;0.268;0.268;0.5;1.35818
0.669;0.669;0.669;0.669;0.5;-5.98133
0.442;0.442;0.442;0.442;0.5;1.88754
0.762;0.762;0.762;0.762;0.5;2.24725
0.597;0.597;0.597;0.597;0.5;-3.34499
0.262999;0.262999;0.262999;0.262999;0.5;-5.72298
0.577999;0.577999;0.577999;0.577999;0.5;10.3181
1.0;1.0;1.0;1.0;0.5;0.74749
0.689999;0.689999;0.689999;0.689999;0.5;-3.09076
0.513;0.513;0.513;0.513;0.5;-2.77633
0.015;0.015;0.015;0.015;0.5;4.56139
0.123999;0.123999;0.123999;0.123999;0.5;-4.49121
0.0;0.0;0.0;0.0;0.5;3.50971
1.0;1.0;1.0;1.0;0.5;1.72575
1.0;1.0;1.0;1.0;0.5;6.98184
1.0;1.0;1.0;1.0;0.5;6.48789
0.0;0.0;0.0;0.0;0.5;-2.75171
0.0;0.0;0.0;0.0;0.5;-5.79849
0.173;0.173;0.173;0.173;0.5;3.88711
0.696999;0.696999;0.696999;0.696999;0.5;1.66233
0.289;0.289;0.289;0.289;0.5;-5.75814
0.544;0.544;0.544;0.544;0.5;2.24621
0.334999;0.334999;0.334999;0.334999;0.5;6.14758
0.268;0.268;0.268;0.268;0.5;7.86811
0.555;0.555;0.555;0.555;0.5;-5.36341
0.089999;0.089999;0.089999;0.089999;0.5;-2.38023
0.0;0.0;0.0;0.0;0.5;4.49551
0.029;0.029;0.029;0.029;0.5;2.28251
0.312999;0.312999;0.312999;0.312999;0.5;5.71069
1.0;1.0;1.0;1.0;0.5;1.24851
0.5;0.5;0.5;0.5;0.5;3.66532
0.215;0.215;0.215;0.215;0.5;-1.93104
0.891999;0.891999;0.891999;0.891999;0.5;6.22962
0.508;0.508;0.508;0.508;0.5;-10.3772
1.0;1.0;1.0;1.0;0.5;6.17002
0.658999;0.658999;0.658999;0.658999;0.5;3.24345
1.0;1.0;1.0;1.0;0.5;2.50264
0.257999;0.257999;0.257999;0.257999;0.5;-2.40017
0.486999;0.486999;0.486999;0.486999;0.5;-1.56515
0.0;0.0;0.0;0.0;0.5;3.51896
0.333;0.333;0.333;0.333;0.5;-0.782656
1.0;1.0;1.0;1.0;0.5;1.95528
0.265;0.265;0.265;0.265;0.5;-1.23962
0.440999;0.440999;0.440999;0.440999;0.5;-3.57371
0.63;0.63;0.63;0.63;0.5;-2.86486
0.498999;0.498999;0.498999;0.498999;0.5;2.15697
1.0;1.0;1.0;1.0;0.5;-3.57298
0.967;0.967;0.967;0.967;0.5;-2.36949
1.0;1.0;1.0;1.0;0.5;0.111824
1.0;1.0;1.0;1.0;0.5;0.11214
1.0;1.0;1.0;1.0;0.5;2.34674
0.309999;0.309999;0.309999;0.309999;0.5;0.369901
0.402;0.402;0.402;0.402;0.5;-2.97357
0.245999;0.245999;0.245999;0.245999;0.5;-1.11622
1.0;1.0;1.0;1.0;0.5;-2.50533
0.942;0.942;0.942;0.942;0.5;5.08604
0.646;0.646;0.646;0.646;0.5;5.49048
0.87;0.87;0.87;0.87;0.5;-4.12996
0.739999;0.739999;0.739999;0.739999;0.5;6.03671
0.292;0.292;0.292;0.292;0.5;-1.61965
0.509999;0.509999;0.509999;0.509999;0.5;-9.27007
0.0;0.0;0.0;0.0;0.5;0.554109
0.0;0.0;0.0;0.0;0.5;0.511664
0.163999;0.163999;0.163999;0.163999;0.5;-6.36981
0.056;0.056;0.056;0.056;0.5;2.945
1.0;1.0;1.0;1.0;0.5;-2.27174
0.369;0.369;0.369;0.369;0.5;-6.48182
0.332;0.332;0.332;0.332;0.5;10.0622
0.0;0.0;0.0;0.0;0.5;0.507897
0.5;0.5;0.5;0.5;0.5;-3.57102
0.5;0.5;0.5;0.5;0.5;4.59389
0.5;0.5;0.5;0.5;0.5;6.05341
0.5;0.5;0.5;0.5;0.5;-3.97661
0.5;0.5;0.5;0.5;0.5;-5.69696
0.5;0.5;0.5;0.5;0.5;2.11527
0.5;0.5;0.5;0.5;0.5;-0.906569
0.5;0.5;0.5;0.5;0.5;10.2474
0.5;0.5;0.5;0.5;0.5;1.02629
0.5;0.5;0.5;0.5;0.5;-0.406515
0.5;0.5;0.5;0.5;0.5;-0.332367
0.5;0.5;0.5;0.5;0.5;5.62035
0.5;0.5;0.5;0.5;0.5;0.802231
0.5;0.5;0.5;0.5;0.5;1.54405
0.5;0.5;0.5;0.5;0.5;7.26392
1.0;1.0;1.0;1.0;0.5;0.702977
0.3226;0.3018;0.3226;0.2997;0.5;-1.70815
0.483999;0.483999;0.483999;0.493099;0.5;-1.22573
0.080999;0.080999;0.080999;0.080999;0.5;5.24572
0.6907;0.6907;0.6907;0.6907;0.5;1.12624
0.4021;0.4021;0.4021;0.4021;0.5;-2.50292
0.6398;0.6398;0.6398;0.6398;0.5;2.00194
0.523099;0.523099;0.523099;0.523099;0.5;1.50184
0.459299;0.459299;0.459299;0.459299;0.5;6.89803
0.442;0.442;0.442;0.442;0.5;4.66806
0.503499;0.503499;0.503499;0.503499;0.5;-1.6279
0.2972;0.2972;0.2972;0.2972;0.5;1.31546
0.4756;0.4756;0.4756;0.4756;0.5;3.32245
0.6336;0.6336;0.6336;0.6336;0.5;3.9518
0.468599;0.468599;0.468599;0.468599;0.5;2.67869
0.5286;0.6026;0.4726;0.5306;0.5;-4.04565
0.2769;0.2029;0.3329;0.274899;0.5;8.32325
0.6033;0.6033;0.6033;0.6033;0.5;0.441033
0.392099;0.392099;0.392099;0.392099;0.5;0.305987
0.1263;0.1263;0.1263;0.1263;0.5;-2.71583
0.275199;0.275199;0.275199;0.275199;0.5;-0.354564
0.4282;0.4282;0.4282;0.4282;0.5;3.11694
0.4953;0.4953;0.4953;0.4953;0.5;-2.25342
0.6645;0.6645;0.6645;0.6645;0.5;4.2368
0.3964;0.3964;0.3964;0.3964;0.5;5.48442
0.421099;0.421099;0.421099;0.421099;0.5;-2.07272
0.6291;0.6291;0.6291;0.6291;0.5;5.35299
0.472799;0.472799;0.472799;0.472799;0.5;8.65059
0.6168;0.6168;0.6168;0.6168;0.5;-4.82934
0.492599;0.492599;0.492599;0.492599;0.5;3.25152
0.525099;0.525099;0.525099;0.525099;0.5;4.48582
0.486;0.486;0.486;0.486;0.5;-6.834
0.6226;0.6226;0.6226;0.6226;0.5;2.32246
0.451999;0.451999;0.451999;0.451999;0.5;2.05107
0.6442;0.6442;0.6442;0.6442;0.5;-2.44895
0.091899;0.091899;0.091899;0.091899;0.5;2.8939
0.910399;0.910399;0.910399;0.910399;0.5;3.60932
0.9116;0.9116;0.9116;0.9116;0.5;-1.71894
1.0;1.0;1.0;1.0;0.5;1.23181
0.216;0.216;0.216;0.216;0.5;4.2219
0.438599;0.7135;0.4025;0.7014;0.5;6.04204
0.7494;0.793799;0.785499;0.793499;0.5;-6.5478
0.782399;1.0;0.782399;1.0;0.5;-2.30024
1.0;1.0;1.0;0.0;0.5;4.31364
1.0;0.450599;0.4004;1.0;0.5;3.74419
0.0;0.0;0.0;0.0;0.5;-0.791412
0.0;0.0;0.132;0.0;0.5;-0.380748
0.068699;0.5499;0.2207;1.0;0.5;3.56515
1.0;1.0;1.0;1.0;0.5;-5.63725
1.0;0.0;1.0;0.0;0.5;1.17765
1.0;1.0;1.0;0.8767;0.5;0.15719
0.2071;0.375;0.277999;0.549299;0.5;-1.17748
0.5909;0.509;0.655;0.173;0.5;8.09627
0.728999;0.509;0.739;1.0;0.5;-6.64042
0.459;0.459;0.459;0.459;0.5;-2.36171
0.402999;0.402999;0.402999;0.402999;0.5;1.83427
0.108;0.108;0.108;0.108;0.5;0.686145
0.553999;0.553999;0.553999;0.553999;0.5;-1.05975
0.0;0.0;0.0;0.0;0.5;2.82421
0.441999;0.441999;0.441999;0.441999;0.5;-3.32805
0.0;0.0;0.0;0.0;0.5;-2.67184
0.495;0.495;0.495;0.495;0.5;1.97359
0.288999;0.288999;0.288999;0.288999;0.5;-6.04795
0.535;0.535;0.535;0.535;0.5;1.08266
0.601;0.601;0.601;0.601;0.5;-0.632161
0.0;0.0;0.0;0.0;0.5;-1.47587
0.702999;0.702999;0.702999;0.702999;0.5;-4.35979
0.433;0.433;0.433;0.433;0.5;7.11868
0.111;0.111;0.111;0.111;0.5;-2.11106
0.913999;0.913999;0.913999;0.913999;0.5;-4.29851
0.594;0.594;0.594;0.594;0.5;0.753308
0.565;0.565;0.565;0.565;0.5;-7.70227
0.518;0.518;0.518;0.518;0.5;-4.69369
0.241;0.241;0.241;0.241;0.5;1.72018
0.781199;0.781199;0.781199;0.781199;0.5;-2.84897
0.425799;0.425799;0.425799;0.425799;0.5;-4.97341
0.424;0.424;0.424;0.424;0.5;-2.03474
1.0;1.0;1.0;1.0;0.5;-5.74042
0.729499;0.729499;0.729499;0.729499;0.5;1.68607
0.2615;0.2615;0.2615;0.2615;0.5;-0.591826
0.0;0.0;0.0;0.0;0.5;-2.59471
0.485;0.485;0.485;0.485;0.5;-6.68501
0.7134;0.7134;0.7134;0.7134;0.5;3.68204
0.4376;0.4376;0.4376;0.4376;0.5;-5.82326
0.326999;0.326999;0.326999;0.326999;0.5;-0.796628
0.353899;0.353899;0.353899;0.353899;0.5;5.71213
0.1731;0.1731;0.1731;0.1731;0.5;-3.73296
0.3686;0.3686;0.3686;0.3686;0.5;2.31888
0.476399;0.476399;0.476399;0.476399;0.5;-0.0688193
0.6931;0.6931;0.6931;0.6931;0.5;1.20381
0.5959;0.759899;0.5029;0.533899;0.5;4.39542
0.3447;0.1807;0.4377;0.4067;0.5;4.99352
0.0013;0.0013;0.0013;0.0013;0.5;-7.29632
0.6509;0.8441;0.572599;0.7028;0.5;-4.48031
0.603199;0.521899;0.4485;0.410999;0.5;-4.29509
0.6011;0.4905;0.526699;0.2932;0.5;2.83734
0.2149;0.461599;0.5223;0.721999;0.5;7.45437
0.9895;0.8249;0.6617;0.6056;0.5;-0.340688
0.189599;0.270199;0.4878;0.401399;0.5;-2.43777
0.603999;0.5501;0.633599;0.663;0.5;3.62321
0.5491;0.480499;0.4388;0.401699;0.5;3.02126
0.3033;0.376899;0.3587;0.4123;0.5;-2.06289
0.6096;0.5133;0.364599;0.224;0.5;2.71658
0.180899;0.459;0.4573;0.513999;0.5;1.88747
0.3499;0.3591;0.3734;0.487;0.5;1.52822
0.7696;0.505199;0.474999;0.416999;0.5;-0.901401
0.3352;0.412199;0.498;0.718;0.5;3.11638
0.607299;0.4944;0.472;0.228;0.5;1.70823
0.3823;0.439499;0.612099;0.778399;0.5;7.97016
0.680099;0.8378;0.6519;0.7374;0.5;-0.98018
0.515899;0.410699;0.5668;0.393;0.5;-5.69552
0.4147;0.312799;0.218999;0.1582;0.5;0.0861468
0.334;0.4993;0.4649;0.518799;0.5;5.2364
0.5762;0.407;0.266999;0.3061;0.5;1.46998
0.1316;0.4037;0.5304;0.7745;0.5;-3.54521
0.822099;0.587299;0.4259;0.4316;0.5;1.5325
0.4737;0.452099;0.805899;0.44;0.5;4.85232
0.481999;0.5699;0.4673;0.5717;0.5;-2.70737
0.347;0.513999;0.387699;0.437199;0.5;-0.151133
0.579099;0.342;0.3404;0.4091;0.5;3.66014
0.3281;0.349;0.157499;0.403099;0.5;4.22084
0.452299;0.4862;0.8172;0.5931;0.5;0.445783
0.5102;0.503299;0.5;0.5058;0.5;3.63281
0.5815;0.5528;0.591;0.4895;0.5;0.328863
0.447899;0.441599;0.4845;0.4732;0.5;2.61928
0.3099;0.3609;0.079899;0.307299;0.5;2.38794
0.8855;1.0;1.0;1.0;0.5;-2.09043
0.867799;0.5372;0.888999;0.679;0.5;-0.833803
0.606999;0.606999;0.606999;0.606999;0.5;-0.826549
0.4588;0.578399;0.4588;0.337;0.5;-0.232559
0.5468;0.9066;0.5468;0.9831;0.5;5.10942
0.814499;0.4428;0.156399;0.0;0.5;4.14541
0.4566;0.526399;1.0;1.0;0.5;5.16895
0.552099;0.5329;0.638;0.629799;0.5;-2.55912
0.616799;0.552699;0.563099;0.475;0.5;1.26332
0.4511;0.3933;0.4457;0.4239;0.5;-4.81066
0.4845;0.516999;0.494699;0.622199;0.5;-1.12115
0.6321;0.914;0.681;0.7239;0.5;0.284964
0.878699;0.6017;0.739799;0.533;0.5;-1.54467
0.41;0.802699;0.5195;0.867;0.5;5.34732
0.8227;1.0;0.716999;0.594999;0.5;1.62343
0.745799;0.0;0.8809;0.684999;0.5;-4.00255
0.5636;0.4397;0.0;0.1059;0.5;-0.602734
0.062;0.055599;0.8481;0.3001;0.5;-2.72829
0.6205;0.8644;0.6949;0.430999;0.5;0.44682
0.308899;0.069;0.295999;0.5821;0.5;0.306404
0.3736;0.347999;0.1079;0.0249;0.5;0.23579
0.2315;0.209;0.0;0.526199;0.5;-5.22217
0.3619;0.7577;0.8944;0.951699;0.5;5.99287
0.911299;0.8889;0.599399;0.053;0.5;4.06676
0.666;0.3765;0.1171;0.574099;0.5;-0.906944
0.0;0.0555;0.882999;0.312;0.5;-2.11924
0.7195;0.498799;0.5577;0.535;0.5;-3.59272
0.358;0.3594;0.0;0.338;0.5;-0.541091
0.443199;0.533199;1.0;0.863799;0.5;-1.51966
0.5885;0.528;0.4779;0.4088;0.5;2.59419
0.5347;1.0;0.644199;0.877399;0.5;-2.48647
0.9097;0.650099;0.9108;1.0;0.5;4.73621
1.0;0.9506;1.0;0.9654;0.5;-3.95312
0.9922;0.6113;0.967199;0.145199;0.5;-4.47813
0.3553;0.1449;0.3303;0.634;0.5;3.29449
0.4206;0.4834;0.3504;0.398299;0.5;4.30863
0.505199;0.6006;0.581399;0.5179;0.5;0.929827
0.520299;0.409299;0.4184;0.2008;0.5;-3.27092
0.2636;0.4767;0.105799;0.052999;0.5;1.715
0.173;0.0;0.2515;0.7753;0.5;3.18149
0.564499;0.5383;0.4001;0.2501;0.5;1.57487
0.079;0.1615;0.320499;0.113599;0.5;-6.44934
0.608499;0.7564;0.7058;0.597;0.5;2.09855
0.418099;0.306999;0.396999;0.547;0.5;-0.2523
0.5817;0.632;0.6157;0.379;0.5;-7.75611
0.3643;0.418899;0.4022;0.584999;0.5;-2.39656
0.7192;0.5912;0.7192;0.9047;0.5;3.23814
0.424499;0.4169;0.287399;0.0;0.5;-1.90968
0.6022;0.561199;0.6606;0.9583;0.5;1.04818
0.3953;0.3904;0.390499;0.1707;0.5;2.43313
0.238099;0.367599;0.296399;0.495999;0.5;0.0387373
0.7634;0.7118;0.6778;0.9308;0.5;1.96666
0.651399;0.847;0.7622;0.4312;0.5;-1.57289
0.805099;0.997;0.805099;0.975999;0.5;-3.22957
0.698499;0.741599;0.548;1.0;0.5;0.433421
0.9855;0.5913;0.267199;0.2281;0.5;7.62273
0.561399;0.409099;1.0;0.498;0.5;4.67212
0.3506;0.4366;0.5837;0.547999;0.5;7.10473
0.5468;0.474699;0.4314;0.5558;0.5;1.75728
0.279;0.3597;0.0;0.2332;0.5;-0.55663
0.540599;0.6733;1.0;0.745999;0.5;-4.49717
0.8453;0.616399;0.6749;0.698399;0.5;0.11493
0.4323;0.548;0.0;0.4206;0.5;1.92806
0.6754;0.909399;1.0;0.95;0.5;-1.20723
0.826599;0.4741;0.646599;0.572999;0.5;-2.5282
0.2424;0.4858;0.0;0.4512;0.5;3.86737
0.5117;0.9188;1.0;0.0;0.5;3.93085
0.351899;0.0;0.1663;0.641999;0.5;-2.08731
0.5246;0.369899;0.504199;0.12;0.5;1.96569
0.5274;0.485099;0.3868;0.691099;0.5;0.271058
0.1035;0.1113;0.3194;0.0569;0.5;3.66728
0.2328;0.7475;0.505099;0.727;0.5;-0.66787
0.6855;0.4204;0.6855;0.8751;0.5;3.14955
0.675799;0.566799;0.4194;0.4133;0.5;-1.73645
0.1704;0.604;0.4268;0.5213;0.5;1.91706
0.782399;0.539999;0.782399;0.578699;0.5;-1.92645
0.5946;0.2893;0.526199;0.2276;0.5;1.32383
0.4527;0.515699;0.4318;0.672499;0.5;-2.37232
0.2006;0.728999;0.279199;0.352999;0.5;4.79397
0.641999;0.0767;0.476199;0.1485;0.5;-1.3032
0.3294;0.298699;0.4282;0.737199;0.5;1.44322
0.4773;0.5522;0.5473;0.6019;0.5;1.38186
0.5732;0.570399;0.559799;0.1849;0.5;1.66048
0.4553;0.4933;0.3835;0.689399;0.5;0.694841
0.434799;0.350399;0.4161;0.407299;0.5;5.26964
0.478;0.4981;0.5671;0.556799;0.5;1.62501
0.472999;0.831199;0.4955;0.812;0.5;1.43781
0.8171;0.4835;0.625799;0.0;0.5;3.44089
0.2803;0.2165;0.3982;0.575999;0.5;2.14117
0.4757;0.783999;0.549099;0.646;0.5;-1.2383
0.612099;0.3441;0.506499;0.588799;0.5;0.354678
0.3712;0.2972;0.186199;0.0;0.5;5.49555
0.314299;0.518699;0.5059;0.922999;0.5;2.42482
0.470099;0.387;0.0;0.2985;0.5;7.48301
0.3077;0.403499;1.0;0.4472;0.5;-2.51347
0.5011;0.5161;0.4864;0.365299;0.5;-4.37214
0.666399;0.727399;0.724399;0.417;0.5;1.01576
0.4307;0.2373;0.3947;0.692399;0.5;6.92632
0.357299;0.426199;0.460899;0.5581;0.5;5.05678
0.6028;1.0;0.6028;1.0;0.5;1.20522
1.0;0.7532;1.0;0.4733;0.5;0.138331
0.6505;0.489999;0.6505;0.656099;0.5;-2.34735
0.571099;0.468;0.240499;0.1081;0.5;0.32897
0.294499;0.2222;0.4824;0.588899;0.5;2.13385
0.1181;0.3767;0.2608;0.1226;0.5;6.70531
0.747799;0.485299;0.459199;0.596699;0.5;-0.325769
0.2302;0.2604;0.390799;0.494;0.5;-2.54575
0.537;0.690899;0.6429;0.6273;0.5;-3.58632
0.670099;0.6796;0.4376;0.318899;0.5;4.50914
0.2815;0.1169;0.4148;0.5059;0.5;11.6971
0.4952;0.5688;0.6261;0.530999;0.5;3.1283
0.499399;0.4262;0.4316;0.430199;0.5;2.41304
0.5248;0.647499;0.5212;0.7167;0.5;-1.85446
0.616;0.5775;0.6408;0.5183;0.5;-2.43417
0.5257;0.698499;0.5627;0.787099;0.5;6.12012
0.804599;0.7004;0.804599;0.504999;0.5;-0.794947
0.5396;0.5941;0.5396;0.6171;0.5;-0.531065
0.6558;0.407399;0.5778;0.3576;0.5;6.36868
0.450499;0.476199;0.5285;0.598599;0.5;-1.4057
0.4828;0.559;0.4828;0.5572;0.5;2.84249
0.767099;1.0;0.767099;0.9544;0.5;-0.905454
0.8624;0.735099;0.783899;0.5363;0.5;-0.0968514
0.4221;0.5221;0.4635;0.706399;0.5;-0.67122
0.588999;0.2789;0.0;0.399899;0.5;2.14211
0.4596;1.0;1.0;1.0;0.5;-2.42119
1.0;1.0;1.0;0.811799;0.5;4.71275
1.0;0.171299;0.392599;0.8559;0.5;5.43885
0.565299;0.238399;1.0;0.348499;0.5;-3.18137
0.3273;0.2791;0.095299;0.0731;0.5;-1.17817
0.1235;0.2272;0.4331;0.4855;0.5;-0.701689
0.497;0.384;0.575999;0.523;0.5;1.4207
0.2478;0.491199;0.2658;0.509399;0.5;-0.586432
0.625699;0.497799;0.5517;0.415399;0.5;0.489634
0.6953;0.5919;0.421499;0.3903;0.5;0.248009
0.1207;0.146599;0.3373;0.2783;0.5;1.00434
0.5566;0.582699;0.528599;0.550599;0.5;1.62779
0.3521;0.424499;0.5113;0.4917;0.5;-0.663537
0.492899;0.4458;0.172699;0.1494;0.5;-0.603103
0.1076;0.077899;0.1754;0.165599;0.5;-2.6604
0.3492;0.414999;0.529499;0.5187;0.5;3.22708
0.263299;0.2573;0.1961;0.362299;0.5;0.630898
0.4211;0.6121;0.5604;0.7321;0.5;5.03849
0.6938;0.913699;0.539299;0.882099;0.5;2.9578
1.0;0.668199;0.8583;0.1834;0.5;3.07627
0.2843;0.1522;0.4435;0.495099;0.5;1.1358
0.446899;0.7221;0.5916;0.7705;0.5;0.837606
0.706299;0.555399;0.7073;0.540099;0.5;0.0567081
0.6098;0.5042;0.381;0.389199;0.5;5.29474
0.2392;0.399;0.5008;0.614;0.5;-0.681942
0.7391;0.584599;0.432199;0.2239;0.5;-1.35561
0.148299;0.2648;0.404;0.6211;0.5;1.08463
0.5654;0.560299;0.5788;0.582099;0.5;7.91764
0.6556;0.8119;0.6934;0.5629;0.5;-0.404697
0.666499;0.3808;0.6015;0.5518;0.5;2.68825
0.49;0.504;0.507999;0.559999;0.5;-1.77292
0.632899;1.0;0.6799;1.0;0.5;3.78386
0.919699;0.495799;0.764199;0.2998;0.5;4.96178
0.369;0.332899;0.062599;0.1555;0.5;0.76384
0.0405;0.0849;0.099;0.005299;0.5;0.262964
0.0;0.0;0.0;0.2019;0.5;1.02366
0.738699;0.6736;0.643599;0.432499;0.5;1.99611
0.595;0.305399;0.4695;0.5448;0.5;-3.79034
0.553999;0.6352;0.4224;0.305199;0.5;4.13058
0.1582;0.172699;0.4595;0.489899;0.5;5.48975
0.3306;0.4098;0.381499;0.430099;0.5;1.30649
0.4923;0.3743;0.4055;0.3333;0.5;0.449157
0.483699;0.4894;0.465799;0.521899;0.5;1.13789
0.6448;0.6828;0.6702;0.7885;0.5;3.74159
0.6059;0.4737;0.456;0.4116;0.5;5.95741
0.360999;0.6267;0.590199;0.527899;0.5;-2.13347
0.4707;0.292999;0.4193;0.4357;0.5;-0.14444
0.581199;0.5986;0.56;0.5871;0.5;0.635392
0.5102;0.550999;0.523699;0.526;0.5;-0.680685
0.5062;0.4192;0.5119;0.388999;0.5;-0.180209
0.529199;0.469999;0.582599;0.594799;0.5;0.359214
0.5053;0.5649;0.4514;0.4365;0.5;1.10144
0.114799;0.163999;0.1687;0.2669;0.5;-2.57844
0.588999;0.7473;0.571999;0.707599;0.5;-1.46168
0.8481;0.5838;0.7059;0.576899;0.5;0.684166
0.575199;0.6036;0.4581;0.3884;0.5;3.76263
0.1372;0.189599;0.3674;0.3413;0.5;2.66085
0.2557;0.268999;0.1509;0.2145;0.5;1.49363
0.4483;0.8207;0.5992;0.996399;0.5;-0.397897
0.931999;0.5154;0.8059;0.4638;0.5;3.68036
0.3692;0.5912;0.448499;0.544999;0.5;2.75003
0.656799;0.4051;0.581;0.5115;0.5;-0.675744
0.6724;0.8203;0.710699;0.369199;0.5;-0.379962
0.461499;0.371099;0.3516;0.312999;0.5;-2.96776
0.2877;0.315999;0.4131;0.7775;0.5;-5.43259
0.4465;0.569;0.5153;0.4626;0.5;3.22124
0.663;0.642999;0.559;0.4513;0.5;1.35373
0.406399;0.265;0.314999;0.337899;0.5;1.47683
0.3558;0.3344;0.4543;0.4182;0.5;2.21456
0.392599;0.5443;0.4875;0.6082;0.5;-1.90069
0.8249;0.9513;0.8269;0.796299;0.5;2.80676
0.384799;0.072599;0.2303;0.0;0.5;6.85309
0.062799;0.2291;0.116399;0.062;0.5;1.68137
0.465299;0.377299;0.4542;0.8004;0.5;0.0831666
0.3959;0.4725;0.507899;0.523599;0.5;3.42976
0.4877;0.338;0.0512;0.0;0.5;5.92716
0.0;0.087499;0.235599;0.6433;0.5;-2.706
0.555599;0.422;0.3073;0.0;0.5;0.0159325
0.1745;0.1479;0.3138;0.7637;0.5;1.88921
0.493099;0.4742;0.6173;0.556899;0.5;-2.4993
0.6592;0.6052;0.420299;0.1684;0.5;-2.49234
0.002199;0.2925;0.0;0.190299;0.5;-0.788629
0.3064;0.108699;0.9308;0.3947;0.5;2.14892
0.459;0.6187;0.654499;0.8178;0.5;3.45792
0.7466;0.5966;0.5527;0.417199;0.5;6.47209
0.404199;0.4438;0.591;0.7169;0.5;4.40641
0.7639;0.8124;0.747599;0.6889;0.5;5.73016
0.3426;0.481999;0.213699;0.241799;0.5;4.26143
0.4514;0.306999;0.5275;0.6454;0.5;1.48333
0.9229;0.7432;0.7325;0.532999;0.5;-0.704854
0.213299;0.2728;0.245;0.239;0.5;-2.22787
0.3022;0.2878;0.3627;0.368;0.5;5.79193
0.4421;0.488199;0.5261;0.5717;0.5;4.13805
0.4176;0.489999;0.0122;0.471699;0.5;-5.58274
0.5703;0.6072;0.923999;0.7312;0.5;-0.257903
0.6644;0.998799;0.8199;0.5656;0.5;0.0731053
0.593399;0.177199;0.524799;0.604799;0.5;4.03891
0.413899;0.4514;0.379799;0.4457;0.5;-1.95088
0.744;1.0;0.8455;1.0;0.5;2.00609
0.8298;0.4389;0.8;0.4239;0.5;-2.93228
0.5046;0.818999;0.535599;0.559799;0.5;3.99197
0.627399;0.491;0.5762;0.476199;0.5;-4.71005
0.6841;0.606999;0.610599;0.5865;0.5;6.19487
0.3706;0.8038;0.4953;0.916399;0.5;1.08623
0.9877;0.438199;0.846;0.5463;0.5;3.38801
0.4489;0.7499;0.5906;0.6798;0.5;-3.93278
0.712299;0.6751;0.712299;0.620999;0.5;-1.43973
0.6517;0.5622;0.439399;0.3393;0.5;2.04211
0.3506;0.409799;0.4656;0.568099;0.5;2.86312
0.4726;0.2828;0.5699;0.5547;0.5;6.90059
0.586099;0.8942;0.586099;0.6872;0.5;5.00947
0.7174;0.573999;0.646699;0.4431;0.5;-5.20778
0.377599;0.1171;0.2651;0.267199;0.5;5.31468
0.3553;0.6404;0.439399;0.808399;0.5;-2.50437
0.8005;0.7635;0.7567;0.431;0.5;-1.70739
0.311599;0.099;0.2635;0.123;0.5;-3.29652
0.267499;0.507999;0.292899;0.218;0.5;2.87766
0.3353;0.135999;0.2667;0.413499;0.5;4.94383
0.1747;0.341;0.391999;0.3808;0.5;6.39755
0.4513;0.2224;0.320999;0.487299;0.5;1.1478
0.5211;0.7876;0.6683;0.6804;0.5;1.43395
0.7028;0.645;0.5594;0.4752;0.5;-2.07913
0.3806;0.456699;0.5102;0.7303;0.5;-2.31287
0.7988;0.6825;0.8126;0.604699;0.5;-3.11606
0.523;0.320799;0.4177;0.2818;0.5;0.178558
0.3919;0.418;0.432199;0.56;0.5;2.21624
0.548099;0.898;0.613099;0.5886;0.5;7.07666
0.5017;0.256;0.4619;0.386799;0.5;-4.82489
0.3908;0.550999;0.3497;0.4139;0.5;-0.5252
0.5119;0.59;0.5928;0.5805;0.5;0.613213
0.590499;0.250399;0.420999;0.377499;0.5;3.53712
0.331099;0.4956;0.1648;0.1715;0.5;-3.10389
0.1989;0.277999;0.3109;0.139199;0.5;-2.07021
0.181999;0.097599;0.405799;0.7786;0.5;-0.683325
0.716699;0.5425;0.6029;0.404699;0.5;-1.95121
0.4186;0.471899;0.271099;0.0207;0.5;-0.378382
0.0487;0.249;0.2307;0.5563;0.5;4.96895
0.5089;0.244199;0.3614;0.480499;0.5;-1.42456
0.560199;0.7773;0.7667;0.7404;0.5;-0.485235
0.7021;0.666499;0.6171;0.4175;0.5;-3.13195
0.248799;0.515699;0.354099;0.7667;0.5;-0.285822
0.9217;0.6013;0.877099;0.539099;0.5;-2.86279
0.549999;0.617999;0.4542;0.3851;0.5;-3.51946
0.2937;0.15;0.2674;0.287199;0.5;-2.57494
0.3066;0.445499;0.4695;0.6094;0.5;1.85989
0.64;0.630499;0.5581;0.3931;0.5;4.38462
0.223099;0.281;0.052299;0.0;0.5;0.976134
0.4;0.1766;0.218399;0.402699;0.5;-6.0293
0.1369;0.273399;0.5129;0.564;0.5;-2.89351
0.6084;0.664;0.5839;0.5766;0.5;-1.05391
0.4816;0.488;0.336099;0.229699;0.5;-6.6364
0.285899;0.215999;0.3748;0.4373;0.5;2.56609
0.4861;0.652;0.591799;0.7163;0.5;4.7346
0.7146;0.751999;0.6371;0.2414;0.5;-5.6409
0.375299;0.267;0.4296;0.682599;0.5;-7.34461
0.5792;0.609999;0.6399;0.8241;0.5;-2.16743
0.8382;0.625999;0.562;0.5062;0.5;-2.62161
0.436699;0.54;0.657899;0.529399;0.5;3.27417
0.5433;0.382899;0.3468;0.2498;0.5;-1.21405
0.224799;0.435099;0.354699;0.2539;0.5;-0.23632
0.3641;0.1655;0.3166;0.464199;0.5;2.73266
0.2653;0.503499;0.3727;0.4704;0.5;2.58175
0.5591;0.5192;0.7227;0.520399;0.5;-5.29914
0.5626;0.557099;0.460699;0.6935;0.5;-0.419378
0.601399;0.591699;0.5395;0.4035;0.5;-1.02141
0.4257;0.58;0.424199;0.239999;0.5;-1.79884
0.355;0.135999;0.305499;0.597799;0.5;-7.31838
0.552199;0.4553;0.4489;0.3411;0.5;-1.05866
0.3355;0.617799;0.5459;0.6671;0.5;-6.53447
0.762;0.4539;0.7638;0.657;0.5;-1.63984
0.4968;0.645;0.248899;0.271599;0.5;-2.61819
0.309099;0.282999;0.0602;0.0;0.5;0.144768
0.0;0.0;0.334699;0.669;0.5;-1.22874
0.639499;0.6937;0.5324;0.4875;0.5;2.96649
0.381;0.2375;0.291899;0.2892;0.5;-4.76442
0.2335;0.4055;0.462;0.2593;0.5;-2.55827
0.624699;0.637;0.617;0.629999;0.5;-4.88757
0.3632;0.547;0.3672;0.475;0.5;2.70432
0.5046;0.37;0.480799;0.428899;0.5;3.94409
0.287399;0.059599;0.329499;0.3474;0.5;3.61162
0.525;0.477799;0.4451;0.5228;0.5;-4.23653
0.431099;0.421199;0.4473;0.2469;0.5;0.592447
0.4681;0.7424;0.543599;0.8504;0.5;-2.82844
0.7931;1.0;0.7931;0.790599;0.5;-3.12194
1.0;0.262;0.916599;0.617;0.5;-1.78218
0.3486;0.550999;0.507899;0.673;0.5;4.06549
0.697099;0.625;0.639099;0.483999;0.5;-4.60936
0.4554;0.5062;0.5308;0.513;0.5;2.65571
0.407299;0.2828;0.350999;0.702999;0.5;-2.66519
0.5886;0.389599;0.5668;0.201999;0.5;-6.30297
0.322199;0.295;0.3904;0.5441;0.5;-1.21991
0.5573;0.729399;0.515899;0.4069;0.5;0.963658
