<TICKER>;<PER>;<DATEandTIME>;<OPEN>;<HIGH>;<LOW>;<CLOSE>;<VOL>
EURRUB;1;20110805 16:07:00;40,0367000;40,0460000;40,0364000;40,0412000;7
EURRUB;1;20110805 16:08:00;40,0415000;40,0415000;40,0364000;40,0381000;7
EURRUB;1;20110805 16:09:00;40,0338000;40,0364000;40,0253000;40,0307000;7
EURRUB;1;20110805 16:10:00;40,0265000;40,0296000;40,0265000;40,0296000;7
EURRUB;1;20110805 16:11:00;40,0250000;40,0324000;40,0188000;40,0324000;8
EURRUB;1;20110805 16:12:00;40,0336000;40,0443000;40,0319000;40,0440000;7
EURRUB;1;20110805 16:13:00;40,0435000;40,0519000;40,0369000;40,0519000;7
EURRUB;1;20110805 16:14:00;40,0567000;40,0579000;40,0429000;40,0494000;6
EURRUB;1;20110805 16:15:00;40,0477000;40,0485000;40,0381000;40,0381000;4
EURRUB;1;20110805 16:16:00;40,0390000;40,0680000;40,0390000;40,0491000;4
EURRUB;1;20110805 16:17:00;40,0517000;40,0579000;40,0517000;40,0541000;4
EURRUB;1;20110805 16:18:00;40,0548000;40,0692000;40,0548000;40,0650000;7
EURRUB;1;20110805 16:19:00;40,0692000;40,0739000;40,0692000;40,0709000;6
EURRUB;1;20110805 16:20:00;40,0734000;40,0822000;40,0730000;40,0822000;6
EURRUB;1;20110805 16:21:00;40,0940000;40,0940000;40,0805000;40,0833000;7
EURRUB;1;20110805 16:22:00;40,0850000;40,0904000;40,0757000;40,0904000;6
EURRUB;1;20110805 16:23:00;40,0811000;40,1003000;40,0802000;40,1003000;7
EURRUB;1;20110805 16:24:00;40,1000000;40,1278000;40,0933000;40,1199000;7
EURRUB;1;20110805 16:25:00;40,1049000;40,1122000;40,1048000;40,1111000;6
EURRUB;1;20110805 16:26:00;40,1220000;40,1221000;40,1131000;40,1131000;8
EURRUB;1;20110805 16:27:00;40,1204000;40,1263000;40,1105000;40,1105000;5
EURRUB;1;20110805 16:28:00;40,0888000;40,1010000;40,0888000;40,1010000;6
EURRUB;1;20110805 16:29:00;40,1027000;40,1027000;40,0840000;40,0877000;5
EURRUB;1;20110805 16:30:00;40,0840000;40,0843000;40,0775000;40,0815000;5
EURRUB;1;20110805 16:31:00;40,1080000;40,1091000;40,0538000;40,0538000;5
EURRUB;1;20110805 16:32:00;40,0269000;40,0900000;40,0269000;40,0900000;3
EURRUB;1;20110805 16:33:00;40,0394000;40,0394000;40,0122000;40,0122000;2
EURRUB;1;20110805 16:34:00;39,9763000;39,9831000;39,9567000;39,9567000;3
EURRUB;1;20110805 16:35:00;39,9102000;39,9181000;39,9102000;39,9181000;2
EURRUB;1;20110805 16:36:00;39,9620000;39,9620000;39,9350000;39,9619000;5
EURRUB;1;20110805 16:37:00;39,9709000;39,9982000;39,9616000;39,9982000;3
EURRUB;1;20110805 16:38:00;39,9902000;39,9902000;39,9902000;39,9902000;1
EURRUB;1;20110805 16:39:00;39,9832000;39,9832000;39,9792000;39,9792000;2
EURRUB;1;20110805 16:40:00;39,9653000;39,9691000;39,9653000;39,9691000;3
EURRUB;1;20110805 16:41:00;39,9840000;39,9840000;39,9324000;39,9324000;5
EURRUB;1;20110805 16:42:00;39,9267000;39,9476000;39,9267000;39,9476000;4
EURRUB;1;20110805 16:43:00;39,9505000;39,9536000;39,9404000;39,9536000;5
EURRUB;1;20110805 16:44:00;39,9570000;39,9570000;39,9251000;39,9524000;5
EURRUB;1;20110805 16:45:00;39,9527000;39,9561000;39,9527000;39,9538000;3
EURRUB;1;20110805 16:46:00;39,9473000;39,9824000;39,9473000;39,9580000;6
EURRUB;1;20110805 16:47:00;39,9835000;39,9835000;39,9693000;39,9732000;3
EURRUB;1;20110805 16:48:00;39,9708000;39,9708000;39,9586000;39,9645000;4
EURRUB;1;20110805 16:49:00;39,9674000;39,9820000;39,9674000;39,9820000;3
EURRUB;1;20110805 16:50:00;39,9763000;39,9763000;39,9572000;39,9572000;3
EURRUB;1;20110805 16:51:00;39,9610000;39,9767000;39,9610000;39,9737000;6
EURRUB;1;20110805 16:52:00;39,9880000;39,9880000;39,9705000;39,9764000;6
EURRUB;1;20110805 16:53:00;39,9767000;39,9894000;39,9767000;39,9894000;6
EURRUB;1;20110805 16:54:00;39,9900000;40,0021000;39,9900000;39,9934000;4
EURRUB;1;20110805 16:55:00;40,0197000;40,0197000;39,9938000;39,9999000;6
EURRUB;1;20110805 16:56:00;40,0020000;40,0020000;39,9880000;40,0010000;5
EURRUB;1;20110805 16:57:00;39,9953000;40,0066000;39,9904000;40,0066000;4
EURRUB;1;20110805 16:58:00;40,0129000;40,0253000;39,9950000;40,0230000;7
EURRUB;1;20110805 16:59:00;40,0239000;40,0247000;40,0189000;40,0247000;3
EURRUB;1;20110805 17:00:00;40,0099000;40,0134000;40,0099000;40,0106000;4
EURRUB;1;20110805 17:01:00;40,0160000;40,0279000;39,9984000;40,0279000;8
EURRUB;1;20110805 17:02:00;40,0313000;40,0313000;40,0055000;40,0114000;4
EURRUB;1;20110805 17:03:00;40,0131000;40,0131000;39,9960000;39,9960000;6
EURRUB;1;20110805 17:04:00;39,9979000;40,0214000;39,9952000;40,0214000;6
EURRUB;1;20110805 17:05:00;39,9999000;40,0136000;39,9945000;40,0136000;6
EURRUB;1;20110805 17:06:00;40,0220000;40,0221000;40,0092000;40,0092000;6
EURRUB;1;20110805 17:07:00;40,0092000;40,0092000;39,9959000;40,0004000;6
EURRUB;1;20110805 17:08:00;40,0124000;40,0177000;40,0124000;40,0177000;2
EURRUB;1;20110805 17:09:00;40,0114000;40,0114000;39,9939000;40,0102000;3
EURRUB;1;20110805 17:10:00;40,0157000;40,0278000;40,0157000;40,0278000;4
EURRUB;1;20110805 17:11:00;40,0020000;40,0207000;40,0020000;40,0162000;4
EURRUB;1;20110805 17:12:00;40,0012000;40,0135000;40,0012000;40,0135000;2
EURRUB;1;20110805 17:13:00;40,0145000;40,0151000;40,0059000;40,0059000;5
EURRUB;1;20110805 17:14:00;40,0337000;40,0450000;40,0293000;40,0416000;4
EURRUB;1;20110805 17:15:00;40,0337000;40,0413000;40,0337000;40,0413000;2
EURRUB;1;20110805 17:16:00;40,0470000;40,0470000;40,0353000;40,0466000;5
EURRUB;1;20110805 17:17:00;40,0362000;40,0362000;40,0361000;40,0361000;2
EURRUB;1;20110805 17:18:00;40,0414000;40,0414000;40,0345000;40,0345000;2
EURRUB;1;20110805 17:19:00;40,0297000;40,0345000;40,0297000;40,0323000;3
EURRUB;1;20110805 17:20:00;40,0323000;40,0482000;40,0323000;40,0482000;6
EURRUB;1;20110805 17:21:00;40,0530000;40,0791000;40,0530000;40,0791000;4
EURRUB;1;20110805 17:22:00;40,0833000;40,0833000;40,0756000;40,0792000;6
EURRUB;1;20110805 17:23:00;40,0796000;40,1010000;40,0786000;40,0849000;7
EURRUB;1;20110805 17:24:00;40,0795000;40,1111000;40,0786000;40,1111000;5
EURRUB;1;20110805 17:25:00;40,1061000;40,1081000;40,0979000;40,0979000;6
EURRUB;1;20110805 17:26:00;40,1130000;40,1152000;40,1004000;40,1004000;3
EURRUB;1;20110805 17:27:00;40,0958000;40,0958000;40,0958000;40,0958000;1
EURRUB;1;20110805 17:28:00;40,0946000;40,0946000;40,0823000;40,0823000;4
EURRUB;1;20110805 17:29:00;40,0899000;40,0928000;40,0846000;40,0928000;4