<CLOSE>
0.5249
0.5248
0.5246
0.5244
0.5241
0.5236
0.5233
0.5228
0.5222
0.5216
0.521
0.5203
0.5195
0.5187
0.5179
0.5169
0.5161
0.515
0.514
0.513
0.5119
0.5108
0.5096
0.5085
0.5073
0.5061
0.5048
0.5037
0.5023
0.5012
0.4999
0.4986
0.4974
0.4962
0.4949
0.4937
0.4926
0.4913
0.4901
0.4891
0.4879
0.4868
0.4858
0.4848
0.4839
0.4828
0.482
0.4812
0.4803
0.4796
0.479
0.4782
0.4777
0.4771
0.4767
0.4762
0.4759
0.4756
0.4754
0.4751
0.4751
0.475
0.475
0.4751
0.4752
0.4754
0.4757
0.476
0.4764
0.4768
0.4773
0.4779
0.4785
0.4791
0.4799
0.4806
0.4814
0.4823
0.4832
0.4841
0.4852
0.4861
0.4872
0.4883
0.4894
0.4906
0.4917
0.4929
0.4941
0.4954
0.4966
0.4978
0.499
0.5
0.5015
0.5028
0.5041
0.5052
0.5065
0.5077
0.5089
0.51
0.5112
0.5122
0.5134
0.5143
0.5154
0.5164
0.5172
0.5182
0.519
0.5197
0.5206
0.5212
0.5218
0.5224
0.523
0.5234
0.5238
0.5242
0.5244
0.5247
0.5249
0.5249
0.525
0.525
0.5249
0.5247
0.5246
0.5242
0.524
0.5235
0.5231
0.5226
0.5221
0.5214
0.5207
0.52
0.5193
0.5184
0.5176
0.5166
0.5157
0.5147
0.5137
0.5126
0.5116
0.5104
0.5092
0.5081
0.5069
0.5056
0.5045
0.5032
0.502
0.5007
0.4995
0.4982
0.497
0.4957
0.4945
0.4934
0.4921
0.4909
0.4898
0.4886
0.4876
0.4865
0.4854
0.4845
0.4835
0.4826
0.4817
0.4809
0.4801
0.4793
0.4787
0.4781
0.4775
0.4769
0.4765
0.4762
0.4757
0.4755
0.4753
0.4752
0.475
0.475
0.475
0.4752
0.4752
0.4755
0.4758
0.4761
0.4766
0.4769
0.4775
0.4781
0.4787
0.4794
0.4801
0.4808
0.4818
0.4826
0.4835
0.4844
0.4855
0.4865
0.4876
0.4886
0.4898
0.491
0.4921
0.4933
0.4945
0.4958
0.497
0.4982
0.4995
0.5
0.502
0.5032
0.5045
0.5057
0.5069
0.5081
0.5092
0.5104
0.5116
0.5126
0.5137
0.5147
0.5157
0.5167
0.5175
0.5185
0.5192
0.5201
0.5207
0.5214
0.5221
0.5226
0.5231
0.5235
0.524
0.5243
0.5245
0.5247
0.5249
0.525
0.525
0.525
0.5248
0.5247
0.5245
0.5241
0.5238
0.5234
0.523
0.5224
0.5218
0.5212
0.5205
0.5198
0.519
0.5181
0.5173
0.5163
0.5154
0.5144
0.5133
0.5122
0.5112
0.51
0.5088
0.5077
0.5065
0.5053
0.504
0.5028
0.5016
0.5003
0.499
0.4978
0.4966
0.4953
0.4941
0.4929
0.4917
0.4906
0.4894
0.4883
0.4872
0.4861
0.4851
0.4842
0.4831
0.4823
0.4814
0.4807
0.4798
0.4791
0.4785
0.4779
0.4773
0.4768
0.4764
0.476
0.4756
0.4755
0.4752
0.4751
0.475
0.475
0.475
0.4752
0.4754
0.4756
0.4758
0.4763
0.4767
0.4771
0.4777
0.4783
0.4789
0.4796
0.4803
0.4812
0.482
0.4829
0.4838
0.4848
0.4858
0.4869
0.4879
0.4891
0.4901
0.4914
0.4925
0.4937
0.495
0.4961
0.4974
0.4987
0.4999
0.5012
0.5024
0.5036
0.5049
0.5061
0.5073
0.5085
0.5096
0.5108
0.5119
0.513
0.514
0.5151
0.516
0.517
0.5178
0.5188
0.5195
0.5203
0.5209
0.5217
0.5222
0.5228
0.5233
0.5237
0.524
0.5244
0.5246
0.5248
0.5249
0.525
0.525
0.5249
0.5248
0.5247
0.5243
0.5241
0.5237
0.5232
0.5228
0.5222
0.5216
0.521
0.5203
0.5195
0.5187
0.5178
0.517
0.516
0.515
0.5141
0.5129
0.5119
0.5108
0.5096
0.5085
0.5072
0.5061
0.5049
0.5036
0.5024
0.5011
0.4999
0.4986
0.4974
0.4962
0.4949
0.4937
0.4925
0.4913
0.4902
0.489
0.4879
0.4868
0.4858
0.4848
0.4838
0.4829
0.482
0.4811
0.4804
0.4796
0.4789
0.4782
0.4777
0.4771
0.4767
0.4762
0.4759
0.4756
0.4753
0.4752
0.4751
0.475
0.475
0.4751
0.4752
0.4754
0.4757
0.476
0.4764
0.4768
0.4773
0.4779
0.4785
0.4791
0.4799
0.4806
0.4815
0.4823
0.4832
0.4841
0.4851
0.4862
0.4872
0.4883
0.4894
0.4906
0.4917
0.493
0.4941
0.4953
0.4966
0.4979
0.499
0.5
0.5015
0.5029
0.504
0.5053
0.5065
0.5077
0.5089
0.51
0.5112
0.5122
0.5134
0.5144
0.5154
0.5163
0.5173
0.5181
0.519
0.5198
0.5205
0.5213
0.5218
0.5224
0.523
0.5234
0.5238
0.5242
0.5244
0.5247
0.5249
0.5249
0.525
0.525
0.5249
0.5247
0.5246
0.5242
0.524
0.5235
0.5231
0.5226
0.522
0.5215
0.5207
0.52
0.5193
0.5184
0.5175
0.5167
0.5157
0.5147
0.5136
0.5126
0.5116
0.5103
0.5093
0.508
0.5069
0.5057
0.5044
0.5032
0.502
0.5007
0.4995
0.4982
0.4969
0.4958
0.4945
0.4933
0.4921
0.4909
0.4898
0.4886
0.4876
0.4865
0.4854
0.4845
0.4834
0.4826
0.4817
0.4809
0.4801
0.4793
0.4787
0.4781
0.4775
0.4769
0.4765
0.4762
0.4757
0.4755
0.4753
0.4751
0.4751
0.475
0.475
0.4751
0.4753
0.4755
0.4758
0.4761
0.4766
0.4769
0.4775
0.4781
0.4787
0.4794
0.4801
0.4809
0.4817
0.4826
0.4835
0.4845
0.4855
0.4865
0.4875
0.4887
0.4898
0.491
0.4921
0.4933
0.4946
0.4958
0.497
0.4982
0.4995
0.5
0.5019
0.5033
0.5045
0.5057
0.5069
0.5081
0.5092
0.5104
0.5116
0.5126
0.5137
0.5147
0.5158
0.5166
0.5176
0.5184
0.5193
0.52
0.5208
0.5214
0.5221
0.5226
0.5231
0.5236
0.5239
0.5243
0.5245
0.5248
0.5249
0.5249
0.525
0.525
0.5248
0.5247
0.5245
0.5241
0.5238
0.5235
0.5229
0.5224
0.5218
0.5212
0.5205
0.5198
0.5189
0.5182
0.5172
0.5164
0.5153
0.5144
0.5133
0.5122
0.5112
0.51
0.5088
0.5077
0.5065
0.5052
0.504
0.5028
0.5016
0.5003
0.499
0.4978
0.4965
0.4954
0.4941
0.4929
0.4917
0.4905
0.4894
0.4883
0.4872
0.4861
0.4851
0.4841
0.4832
0.4823
0.4814
0.4806
0.4798
0.4791
0.4785
0.4779
0.4773
0.4768
0.4763
0.476
0.4757
0.4754
0.4753
0.475
0.4751
0.475
0.475
0.4752
0.4754
0.4755
0.4759
0.4763
0.4767
0.4771
0.4777
0.4783
0.4789
0.4796
0.4804
0.4811
0.4821
0.4829
0.4838
0.4848
0.4858
0.4869
0.4879
0.4891
0.4902
0.4913
0.4925
0.4938
0.4949
0.4962
0.4974
0.4987
0.4999
0.5012
0.5024
0.5037
0.5048
0.5061
0.5073
0.5085
0.5097
0.5108
0.5119
0.513
0.5141
0.515
0.5161
0.5169
0.5179
0.5187
0.5196
0.5202
0.521
0.5217
0.5222
0.5228
0.5233
0.5237
0.524
0.5244
0.5246
0.5248
0.525
0.5249
0.525
0.525
0.5248
0.5246
0.5243
0.5241
0.5237
0.5232
0.5228
0.5222
0.5216
0.521
0.5202
0.5195
0.5187
0.5179
0.5169
0.516
0.5151
0.514
0.5129
0.5119
0.5108
0.5096
0.5084
0.5073
0.5061
0.5048
0.5036
0.5024
0.5011
0.4999
0.4986
0.4974
0.4961
0.4949
0.4937
0.4925
0.4913
0.4902
0.489
0.4879
0.4868
0.4858
0.4848
0.4838
0.4828
0.482
0.4811
0.4804
0.4796
0.4789
0.4782
0.4777
0.4771
0.4767
0.4762
0.4759
0.4756
0.4753
0.4752
0.475
0.4751
0.475
0.4751
0.4752
0.4754
0.4757
0.476
0.4764
0.4768
0.4773
0.4779
0.4785
0.4792
0.4798
0.4807
0.4814
0.4823
0.4832
0.4842
0.4851
0.4862
0.4872
0.4883
0.4894
0.4906
0.4918
0.4929
0.4941
0.4954
0.4966
0.4978
0.4991
0.5
0.5016
0.5028
0.5041
0.5053
0.5065
0.5077
0.5089
0.51
0.5112
0.5123
0.5133
0.5144
0.5154
0.5164
0.5172
0.5182
0.519
0.5198
0.5205
0.5212
0.5219
0.5224
0.523
0.5234
0.5238
0.5242
0.5245
0.5246
0.5249
0.525
0.525
0.5249
0.5249
0.5248
0.5245
0.5243
0.5239
0.5235
0.5231
0.5226
0.522
0.5214
0.5208
0.52
0.5192
0.5184
0.5176
0.5166
0.5157
0.5147
0.5137
0.5125
0.5115
0.5104
0.5093
0.508
0.5069
0.5056
0.5045
0.5031
0.502
0.5007
0.4995
0.4982
0.4969
0.4957
0.4945
0.4933
0.4921
0.4909
0.4898
0.4886
0.4876
0.4864
