<ask>;(predicted -> )<ask>

0.0;1.5774812
0.0;0.97512853
0.0;1.0054941
0.0;-0.8018975
0.0;0.0061745346
0.0;2.6886609
0.0;2.98109
0.0;-0.10573614
0.0;3.708648
0.0;3.7093246
0.0;0.3924693
0.0;1.5518869
0.0;3.2998974
0.0;0.079825014
0.0;-0.8245801
1.999999;4.8982224
0.0;5.074739
0.0;-0.69626915
0.0;1.6199584
0.0;2.8974588
0.0;1.289394
0.0;1.2422944
0.0;1.4773096
0.0;2.289822
0.0;-0.1175617
0.0;1.9588406
0.0;1.6776915
0.0;-0.18083799
0.0;1.4408435
0.0;1.6318287
0.0;2.0208921
0.0;0.25195134
0.0;0.91616166
0.0;1.8066521
0.0;-0.57508993
0.0;-1.1439
0.0;0.39217126
0.0;-1.4075165
0.0;0.2700771
0.0;3.0911858
0.0;-0.06596196
0.0;-0.080696225
0.0;0.15012872
0.0;0.634485
0.0;-0.81849146
0.0;0.008919328
0.0;2.620056
0.0;-0.6259208
5.0;0.14799786
0.0;-0.5902027
0.0;1.6802276
0.0;2.881735
0.0;0.9637828
0.0;3.6346877
0.0;2.7083185
0.0;-0.8451228
0.0;-0.8846377
0.0;1.3520743
0.0;3.9099984
0.0;0.012972444
0.0;2.4700665
0.0;3.5018737
0.0;-0.5504911
0.0;2.6230004
0.0;3.2635267
0.0;3.1961138
0.0;0.9494091
0.0;2.8769817
0.0;3.6964707
0.0;0.4968251
0.0;1.4296885
0.0;2.5955405
1.0;3.1173017
0.0;1.1975254
0.0;0.25197816
0.0;0.2518649
0.0;0.2518798
0.0;0.25198114
0.0;0.25189173
0.0;0.2518828
0.0;0.25186193
0.0;0.25195134
0.0;1.0829235
0.0;2.1682258
0.0;-0.7235353
0.0;-2.1014934
0.0;-0.54529655
0.0;1.2390072
0.0;1.3485248
0.0;0.060733646
0.0;0.30229342
0.0;0.9489919
0.0;-1.1893933
-1.0;1.4956112
0.0;-0.7852738
0.0;1.114514
0.0;2.088591
0.0;-0.16608286
0.0;-1.0616903
0.0;-0.83226013
0.0;1.4487888
0.0;1.2459601
0.0;2.958202
-0.06037;-0.110733986
0.0;-0.11862862
0.0;-0.89189756
0.0;0.8624102
0.0;-1.4886354
0.0;-1.6191845
0.0;-0.6207322
0.0;0.31561506
0.0;0.5605514
0.0;-2.2639518
0.0;0.60322833
0.0;1.0756875
0.060375;-0.6880765
0.0;-1.0079687
0.0;1.9860054
-0.06037;3.9089584
0.0;-0.16730177
0.0;4.161554
0.0;1.4295931
0.0;-2.1103535
0.0;3.3920374
0.0;3.8478816
0.0;1.0572101
0.0;-0.84936666
0.0;5.3724103
0.0;0.5315001
0.0;-5.2753606
0.0;5.437448
0.0;2.035543
0.0;-1.2961661
0.0;0.6853218
0.0;0.9858991
0.0;-1.836354
0.0;-3.569529
0.0;3.037646
0.0;1.3828601
0.0;-2.5634234
0.0;1.4588023
0.0;3.1413224
0.0;1.9344623
0.0;-0.47273386
0.0;5.3473525
0.0;4.7968707
0.0;-0.39649355
0.0;-0.5261754
0.0;2.7559545
0.0;-0.36164272
0.0;1.8451507
0.0;5.5527143
0.0;0.69318366
0.0;1.7944063
0.0;1.2049491
0.0;-0.2226119
0.0;-0.65521944
0.0;1.1019762
0.0;4.9482307
0.0;-2.9312022
0.0;2.505743
0.0;3.0265446
0.0;-0.09181547
0.0;4.5490527
0.0;3.1191523
0.0;3.7948692
0.0;0.8958961
0.0;1.9036407
0.0;1.2866433
0.0;0.47165108
0.0;1.302957
0.0;1.3309861
0.0;1.2333001
0.0;0.8529599
0.0;-1.5120511
0.0;-1.2088602
0.0;0.9790088
0.0;-0.9976988
0.0;-1.217327
0.0;-1.5493994
0.0;0.25195134
0.0;0.25195134
0.0;0.25195134
0.0;0.25195134
0.0;0.25195134
0.0;0.25195134
0.0;0.25195134
0.0;0.25213015
0.0;0.25240135
0.0;0.2516682
0.0;0.25150132
0.0;0.25215697
0.0;0.2518947
0.0;0.2517606
0.0;0.25207353
0.0;0.25165927
0.0;0.25136125
0.0;0.2519126
0.0;0.25253546
0.0;0.25126588
0.0;0.25160563
0.0;0.2522881
0.0;0.25149238
0.0;0.25167418
0.0;0.2515818
0.0;0.25228512
0.0;0.2518202
0.0;0.25242817
0.0;0.2523477
0.0;0.25180233
0.0;0.25229406
0.0;0.2523477
0.0;0.25246692
0.0;0.25195134
0.0;0.25195134
0.0;0.25195134
0.0;0.25195134
0.0;0.25195134
0.0;0.25195134
0.0;0.25195134
0.0;0.25195134
0.0;0.25195134
0.0;-0.48671114
0.0;-2.306417
0.0;2.589559
0.0;4.161089
0.0;-0.9999012
0.0;1.1971886
0.0;1.8182213
0.0;-0.3586893
0.0;1.5802736
0.0;1.45162
0.0;3.197458
0.0;-0.3041749
0.0;4.707503
0.0;3.8923645
0.0;-0.70722747
0.0;3.1065133
0.0;3.733977
0.0;4.277467
0.0;0.25195134
0.0;0.25195134
0.0;0.25195134
0.0;0.25195134
0.0;0.25195134
0.0;0.25195134
0.0;0.25195134
0.0;0.25195134
0.0;0.25195134
0.0;0.25195134
0.0;0.25195134
0.0;0.25195134
0.0;-0.26447523
0.0;-1.1849974
0.0;1.3373221
0.0;1.9343222
0.0;-0.39214838
0.0;0.5349214
0.0;0.9642626
0.0;-0.08705306
0.0;0.7335658
0.0;0.8121128
0.0;1.5286173
0.0;-0.1355623
0.0;2.0746675
0.0;1.7739977
0.0;-0.2054547
0.0;1.5183086
0.0;1.7233278
0.0;2.1335895
0.0;0.25195134
0.0;0.25195134
0.0;0.25195134
0.0;0.25195134
0.0;0.25195134
0.0;0.25195134
0.0;0.25213015
0.0;0.25240135
0.0;0.25148642
0.0;0.25104833
0.0;0.25244606
0.0;0.2523477
0.0;0.25155795
0.0;0.27506006
0.0;0.30959797
0.0;0.21536005
0.0;0.19446564
0.0;0.2787615
0.0;0.24517727
0.0;0.22745383
-0.011;0.2680416
0.0;0.23794723
0.0;0.23402822
0.0;0.20974529
0.0;0.26916814
0.0;0.19189966
0.0;0.2013619
0.0;0.27076554
0.0;0.20866048
0.0;0.20205331
0.0;0.18725348
0.0;0.25195134
0.0;0.25195134
0.0;0.25195134
0.0;0.25195134
0.0;0.25195134
0.0;0.25195134
0.0;0.25195134
0.0;0.25195134
0.0;0.25195134
0.0;0.25195134
0.0;0.25195134
0.0;0.25195134
0.0;0.25195134
0.0;0.25195134
0.0;0.25195134
0.0;0.25195134
0.0;0.25195134
0.0;0.25195134
0.0;0.25195134
0.0;0.25195134
0.0;0.25195134
0.0;0.25195134
0.0;0.25195134
0.0;0.25195134
0.0;0.25195134
0.0;0.25195134
0.0;0.25195134
0.0;0.25195134
0.0;0.25195134
0.0;0.28455508
0.0;0.3336842
0.0;0.20050359
0.0;0.17079961
0.0;0.28967512
0.0;0.24260831
0.0;1.0476882
0.0;2.1869297
0.0;-0.7372116
0.0;-1.4556562
0.0;1.1753405
0.0;0.15640807
1.812;-0.46685088
0.0;0.28049302
0.0;-1.2112294
0.0;0.43933642
0.0;0.21556866
0.0;0.2636726
0.0;-1.1549746
0.0;-0.66970634
0.0;0.66912127
0.0;-0.6502454
0.0;-0.7842903
0.0;-0.6347542
0.0;-0.058660388
0.0;1.6135718
0.0;1.3899977
1.0;-0.104821205
0.0;1.2069995
0.0;1.3573463
0.0;1.6777719
0.0;0.25195134
0.0;0.25195134
0.0;0.25195134
1.813;0.25195134
0.0;0.25195134
0.0;0.25195134
0.0;0.25195134
0.0;0.25195134
0.0;0.25195134
1.812;0.25195134
0.0;0.25195134
0.0;0.25195134
0.0;0.25195134
-3.626;0.25195134
0.0;0.25195134
0.0;0.25195134
0.0;0.25195134
0.0;0.25195134
0.0;0.25195134
0.0;0.25195134
0.0;0.25195134
0.0;0.25195134
0.0;0.25195134
0.0;0.25195134
0.0;0.25195134
-1.812;0.25195134
0.0;0.25195134
0.0;0.25195134
0.0;0.25195134
1.812;0.25195134
0.0;0.25195134
0.0;0.25195134
0.0;0.25195134
0.0;0.25195134
0.0;0.25195134
0.0;0.25195134
0.0;0.25195134
0.0;0.25195134
0.0;0.25195134
0.0;0.25195134
0.0;0.25195134
0.0;0.25195134
5.0;0.25195134
0.0;0.25195134
0.0;0.25195134
0.0;0.25195134
0.0;0.25195134
0.0;0.25195134
1.0;0.25195134
0.0;0.25195134
0.0;0.25195134
0.0;0.25195134
0.0;0.25195134
1.810999;0.25195134
0.0;0.25195134
0.0;0.25195134
0.0;0.25195134
-1.81099;0.25195134
0.0;0.25195134
0.0;0.25195134
0.0;0.25195134
1.812;0.25195134
0.0;0.25195134
1.0;0.25195134
0.0;0.25195134
0.0;0.25195134
0.0;0.25195134
1.812;0.25195134
0.0;0.25195134
0.0;0.25195134
0.0;0.25195134
0.0;0.25195134
0.0;0.25195134
0.0;0.25195134
0.0;0.25195134
0.0;0.25195134
1.0;0.25195134
0.0;0.25195134
0.0;0.25195134
0.0;0.25195134
1.812;0.25195134
0.0;0.25195134
0.0;0.25195134
0.0;0.25195134
0.0;0.25195134
0.0;0.25195134
0.0;0.25195134
0.0;0.25195134
0.0;0.25195134
0.0;0.25195134
0.04613;0.25195134
1.812;0.25195134
0.0;0.25195134
0.0;0.25195134
0.0;0.25195134
0.0;0.25195134
0.0;0.25195134
0.0;0.25195134
0.0;0.25195134
0.0;0.25195134
0.0;0.25195134
0.0;0.25195134
0.0;0.25195134
0.0;0.25195134
0.0;0.25195134
0.0;0.25195134
0.0;0.25195134
0.0;0.25195134
0.0;0.25195134
0.0;0.25195134
0.0;0.7807399
0.0;0.5845214
0.0;-2.3225877
0.0;0.764289
0.0;3.2426233
0.0;-0.700966
0.0;0.43609393
0.0;2.70881
0.0;1.4619942
0.0;-1.3013576
0.0;-0.59408
0.0;4.6943927
0.0;-1.7007325
0.0;1.1718954
0.0;3.7180536
0.0;-1.3984387
0.354841;0.7186557
0.0;-0.030214071
-0.35484;3.9055789
0.0;-2.037466
1.812;-0.48473823
0.0;2.3010607
0.0;-1.5825872
0.0;-0.6295656
1.0;-0.93503344
0.0;1.6777719
0.0;0.25195134
0.0;0.25195134
0.0;0.7807399
0.0;1.5056903
0.0;-0.43897378
0.0;-0.8932744
0.0;0.42267096
-1.812;-0.8283441
0.0;0.5956913
1.812;1.8184448
0.0;-0.50126064
0.0;0.15115988
0.0;0.022339314
1.0;1.1331136
0.0;1.1477495
1.812;-1.1927013
0.0;-0.30185032
0.0;0.14373016
0.0;0.2691115
0.0;-0.500003
9.999993;0.6125326
0.0;0.7756705
0.0;0.8160676
0.0;0.4592265
0.0;0.8532162
0.0;-1.5126889
0.0;-1.2093757
0.0;0.97936344
1.812;-0.99813986
0.0;-1.2178634
0.0;-1.5499804
1.0;0.25195134
0.0;0.25195134
0.0;0.25195134
0.0;0.25195134
0.0;0.25195134
0.0;0.25195134
0.0;0.25195134
0.0;0.25195134
0.0;0.25195134
0.0;0.25195134
0.0;0.25195134
1.812;0.25195134
0.0;0.25195134
0.0;0.25195134
0.0;0.25195134
0.0;0.25195134
0.0;0.25195134
0.0;0.25195134
1.0;0.25195134
0.0;0.25195134
0.0;0.25195134
0.0;0.25195134
0.0;0.25195134
0.0;0.25195134
0.0;0.25195134
0.0;0.25195134
0.0;0.25195134
0.0;0.25195134
0.0;0.25195134
0.0;0.25195134
0.0;0.25195134
0.0;0.7807399
0.0;1.5056903
0.0;-0.43897378
1.812;-0.8932744
0.0;0.866657
0.0;0.15576136
1.0;-0.20365763
0.0;0.6357844
1.812;-0.0040386915
0.0;-0.04070747
0.0;-0.5509262
0.0;0.6355877
0.0;-0.94775903
0.0;-0.74579763
1.0;0.6978775
0.0;-0.6050919
0.0;-0.744382
0.0;-1.0052716
0.0;0.25195134
0.0;0.25195134
0.0;0.25195134
0.0;0.25195134
0.0;0.25195134
1.812;0.25195134
0.0;0.25195134
1.0;0.25195134
0.0;0.25195134
0.0;0.25195134
0.0;0.25195134
0.0;0.25195134
0.0;0.25195134
0.0;0.25195134
0.0;0.25195134
0.0;0.25195134
0.0;0.25195134
0.0;0.25195134
0.0;0.25195134
1.812;0.25195134
0.0;0.25195134
0.0;0.25195134
0.0;0.25195134
0.0;0.25195134
1.0;0.25195134
0.0;0.25195134
0.0;0.25195134
0.0;0.25195134
0.0;0.25195134
0.0;0.25195134
0.0;0.25195134
0.0;0.25195134
1.812;0.25195134
0.0;0.25195134
0.0;0.25195134
0.0;0.25195134
0.0;0.25195134
0.0;0.25195134
0.0;0.25195134
0.0;0.25195134
0.0;0.25195134
0.0;0.25195134
0.0;0.25195134
1.0;0.25195134
0.0;0.25195134
0.0;0.25195134
0.0;0.25195134
1.812;0.25195134
0.0;0.25195134
0.0;0.25195134
0.0;0.25195134
0.0;0.25195134
0.0;0.25195134
0.0;0.25195134
0.0;0.25195134
0.0;0.25195134
0.0;0.25195134
0.0;0.25195134
1.0;0.25195134
0.0;0.25195134
0.0;0.25195134
0.0;0.25195134
0.0;0.25195134
2.028999;0.25195134
0.0;0.25195134
0.0;0.25350106
0.0;0.25585544
-2.02499;0.2494688
0.0;0.24805021
0.0;0.25374842
0.0;0.25149238
0.0;0.25031817
0.0;0.2529974
0.0;0.2583171
2.024999;0.26033473
0.0;0.2150948
1.0;0.24889362
0.0;0.27865124
2.029;0.2360965
0.0;0.24816346
0.0;0.27221394
0.0;0.26042712
0.0;0.2332921
0.0;0.22297156
0.0;0.28409016
0.0;0.22339475
0.0;0.2499963
0.0;0.2836908
0.0;0.2252872
0.0;0.24601471
0.0;0.234213
1.0;0.2837504
0.0;0.2283479
2.028999;0.23223412
0.0;0.25924695
0.0;0.23508918
0.0;0.23251426
0.0;0.22674453
0.0;0.25195134
0.0;0.25195134
0.0;0.25195134
0.0;0.25195134
0.0;0.25195134
0.0;0.25195134
1.0;0.25195134
0.0;0.25195134
0.0;0.25195134
0.0;0.25195134
2.029;0.25195134
0.0;0.25195134
0.0;0.25195134
0.0;0.25195134
0.0;0.25195134
0.0;0.25195134
0.0;0.25195134
0.0;0.25195134
1.0;0.25195134
0.0;0.25195134
0.0;0.25195134
0.0;0.25195134
0.0;0.25195134
0.0;0.25195134
0.0;0.25195134
0.0;0.25195134
0.0;0.25195134
0.0;0.25195134
0.0;0.25195134
0.0;0.25195134
2.029;0.25195134
0.0;0.25195134
0.0;0.25195134
0.0;0.25195134
0.0;0.25195134
0.0;0.25195134
0.0;0.25195134
0.0;0.25195134
0.0;0.25195134
-6.084;0.25195134
0.0;0.25195134
0.0;0.25195134
2.028;0.25195134
0.0;0.25195134
0.0;0.25195134
0.0;0.25195134
0.0;0.25195134
1.0;0.25195134
0.0;0.25195134
0.0;0.25195134
0.0;0.25195134
0.0;0.25195134
0.0;0.25195134
2.030999;0.25195134
2.029;0.25195134
0.0;0.25195134
0.0;0.25195134
0.0;0.25195134
0.0;0.25195134
0.0;0.25195134
0.0;0.25195134
0.0;0.25195134
0.0;0.25195134
0.0;0.25195134
0.0;0.25195134
0.0;0.25195134
0.0;0.25195134
0.0;0.25195134
0.0;0.25195134
1.0;0.87339234
0.0;1.7123545
2.029;-0.5336498
0.0;-1.066116
0.0;0.9778644
0.0;0.14771473
0.0;-0.26581335
0.0;0.71009946
0.0;-0.038713694
0.0;-0.07110286
0.0;-0.66296804
0.0;0.7022644
0.0;-1.1273538
0.0;-0.89384365
0.0;0.78123164
1.0;-1.1036997
0.0;-2.0619576
0.0;-0.19161749
0.403436;1.7315502
0.0;-0.325871
0.0;0.49160373
0.0;0.8794929
0.0;-0.05536723
0.0;0.66836727
0.0;0.7431264
0.0;1.3726349
0.0;-0.09976673
0.0;1.8495615
0.0;1.5867199
0.0;-0.15721965
0.0;1.3672854
0.0;1.5452291
0.0;1.91341
0.0;0.25195134
0.0;0.25195134
0.0;0.25195134
0.0;0.25195134
0.0;0.25195134
0.0;0.25195134
0.0;0.25195134
0.0;0.25195134
0.0;0.25195134
0.0;0.25195134
0.0;0.25195134
0.0;0.25195134
0.0;0.25195134
0.0;0.25195134
0.0;0.25195134
0.0;0.25195134
0.0;0.25195134
0.0;0.25195134
0.0;0.25195134
0.0;0.25195134
0.0;0.25195134
0.0;0.25195134
0.0;0.25195134
0.0;0.25195134
0.0;0.25195134
0.0;0.25195134
0.0;0.25195134
0.0;0.25195134
0.0;0.25195134
0.0;0.25195134
0.0;0.25195134
0.0;0.25195134
0.0;0.28541934
0.0;0.3358389
0.0;0.1991595
0.0;0.16868067
0.0;0.29066753
0.0;0.24236691
0.0;0.21713328
0.0;0.27454448
0.0;0.2315427
0.0;0.22674155
0.0;0.19087148
-0.40335;0.27649653
0.0;0.16390038
0.0;0.17841113
0.0;0.27940524
0.0;0.18900883
0.0;0.17939758
0.0;0.15791011
2.029;0.25195134
1.0;0.25195134
0.0;0.25195134
0.0;0.25195134
2.028999;0.25195134
0.0;0.25195134
0.0;0.25195134
0.0;0.25195134
0.0;0.25195134
0.0;0.25195134
0.0;0.25195134
0.174263;0.25195134
0.0;0.25195134
0.0;0.25195134
0.0;0.25195134
0.0;0.25195134
0.0;0.25195134
0.0;0.25195134
0.0;0.25195134
0.0;0.25195134
0.0;0.25195134
0.0;0.25195134
0.0;0.25195134
0.0;0.25195134
0.0;0.25195134
0.0;0.25195134
0.0;0.25195134
0.0;0.25195134
0.0;0.2747382
0.0;0.30915093
0.0;0.21585178
0.0;0.19504976
0.0;0.2783234
0.0;0.24535906
0.0;0.22814226
0.0;0.26731443
0.0;0.23797405
0.0;0.23467791
0.0;0.21017444
0.0;0.26866448
0.0;0.1917715
0.0;0.20168078
0.0;0.27064335
0.0;0.2089287
0.0;0.2023722
0.0;0.18766773
0.0;0.25195134
0.0;-0.21795678
0.0;-1.0380243
0.0;1.2077774
0.0;1.7315502
0.0;-0.325871
-0.17416;0.49160373
0.0;0.8794929
0.0;-0.05536723
0.0;0.66836727
0.0;0.7431264
0.0;1.3726349
0.0;-0.09976673
0.0;1.8495615
0.0;1.5867199
0.0;-0.15721965
0.0;1.3672854
0.0;1.5452291
0.0;1.91341
0.0;0.25195134
0.0;0.25195134
0.0;0.25195134
0.0;0.25195134
0.0;0.25195134
0.0;0.25195134
0.0;0.25195134
0.0;0.25195134
0.0;0.25195134
0.0;0.25195134
0.0;0.25195134
0.0;0.25195134
0.0;0.25195134
0.0;0.25195134
0.0;0.25195134
0.0;0.25195134
0.0;0.25195134
0.0;0.25195134
0.0;0.25195134
0.0;0.24872077
0.0;0.24381828
0.0;0.25712204
0.0;0.26008737
0.0;-0.22125292
0.0;-1.0381048
0.0;1.2108947
0.0;1.7296429
2.029;-0.32384145
0.0;0.49388063
0.0;0.88526857
0.0;-0.057724595
1.0;0.6769712
0.0;0.749969
0.0;1.3699586
0.0;-0.09372282
0.0;1.857176
0.0;1.5954549
0.0;-0.15721965
0.0;1.3672854
0.0;1.5452291
3.0;1.91341
0.0;0.25195134
0.0;0.25195134
-3.0;0.25195134
0.0;0.25195134
0.0;0.25195134
0.0;0.25195134
0.0;0.87339234
2.029;1.7123545
-2.02599;-0.5336498
0.0;-1.066116
0.0;0.6163801
0.0;-0.64100075
2.027;0.320446
0.0;1.5552844
1.694999;-0.39055693
0.0;0.1440103
0.0;-0.23713756
0.0;0.48639727
0.0;-0.8726989
0.0;-0.59210706
0.0;1.5429224
1.0;-0.9812658
0.0;0.14843893
0.0;-0.29504347
0.0;0.04782626
0.0;1.086479
0.0;1.1040713
0.0;1.455992
1.695;0.32633495
0.0;0.34733367
0.0;0.25195134
0.0;0.25195134
0.0;0.25195134
0.0;0.25195134
0.0;0.25195134
0.0;0.25195134
1.0;0.25195134
0.0;0.25195134
0.0;0.25195134
0.0;0.25195134
1.694999;0.25195134
0.0;0.25195134
0.0;0.25195134
0.0;0.28559816
0.0;0.33628893
1.0;-0.1445328
0.0;-0.7494186
0.0;0.9401674
0.0;1.2478585
0.0;-0.19296455
0.0;0.42005432
0.0;0.659811
0.0;-0.0018392801
0.0;0.46232593
1.695;0.60604763
0.0;0.91786635
0.0;-0.076592445
0.0;1.3600017
0.0;1.0895367
0.0;-0.10998595
0.0;0.9165878
0.0;1.1303957
0.0;1.3892765
0.0;0.25195134
0.0;0.25195134
1.0;0.25195134
0.0;0.25195134
1.694999;0.25195134
0.0;0.25195134
0.0;0.25195134
0.0;0.25195134
0.0;0.25195134
0.0;0.25195134
0.0;0.25195134
1.0;0.25195134
0.0;0.25195134
0.0;0.25195134
0.0;0.25195134
0.0;0.25195134
0.0;0.25195134
0.0;0.25195134
0.174036;0.25195134
0.0;0.25195134
0.0;0.25195134
0.0;0.24872673
0.0;0.24705482
0.0;0.26524913
0.0;0.25491667
0.0;0.24009001
0.0;0.2566452
0.0;0.25440705
0.0;0.2463783
0.0;0.25612962
0.0;0.25242817
0.0;0.2554531
0.0;0.24361265
0.0;0.26292455
0.0;0.25054467
0.0;0.24212551
0.0;0.26075196
0.0;0.2528931
0.0;0.25406432
0.0;0.24277222
0.0;0.25195134
0.0;0.25195134
0.0;0.25195134
0.0;0.25195134
0.0;0.25195134
0.0;0.25195134
0.0;0.25195134
0.0;0.25195134
0.0;0.25195134
0.0;0.25195134
0.0;0.25195134
0.0;0.25195134
0.0;0.25195134
0.0;0.25195134
0.0;0.25195134
0.0;0.25195134
0.0;0.25195134
0.0;0.25195134
0.0;0.25195134
0.0;0.25195134
0.0;0.25195134
0.0;0.25195134
0.0;0.25195134
0.0;0.25195134
0.0;0.25195134
0.0;0.25195134
0.0;0.25195134
0.0;0.25195134
0.0;0.25195134
0.0;0.25195134
0.0;0.25195134
0.0;0.25195134
0.0;0.25195134
0.0;0.25195134
0.0;0.25195134
0.0;0.25195134
0.0;0.25195134
0.0;0.25195134
0.0;0.25195134
0.0;0.25195134
0.0;0.25195134
0.0;0.25195134
0.0;0.25195134
0.0;0.25195134
0.0;0.25195134
0.0;0.25195134
0.0;0.25195134
0.0;0.25195134
0.0;0.25195134
0.0;0.25195134
0.0;0.25195134
0.0;0.25195134
0.0;0.25195134
0.0;0.25195134
0.0;0.25195134
0.0;0.25195134
0.0;0.25195134
0.0;0.25195134
0.0;0.25195134
0.0;0.25195134
0.0;0.25195134
0.0;0.25195134
0.0;0.25195134
0.0;0.25195134
0.0;0.25195134
0.0;0.25195134
0.0;0.25195134
0.0;0.25195134
0.0;0.25195134
0.0;0.25195134
0.0;0.25195134
0.0;0.25195134
0.0;0.25195134
0.0;0.25195134
0.0;0.25195134
0.0;0.25195134
0.0;0.25195134
0.0;0.25195134
0.0;0.25195134
0.0;0.25195134
0.0;0.25195134
0.0;0.25195134
0.0;0.25195134
0.0;0.25195134
0.0;0.25195134
0.0;0.25195134
0.0;0.25195134
0.0;0.25195134
0.0;0.25195134
0.0;0.25195134
0.0;0.25195134
0.0;0.25195134
0.0;0.25195134
0.0;0.25195134
0.0;0.25195134
0.0;0.25195134
0.0;0.25195134
0.0;0.25195134
0.0;0.25195134
0.0;0.25195134
0.0;0.25195134
0.0;0.25195134
0.0;0.25195134
0.0;0.25195134
0.0;0.25195134
0.0;0.25195134
0.0;0.25195134
0.0;0.25195134
0.0;0.25195134
0.0;0.25195134
0.0;0.25195134
0.0;0.25195134
0.0;0.25195134
0.0;0.25195134
0.0;0.25195134
0.0;0.25195134
0.0;0.25195134
0.0;0.25195134
0.0;0.25195134
0.0;0.25195134
0.0;0.25195134
0.0;0.25195134
0.0;0.25195134
0.0;0.25195134
0.0;0.25195134
0.0;0.25195134
0.0;0.25195134
0.0;0.25195134
0.0;0.25195134
0.0;0.25195134
0.0;0.25195134
0.0;0.25195134
0.0;0.25195134
0.0;0.25195134
0.0;0.25195134
0.0;0.25195134
0.0;0.25195134
0.0;0.25195134
0.0;0.25195134
0.0;0.25195134
0.0;0.25195134
0.0;0.25195134
0.0;0.25195134
0.0;0.25195134
0.0;0.25195134
0.0;0.25195134
0.0;0.25195134
0.0;0.25195134
0.0;0.25195134
0.0;0.25195134
0.0;0.25195134
0.0;0.25195134
0.0;0.25195134
0.0;0.25195134
0.0;0.25195134
0.0;0.25195134
0.0;0.25195134
0.0;0.25195134
0.0;0.25195134
0.0;0.25195134
0.0;0.25195134
0.0;0.25195134
0.0;0.25195134
0.0;0.25195134
0.0;0.25195134
0.0;0.25195134
0.0;0.25195134
0.0;0.25195134
0.0;0.25195134
0.0;0.25195134
0.0;0.25195134
0.0;0.25195134
0.0;0.25195134
0.0;0.25195134
0.0;0.25195134
0.0;0.25195134
0.0;0.25195134
0.0;0.25195134
0.0;0.25195134
0.0;0.25195134
0.0;0.25195134
0.0;0.25195134
0.0;0.25195134
0.0;0.25195134
0.0;0.25195134
0.0;0.25195134
0.0;0.25195134
0.0;0.25195134
0.0;0.25195134
0.0;0.25195134
0.0;0.25195134
0.0;0.25195134
0.0;0.25195134
0.0;0.25195134
0.0;0.25195134
0.0;0.25195134
0.0;0.25195134
0.0;0.25195134
0.0;0.25195134
0.0;0.25195134
0.0;0.25195134
0.0;0.25195134
0.0;0.25195134
0.0;0.25195134
0.0;0.25195134
0.0;0.25195134
0.0;0.25195134
0.0;0.25195134
0.0;0.25195134
0.0;0.6693448
0.0;0.6471778
0.0;-1.6710405
0.0;0.38028312
0.0;2.31457
0.0;-0.4423623
0.0;0.22205365
0.0;1.241007
0.0;-0.28643954
0.0;0.466838
0.0;0.1647557
0.0;1.7564888
0.0;-0.9939705
0.0;1.1135633
0.0;2.0337934
0.0;-0.8444016
0.0;0.66728246
0.0;0.6103958
0.0;2.0755882
0.0;0.25195134
0.0;0.25195134
0.0;0.25195134
0.0;0.25195134
0.0;0.25195134
0.0;0.25195134
0.0;0.25195134
0.0;0.25195134
0.0;0.25195134
0.0;0.25195134
0.0;0.25195134
0.0;0.25195134
0.0;0.25195134
0.0;0.25195134
0.0;0.25195134
0.0;0.25195134
-0.17385;0.25195134
0.0;0.25195134
0.0;0.25195134
1.242;0.25195134
0.0;0.25195134
0.0;0.9380425
0.0;1.8546457
2.0;-0.5957489
0.0;-1.1832361
0.0;1.056617
0.0;0.14317286
0.0;-0.30649054
0.0;0.76344264
0.0;-0.06177771
0.003936;-0.088891864
1.0;-0.7370894
0.0;0.748765
0.0;-1.2489651
1.241999;-0.9937738
0.0;0.84078264
0.0;-0.81639636
0.0;-0.99655735
0.0;-1.3018762
0.0;0.25195134
1.0;0.25195134
1.242;0.25195134
0.0;0.25195134
0.0;0.25195134
0.497878;0.25195134
0.0;0.25195134
1.0;0.25195134
0.0;0.25195134
0.0;0.25195134
0.0;0.25195134
0.0;0.25195134
0.0;0.25195134
0.0;0.25195134
0.0;0.25195134
0.0;0.25195134
0.0;0.25195134
0.0;0.25195134
0.0;0.25195134
0.0;0.25195134
0.0;0.25195134
0.0;0.25195134
-1.0;0.25195134
0.0;0.25195134
0.0;0.25195134
0.0;-0.2525692
0.0;-0.44701445
0.0;2.817362
0.0;0.89531195
1.0;-1.7300551
0.134469;1.2406642
1.0;0.78495693
0.0;-0.5556499
-0.13384;1.2341465
1.0;-0.09487021
0.0;-0.32635677
-1.0;-0.1343255
0.0;3.9160812
0.0;-0.2709036
0.0;-1.2035434
0.0;2.5377269
0.0;0.21685016
0.0;1.3128693
0.0;-0.8633529
0.28458;1.4873202
0.0;-0.1263802
-0.28458;2.0148869
9.999993;2.300715
0.0;1.4089401
-9.99999;0.5040045
0.292863;0.15509379
0.0;2.764007
0.0;0.14317286
1.0;-0.30649054
0.008603;0.76344264
0.0;-0.06177771
0.0;-0.088891864
0.0;-0.7370894
0.0;0.748765
0.0;-1.7002616
0.0;-2.078468
0.0;1.7900015
0.0;0.7829989
0.0;-1.5413675
0.0;-0.8896773
0.0;0.9427602
0.0;-0.07598448
0.0;0.7137741
0.0;0.7959719
0.0;1.4893795
9.999993;-0.12121546
0.0;2.0121808
0.0;1.7322088
0.0;-0.18548715
0.0;1.4755036
-9.99999;1.6823466
0.0;2.0823355
0.0;0.26113045
0.0;0.25195134
9.999993;-0.2525692
0.0;-1.1467879
1.0;1.3031448
0.0;1.8806393
0.0;-0.3748362
0.0;0.52320015
0.0;0.94189
0.0;-0.07884252
0.0;0.71611357
1.0;0.3853078
0.0;0.00083991885
1.0;0.873446
0.0;3.5832372
0.0;1.0295088
0.0;-0.7108395
0.0;-0.05199361
0.0;2.8553154
0.0;4.470759
0.0;-0.0022773743
0.0;1.8282766
0.0;1.0032858
0.0;1.0234739
0.0;0.7560487
0.0;1.1297936
1.0;4.775443
0.0;0.27632368
0.0;4.772749
0.0;3.4699168
1.0;0.24982941
0.0;0.34807575
0.0;2.5256064
0.0;5.516603
0.0;-0.86411583
0.0;1.4840419
0.0;2.6941147
0.0;-0.7558261
0.0;1.3450499
0.0;1.0698642
0.0;3.3136692
0.0;-1.4589493
0.0;0.57064545
0.0;2.2514668
0.0;-1.2000744
0.0;0.81643116
0.0;1.7015363
0.0;1.0587181
0.0;-1.1864995
0.0;1.0687257
0.0;0.16526532
0.0;0.3381188
0.0;2.2999787
0.0;-0.78795004
0.0;-1.4041429
1.0;-0.029188871
0.0;0.64156306
1.0;-1.6978953
0.0;-0.5646502
0.0;0.4856254
0.0;-1.5604918
0.0;-2.6655025
0.0;0.47667277
0.0;0.30244243
0.0;-1.554287
0.0;1.0521616
0.0;-0.14207709
0.0;-1.3781701
0.0;-0.79883385
1.0;0.83007467
0.0;1.4754618
-9.0;-0.120857835
0.0;2.021044
0.0;1.74244
0.0;-0.69038916
0.0;-0.067994475
0.0;2.723908
0.0;3.484934
0.0;-0.39214838
0.0;0.5349214
0.0;0.9642626
0.0;-0.08705306
0.0;0.7335658
0.0;0.8121128
0.0;1.5286173
0.0;-0.1355623
0.0;2.0746675
0.0;1.7739977
0.0;-0.2054547
0.0;1.5183086
0.0;1.7233278
0.0;2.1335895
0.0;0.25195134
0.0;0.25195134
0.0;0.25195134
0.0;0.25195134
0.0;0.25195134
0.0;0.25195134
0.0;0.25195134
0.0;0.25195134
0.0;0.25195134
0.0;0.25195134
0.0;0.25195134
0.0;0.25195134
0.0;0.25195134
0.0;0.25195134
0.0;0.25195134
0.0;0.9380425
0.0;1.8546457
0.0;-0.5957489
0.0;-1.1832361
0.0;1.056617
0.0;0.14317286
0.0;-0.30649054
0.0;0.76344264
0.0;-0.06177771
0.0;-0.088891864
0.0;-0.7370894
0.0;0.748765
0.0;-1.2489651
0.0;-0.9937738
0.0;0.84078264
0.0;-0.81639636
0.0;-0.99655735
0.0;-1.3018762
0.0;-0.2525692
0.0;-1.1467879
0.0;1.3031418
0.0;1.8806393
0.0;-0.3748362
0.0;-0.48779297
0.0;-1.6502445
0.0;2.516752
0.0;4.655435
0.0;-0.42322028
0.0;2.0350392
0.0;1.547202
-0.02;0.97120357
0.0;2.4576778
0.0;0.9446467
0.0;4.1812773
0.0;0.6309594
0.0;4.9434
0.0;2.4361427
0.0;0.17991912
0.0;4.3298206
0.0;3.1964
0.0;4.305234
0.0;0.94084096
0.0;-0.07845509
0.0;0.71530294
0.0;0.7930453
0.0;1.48538
0.0;-0.12594509
0.0;2.0120883
-0.11955;1.7219777
0.0;-0.1922046
0.0;1.4765168
0.0;1.6739304
0.0;2.0728583
0.0;0.25195134
0.0;0.25195134
0.0;0.25195134
0.0;0.25195134
0.0;0.9380425
0.0;1.8546398
0.0;-0.5957489
0.0;-1.1832302
0.0;0.6466414
0.0;-0.7350807
0.0;0.40679526
0.0;0.31669092
0.0;-3.1045115
0.0;3.0806417
0.0;5.3437586
0.0;-1.0366832
0.0;1.2428279
0.0;1.3237114
0.0;0.39288652
0.0;1.4251764
0.0;1.6418273
0.0;3.352135
0.0;-1.0869478
0.0;5.777212
0.0;6.0124836
0.0;0.22425902
0.0;3.679078
0.0;5.4173493
0.0;5.719202
0.0;-0.0013266802
0.0;0.5696024
0.0;0.6338085
-0.06034;1.1271353
0.0;-0.037229538
0.0;1.4982338
0.0;1.2937362
0.0;-0.07843125
0.0;1.1279697
0.0;1.2650843
0.0;1.5609498
0.0;0.25195134
0.0;0.25195134
0.0;0.25195134
0.0;0.25195134
0.0;0.25195134
0.0;-0.041902542
0.0;-0.5232905
0.0;0.79089653
0.0;1.0873104
0.0;-0.09695339
0.0;0.37094903
0.0;0.19204867
0.0;-0.9672885
1.0;1.2230332
0.0;1.6862805
0.0;0.38468194
1.0;0.19800615
0.0;1.6140486
0.0;0.77301514
2.307999;0.32171857
0.0;1.2493248
0.0;1.8711294
0.0;0.88131976
-9.41999;1.2046452
0.0;0.46130967
0.0;0.45923245
0.0;1.9328947
0.0;0.9205307
0.0;1.6490455
0.0;0.29553723
0.0;-0.7028376
0.0;1.0130937
0.0;1.3586308
-2.30799;0.5139972
-0.10336;0.14211786
0.0;1.4868404
0.0;0.82650733
0.0;0.22317421
-0.01106;1.1480058
0.0;1.6213025
0.0;0.96550536
0.0;0.7440324
0.0;-0.12880015
0.0;0.44026923
0.0;1.2132461
0.0;1.04728
0.0;2.140304
1.0;0.3781016
-1.0;0.1623745
0.0;0.5618955
0.0;-0.48561442
0.0;2.1289911
0.0;1.3494189
0.0;1.668724
0.0;1.2908633
0.0;1.2259538
0.0;1.6349579
0.0;1.0607357
2.0;1.7784561
1.0;2.391323
0.0;1.6630019
0.0;1.1452581
9.999993;1.443633
0.0;0.25241923
-9.99999;0.93215954
0.0;1.4944996
9.999993;1.8173779
-9.99999;0.4777069
0.0;-0.99832463
0.0;1.9017781
0.0;2.1292353
9.999993;-0.45100796
0.0;1.0315324
-3.99999;1.4408584
0.0;0.9082134
0.0;0.57114315
1.0;0.6355519
2.0;1.1310453
9.999993;-0.03828752
0.0;1.5038068
1.0;1.2983884
1.0;-0.37006783
0.0;0.33174407
2.0;1.8195893
2.0;2.34549
2.0;-0.09695339
0.0;-0.025749683
-1.2;-0.4405712
1.299999;0.52119744
0.0;0.92827034
1.0;0.58039975
2.0;1.8796856
1.0;0.16615939
0.0;0.98518384
1.0;1.5617157
1.0;0.21385205
0.0;1.9628937
0.0;0.9142066
-1.9;3.0177321
0.0;1.0788913
0.0;0.39169443
-0.21557;0.7125343
-0.17;1.7924095
0.0;2.86698
0.0;-0.25978732
0.0;1.8339063
0.0;1.5617694
2.307999;-0.31013834
1.0;0.6671245
-1.0;0.9526963
0.0;0.9264107
1.0;0.15581799
-1.0;1.7693455
0.0;1.8909807
-2.30799;-0.3139739
0.1;2.014556
0.0;1.608264
1.0;0.24914992
1.099999;1.6095008
0.0;1.7633016
1.0;-0.27781475
1.2;1.1612798
0.399999;1.8840278
0.0;-0.4203056
1.0;0.7130499
0.0;1.0653908
0.0;0.85766864
1.1;0.23981881
1.199999;1.8655087
1.0;2.1119442
0.0;-0.3964578
2.283999;2.357575
1.0;2.3297873
0.0;0.874051
-1.0;0.3323729
2.308999;1.8203284
1.2;2.3463542
0.0;-0.09695339
2.307999;0.37094903
1.2;0.60647976
0.0;0.059568375
2.295999;0.47429454
1.2;0.52325976
1.1;0.8788998
0.0;0.033878773
1.0;1.1452432
2.306999;0.99881244
0.0;-0.37950027
1.0;-0.47190237
0.0;0.96167874
-9.27;2.817958
0.0;0.612625
1.0;0.0930185
0.0;0.84278536
0.0;0.31706643
-1.0;0.3651793
1.0;0.84877264
0.0;1.3569559
0.0;0.17122877
-1.0;0.16305697
1.2;2.853715
0.0;1.7378504
1.0;0.3899212
1.099999;2.0877953
2.308;2.7516122
0.0;0.9082134
0.0;0.57114613
1.099999;0.6355519
0.0;1.1310453
1.2;-0.03828752
1.0;1.5038068
2.305999;1.2983884
0.0;-0.07971573
1.0;1.1318023
1.1;1.2695576
0.0;1.5666182
0.0;0.73573244
2.296999;1.4040823
0.0;-0.39047348
0.0;-0.8069818
-9.99999;0.81323934
1.199999;0.1603837
0.0;-0.17176914
0.0;0.14930916
0.000606;-1.0515069
0.0;0.65703344
0.0;0.6329919
1.0;-0.08551526
-1.0;-1.453111
2.308999;0.3364588
0.0;1.2003
1.2;-0.5374317
0.0;-0.21730411
0.0;0.2921219
0.0;-0.22782433
1.0;1.3075079
-1.0;0.44570816
0.0;1.276126
1.2;1.9811774
9.999993;1.6884024
0.0;2.3642535
2.296;0.48225772
0.0;0.61507773
1.0;1.7534043
0.0;2.556568
1.1;0.4448558
0.0;-1.0254984
1.0;2.0477946
0.0;1.1188532
1.099999;-0.46094108
1.0;1.4455224
1.2;0.99027705
0.0;1.2160088
1.099999;-0.49577105
2.284;0.6042118
0.0;-1.4814829
9.999993;-2.5309536
1.1;2.5114353
0.0;2.7003284
0.0;-1.698101
0.09923;-1.1370336
1.199999;2.9673126
0.0;3.3775504
0.0;0.60627115
0.306339;-1.255161
0.0;3.0978675
0.0;0.18937242
-0.04426;2.7954097
-0.26207;3.4622457
1.0;0.6094004
0.0;1.7272468
-1.0;2.2776659
1.0;4.342984
0.0;-1.7566984
-1.0;-1.6510937
0.0;1.0160799
1.0;0.3237183
0.0;-2.1844838
-1.0;-2.6737936
1.0;-0.92363405
0.0;0.26532662
0.099999;0.28555942
9.999993;0.23068142
0.0;0.21844757
0.0;0.26743662
-9.99999;0.24804723
9.999993;0.23792338
0.0;0.2609576
0.0;0.24370205
-9.99999;0.24176192
9.999993;0.22733462
0.0;0.26176524
0.0;0.21650743
0.0;0.22234571
-9.99999;0.26292157
0.0;0.22661936
1.199999;0.22275698
0.0;0.21409345
0.0;0.25195134
0.099999;0.25195134
0.0;0.25195134
-0.09999;0.25195134
0.0;0.25195134
1.0;0.25195134
0.0;0.25195134
0.0;0.25195134
-1.0;0.25195134
0.199999;0.25195134
1.0;0.25195134
0.0;0.25195134
-1.0;0.25195134
-0.19997;0.25195134
0.0;0.25195134
0.0;0.25195134
-2.33299;0.25195134
0.0;0.25195134
0.0;0.25195134
9.999993;0.25195134
2.342;0.25195134
0.0;0.25195134
1.199999;0.25195134
1.0;0.25195134
1.1;0.25195134
0.0;0.25195134
1.172999;0.25195134
1.0;0.25195134
0.0;0.25195134
1.1;0.26168776
0.196673;0.276425
9.999993;0.23644221
0.0;0.2275343
-9.99999;0.26322258
0.003291;0.24910223
0.0;0.24172616
1.0;0.25850487
-1.0;0.24593723
1.0;0.24451566
0.0;0.23400736
0.0;0.25909495
0.0;0.22611868
0.0;0.2303685
0.0;0.25993538
-1.0;0.23349178
1.0;0.23067546
0.0;0.22435439
-1.0;0.25195134
1.0;0.25195134
0.0;0.25195134
0.0;0.25195134
-1.0;0.25195134
1.0;0.25195134
0.0;0.25195134
0.0;0.25195134
-1.0;0.25195134
0.0;0.25195134
0.0;0.25195134
1.0;0.25195134
-1.0;0.25195134
0.0;0.25195134
0.0;0.25195134
1.0;0.25195134
-1.0;0.25195134
0.0;0.25195134
1.0;0.25195134
0.0;-0.32860982
-0.2;-1.3999467
0.0;1.5366788
0.0;2.250793
0.191402;-0.49088347
0.0;0.6077851
1.0;1.0948623
0.008026;-0.13306785
9.999993;0.83927166
0.0;0.91828656
0.0;1.7718638
0.0;-0.18529344
0.0;2.429765
-0.00802;2.0684297
-1.0;-0.27865815
1.0;1.7524893
0.0;2.0020301
0.0;2.4707909
-1.0;0.25195134
0.0;0.25195134
0.0;0.25195134
1.0;0.25195134
-1.0;0.25195134
0.0;0.25195134
1.0;0.25195134
-1.0;0.25195134
-0.29899;0.25195134
0.0;0.25195134
0.0;0.25195134
1.0;0.25195134
0.0;0.25195134
-0.03532;0.25195134
0.035335;0.25195134
1.0;0.25195134
0.0;0.25195134
