<OPEN>;<HIGH>;<LOW>;<CLOSE>;(predicted -> )<LOW>
1.0;1.0;1.0;1.0;1.1566049
1.0;1.0;1.0;1.0;0.5867249
1.0;1.0;1.0;1.0;0.35364088
1.0;1.0;1.0;1.0;0.2851015
0.0;0.0;0.0;0.0;0.30719098
0.0;0.0;0.0;0.0;0.40232596
0.0;0.0;0.0;0.0;0.34108815
0.0;0.0;0.0;0.0;0.5493289
0.5;0.5;0.5;0.5;0.29764828
0.0;0.0;0.0;0.0;0.67505896
0.519;0.519;0.519;0.519;0.656659
0.494;0.494;0.494;0.494;0.98668396
1.0;1.0;1.0;1.0;0.5857414
1.0;1.0;1.0;1.0;0.7103628
1.0;1.0;1.0;1.0;0.63845575
0.0;0.0;0.0;0.0;0.31192955
0.0;0.0;0.0;0.0;0.33916292
0.622;0.622;0.622;0.622;1.0465926
0.822999;0.822999;0.822999;0.822999;0.9811586
0.268;0.268;0.268;0.268;0.7324761
0.669;0.669;0.669;0.669;0.684703
0.442;0.442;0.442;0.442;-0.26171744
0.762;0.762;0.762;0.762;-0.25639474
0.597;0.597;0.597;0.597;0.38389024
0.262999;0.262999;0.262999;0.262999;0.39470252
0.577999;0.577999;0.577999;0.577999;0.6459063
1.0;1.0;1.0;1.0;1.4953679
0.689999;0.689999;0.689999;0.689999;1.5575773
0.513;0.513;0.513;0.513;1.6150719
0.015;0.015;0.015;0.015;1.2387758
0.123999;0.123999;0.123999;0.123999;0.27505812
0.0;0.0;0.0;0.0;-0.75316966
1.0;1.0;1.0;1.0;-0.108187795
1.0;1.0;1.0;1.0;0.08040127
1.0;1.0;1.0;1.0;0.77396095
0.0;0.0;0.0;0.0;0.97079337
0.0;0.0;0.0;0.0;1.2977785
0.173;0.173;0.173;0.173;0.407899
0.696999;0.696999;0.696999;0.696999;0.25871453
0.289;0.289;0.289;0.289;0.4414862
0.544;0.544;0.544;0.544;0.44249353
0.334999;0.334999;0.334999;0.334999;0.78656137
0.268;0.268;0.268;0.268;0.68623483
0.555;0.555;0.555;0.555;0.69233835
0.089999;0.089999;0.089999;0.089999;0.42318162
0.0;0.0;0.0;0.0;0.69717824
0.029;0.029;0.029;0.029;0.61661065
0.312999;0.312999;0.312999;0.312999;0.14131126
1.0;1.0;1.0;1.0;0.21824297
0.5;0.5;0.5;0.5;-0.15904844
0.215;0.215;0.215;0.215;0.32925066
0.891999;0.891999;0.891999;0.891999;0.43724236
0.508;0.508;0.508;0.508;0.83257616
1.0;1.0;1.0;1.0;0.6287223
0.658999;0.658999;0.658999;0.658999;0.9303874
1.0;1.0;1.0;1.0;-0.086247325
0.257999;0.257999;0.257999;0.257999;0.38834867
0.486999;0.486999;0.486999;0.486999;0.6990677
0.0;0.0;0.0;0.0;0.85627496
0.333;0.333;0.333;0.333;0.71979225
1.0;1.0;1.0;1.0;0.93939364
0.265;0.265;0.265;0.265;0.1978105
0.440999;0.440999;0.440999;0.440999;0.0407165
0.63;0.63;0.63;0.63;-0.08904278
0.498999;0.498999;0.498999;0.498999;0.0281578
1.0;1.0;1.0;1.0;-0.13139784
0.967;0.967;0.967;0.967;0.47948417
1.0;1.0;1.0;1.0;1.0055906
1.0;1.0;1.0;1.0;1.0398751
1.0;1.0;1.0;1.0;0.79662263
0.309999;0.309999;0.309999;0.309999;0.33931193
0.402;0.402;0.402;0.402;-0.11617482
0.245999;0.245999;0.245999;0.245999;0.10396895
1.0;1.0;1.0;1.0;0.18782672
0.942;0.942;0.942;0.942;0.9774214
0.646;0.646;0.646;0.646;0.55915177
0.87;0.87;0.87;0.87;0.8538908
0.739999;0.739999;0.739999;0.739999;0.38402137
0.292;0.292;0.292;0.292;0.45069513
0.509999;0.509999;0.509999;0.509999;0.35569128
0.0;0.0;0.0;0.0;0.4097527
0.0;0.0;0.0;0.0;0.062203974
0.163999;0.163999;0.163999;0.163999;0.61843455
0.056;0.056;0.056;0.056;0.73613584
1.0;1.0;1.0;1.0;0.4228538
0.369;0.369;0.369;0.369;0.5740708
0.332;0.332;0.332;0.332;0.36391672
0.0;0.0;0.0;0.0;-0.15803516
0.5;0.5;0.5;0.5;0.5044645
0.5;0.5;0.5;0.5;0.8406228
0.5;0.5;0.5;0.5;0.5696839
0.5;0.5;0.5;0.5;0.73043764
0.5;0.5;0.5;0.5;0.6124741
0.5;0.5;0.5;0.5;0.37939605
0.5;0.5;0.5;0.5;0.40099677
0.5;0.5;0.5;0.5;0.6687707
0.5;0.5;0.5;0.5;0.7514781
0.5;0.5;0.5;0.5;0.66745937
0.5;0.5;0.5;0.5;0.43050107
0.5;0.5;0.5;0.5;0.29530582
0.5;0.5;0.5;0.5;0.46252665
0.5;0.5;0.5;0.5;0.52986205
0.5;0.5;0.5;0.5;1.0878986
1.0;1.0;1.0;1.0;0.8379823
0.3226;0.3018;0.3226;0.2997;0.19788799
0.483999;0.483999;0.483999;0.493099;0.2836412
0.080999;0.080999;0.080999;0.080999;-0.07311642
0.6907;0.6907;0.6907;0.6907;0.10390338
0.4021;0.4021;0.4021;0.4021;0.5272454
0.6398;0.6398;0.6398;0.6398;0.41835365
0.523099;0.523099;0.523099;0.523099;0.727666
0.459299;0.459299;0.459299;0.459299;0.8460945
0.442;0.442;0.442;0.442;1.1016375
0.503499;0.503499;0.503499;0.503499;0.38572606
0.2972;0.2972;0.2972;0.2972;0.5043274
0.4756;0.4756;0.4756;0.4756;0.025523275
0.6336;0.6336;0.6336;0.6336;0.525195
0.468599;0.468599;0.468599;0.468599;0.29786882
0.5286;0.6026;0.4726;0.5306;0.22918639
0.2769;0.2029;0.3329;0.274899;-0.32598317
0.6033;0.6033;0.6033;0.6033;-0.33542454
0.392099;0.392099;0.392099;0.392099;-0.025247931
0.1263;0.1263;0.1263;0.1263;0.7012969
0.275199;0.275199;0.275199;0.275199;0.79232514
0.4282;0.4282;0.4282;0.4282;0.28037485
0.4953;0.4953;0.4953;0.4953;0.22649226
0.6645;0.6645;0.6645;0.6645;-0.20298302
0.3964;0.3964;0.3964;0.3964;0.14662799
0.421099;0.421099;0.421099;0.421099;0.3854936
0.6291;0.6291;0.6291;0.6291;0.5634135
0.472799;0.472799;0.472799;0.472799;0.77961147
0.6168;0.6168;0.6168;0.6168;0.5493289
0.492599;0.492599;0.492599;0.492599;0.8709496
0.525099;0.525099;0.525099;0.525099;0.5856997
0.486;0.486;0.486;0.486;0.25860128
0.6226;0.6226;0.6226;0.6226;0.489462
0.451999;0.451999;0.451999;0.451999;0.123936504
0.6442;0.6442;0.6442;0.6442;0.59769213
0.091899;0.091899;0.091899;0.091899;0.1921421
0.910399;0.910399;0.910399;0.910399;0.4217094
0.9116;0.9116;0.9116;0.9116;-0.81112325
1.0;1.0;1.0;1.0;0.84133804
0.216;0.216;0.216;0.216;0.19356665
0.438599;0.7135;0.4025;0.7014;1.053322
0.7494;0.793799;0.785499;0.793499;0.42895135
0.782399;1.0;0.782399;1.0;1.5348798
1.0;1.0;1.0;0.0;0.22571144
1.0;0.450599;0.4004;1.0;0.71461856
0.0;0.0;0.0;0.0;0.19358453
0.0;0.0;0.132;0.0;-0.20148098
0.068699;0.5499;0.2207;1.0;-0.5789393
1.0;1.0;1.0;1.0;-0.1213485
1.0;0.0;1.0;0.0;0.038958162
1.0;1.0;1.0;0.8767;0.7346934
0.2071;0.375;0.277999;0.549299;0.8996731
0.5909;0.509;0.655;0.173;1.5848523
0.728999;0.509;0.739;1.0;1.0618097
0.459;0.459;0.459;0.459;1.0044402
0.402999;0.402999;0.402999;0.402999;0.993014
0.108;0.108;0.108;0.108;0.36624727
0.553999;0.553999;0.553999;0.553999;0.3354257
0.0;0.0;0.0;0.0;0.12780485
0.441999;0.441999;0.441999;0.441999;0.124723285
0.0;0.0;0.0;0.0;-0.0075036287
0.495;0.495;0.495;0.495;0.45961794
0.288999;0.288999;0.288999;0.288999;0.50635993
0.535;0.535;0.535;0.535;0.5695826
0.601;0.601;0.601;0.601;1.5494889
0.0;0.0;0.0;0.0;1.6499346
0.702999;0.702999;0.702999;0.702999;0.93036354
0.433;0.433;0.433;0.433;0.6755358
0.111;0.111;0.111;0.111;0.36187825
0.913999;0.913999;0.913999;0.913999;-0.32197773
0.594;0.594;0.594;0.594;0.38253722
0.565;0.565;0.565;0.565;0.72341025
0.518;0.518;0.518;0.518;0.79332054
0.241;0.241;0.241;0.241;0.47992525
0.781199;0.781199;0.781199;0.781199;0.9060091
0.425799;0.425799;0.425799;0.425799;-0.060450435
0.424;0.424;0.424;0.424;0.8159107
1.0;1.0;1.0;1.0;0.521732
0.729499;0.729499;0.729499;0.729499;1.0183519
0.2615;0.2615;0.2615;0.2615;0.17306861
0.0;0.0;0.0;0.0;1.0473973
0.485;0.485;0.485;0.485;0.004011959
0.7134;0.7134;0.7134;0.7134;0.781644
0.4376;0.4376;0.4376;0.4376;0.9664601
0.326999;0.326999;0.326999;0.326999;1.1774427
0.353899;0.353899;0.353899;0.353899;1.4405257
0.1731;0.1731;0.1731;0.1731;1.2363857
0.3686;0.3686;0.3686;0.3686;0.081211895
0.476399;0.476399;0.476399;0.476399;-0.52623093
0.6931;0.6931;0.6931;0.6931;-0.44538915
0.5959;0.759899;0.5029;0.533899;0.09017047
0.3447;0.1807;0.4377;0.4067;0.5860573
0.0013;0.0013;0.0013;0.0013;0.5510098
0.6509;0.8441;0.572599;0.7028;1.2299305
0.603199;0.521899;0.4485;0.410999;0.8671409
0.6011;0.4905;0.526699;0.2932;0.7880932
0.2149;0.461599;0.5223;0.721999;1.1599964
0.9895;0.8249;0.6617;0.6056;0.62033
0.189599;0.270199;0.4878;0.401399;0.27582106
0.603999;0.5501;0.633599;0.663;0.6805724
0.5491;0.480499;0.4388;0.401699;0.6322986
0.3033;0.376899;0.3587;0.4123;0.5264884
0.6096;0.5133;0.364599;0.224;0.27296004
0.180899;0.459;0.4573;0.513999;0.36820826
0.3499;0.3591;0.3734;0.487;-0.06489098
0.7696;0.505199;0.474999;0.416999;0.28880295
0.3352;0.412199;0.498;0.718;0.46920237
0.607299;0.4944;0.472;0.228;0.35594758
0.3823;0.439499;0.612099;0.778399;0.29166993
0.680099;0.8378;0.6519;0.7374;0.38393793
0.515899;0.410699;0.5668;0.393;-0.30231416
0.4147;0.312799;0.218999;0.1582;0.22064504
0.334;0.4993;0.4649;0.518799;0.94628394
0.5762;0.407;0.266999;0.3061;0.98853767
0.1316;0.4037;0.5304;0.7745;1.0017818
0.822099;0.587299;0.4259;0.4316;0.33071098
0.4737;0.452099;0.805899;0.44;0.61621726
0.481999;0.5699;0.4673;0.5717;0.097507805
0.347;0.513999;0.387699;0.437199;0.9082502
0.579099;0.342;0.3404;0.4091;1.076985
0.3281;0.349;0.157499;0.403099;0.64329565
0.452299;0.4862;0.8172;0.5931;0.74476063
0.5102;0.503299;0.5;0.5058;0.6992167
0.5815;0.5528;0.591;0.4895;0.76339304
0.447899;0.441599;0.4845;0.4732;0.2525514
0.3099;0.3609;0.079899;0.307299;0.7624215
0.8855;1.0;1.0;1.0;-0.058364272
0.867799;0.5372;0.888999;0.679;0.048637956
0.606999;0.606999;0.606999;0.606999;-0.06409824
0.4588;0.578399;0.4588;0.337;0.77089727
0.5468;0.9066;0.5468;0.9831;0.29335675
0.814499;0.4428;0.156399;0.0;0.8232719
0.4566;0.526399;1.0;1.0;0.97130597
0.552099;0.5329;0.638;0.629799;0.327993
0.616799;0.552699;0.563099;0.475;0.82654417
0.4511;0.3933;0.4457;0.4239;1.0094649
0.4845;0.516999;0.494699;0.622199;0.9669846
0.6321;0.914;0.681;0.7239;0.6589836
0.878699;0.6017;0.739799;0.533;0.42076764
0.41;0.802699;0.5195;0.867;0.16739425
0.8227;1.0;0.716999;0.594999;0.4464155
0.745799;0.0;0.8809;0.684999;0.28891024
0.5636;0.4397;0.0;0.1059;0.6151384
0.062;0.055599;0.8481;0.3001;-0.118719935
0.6205;0.8644;0.6949;0.430999;0.24496374
0.308899;0.069;0.295999;0.5821;-0.18547714
0.3736;0.347999;0.1079;0.0249;0.6628221
0.2315;0.209;0.0;0.526199;0.49192962
0.3619;0.7577;0.8944;0.951699;0.97813666
0.911299;0.8889;0.599399;0.053;1.0278231
0.666;0.3765;0.1171;0.574099;0.24424252
0.0;0.0555;0.882999;0.312;0.25929865
0.7195;0.498799;0.5577;0.535;0.034612983
0.358;0.3594;0.0;0.338;0.758726
0.443199;0.533199;1.0;0.863799;0.2629107
0.5885;0.528;0.4779;0.4088;1.5194243
0.5347;1.0;0.644199;0.877399;-0.19325554
0.9097;0.650099;0.9108;1.0;1.1509961
1.0;0.9506;1.0;0.9654;0.033319563
0.9922;0.6113;0.967199;0.145199;0.8304006
0.3553;0.1449;0.3303;0.634;-0.23880541
0.4206;0.4834;0.3504;0.398299;0.24991092
0.505199;0.6006;0.581399;0.5179;0.08677897
0.520299;0.409299;0.4184;0.2008;0.4014438
0.2636;0.4767;0.105799;0.052999;1.1693722
0.173;0.0;0.2515;0.7753;0.33994374
0.564499;0.5383;0.4001;0.2501;0.60840905
0.079;0.1615;0.320499;0.113599;0.17914829
0.608499;0.7564;0.7058;0.597;0.7931596
0.418099;0.306999;0.396999;0.547;0.3317779
0.5817;0.632;0.6157;0.379;0.6014532
0.3643;0.418899;0.4022;0.584999;0.40624198
0.7192;0.5912;0.7192;0.9047;0.6052023
0.424499;0.4169;0.287399;0.0;0.08862075
0.6022;0.561199;0.6606;0.9583;0.24278817
0.3953;0.3904;0.390499;0.1707;0.6098634
0.238099;0.367599;0.296399;0.495999;-0.10547578
0.7634;0.7118;0.6778;0.9308;0.9880787
0.651399;0.847;0.7622;0.4312;0.9751922
0.805099;0.997;0.805099;0.975999;0.61431587
0.698499;0.741599;0.548;1.0;0.6580597
0.9855;0.5913;0.267199;0.2281;1.0699457
0.561399;0.409099;1.0;0.498;0.88290036
0.3506;0.4366;0.5837;0.547999;1.1034316
0.5468;0.474699;0.4314;0.5558;0.40110406
0.279;0.3597;0.0;0.2332;0.33671913
0.540599;0.6733;1.0;0.745999;0.37898478
0.8453;0.616399;0.6749;0.698399;0.22224244
0.4323;0.548;0.0;0.4206;0.6674117
0.6754;0.909399;1.0;0.95;0.659222
0.826599;0.4741;0.646599;0.572999;0.11884627
0.2424;0.4858;0.0;0.4512;0.64730704
0.5117;0.9188;1.0;0.0;0.45418796
0.351899;0.0;0.1663;0.641999;0.63813984
0.5246;0.369899;0.504199;0.12;0.46843943
0.5274;0.485099;0.3868;0.691099;0.60397446
0.1035;0.1113;0.3194;0.0569;0.5469209
0.2328;0.7475;0.505099;0.727;0.8068985
0.6855;0.4204;0.6855;0.8751;0.031436056
0.675799;0.566799;0.4194;0.4133;-0.23956835
0.1704;0.604;0.4268;0.5213;0.29698667
0.782399;0.539999;0.782399;0.578699;0.24334845
0.5946;0.2893;0.526199;0.2276;0.2401298
0.4527;0.515699;0.4318;0.672499;0.86565673
0.2006;0.728999;0.279199;0.352999;0.086218685
0.641999;0.0767;0.476199;0.1485;0.59074223
0.3294;0.298699;0.4282;0.737199;0.924868
0.4773;0.5522;0.5473;0.6019;1.3147122
0.5732;0.570399;0.559799;0.1849;0.6151384
0.4553;0.4933;0.3835;0.689399;0.41645226
0.434799;0.350399;0.4161;0.407299;0.17035064
0.478;0.4981;0.5671;0.556799;0.3067499
0.472999;0.831199;0.4955;0.812;0.6684071
0.8171;0.4835;0.625799;0.0;0.8191234
0.2803;0.2165;0.3982;0.575999;0.91291726
0.4757;0.783999;0.549099;0.646;0.3548449
0.612099;0.3441;0.506499;0.588799;0.6310767
0.3712;0.2972;0.186199;0.0;-0.24281085
0.314299;0.518699;0.5059;0.922999;0.709725
0.470099;0.387;0.0;0.2985;-0.23437679
0.3077;0.403499;1.0;0.4472;0.47383365
0.5011;0.5161;0.4864;0.365299;0.17407593
0.666399;0.727399;0.724399;0.417;0.6307727
0.4307;0.2373;0.3947;0.692399;0.7865733
0.357299;0.426199;0.460899;0.5581;0.7875627
0.6028;1.0;0.6028;1.0;1.2004203
1.0;0.7532;1.0;0.4733;0.5756146
0.6505;0.489999;0.6505;0.656099;0.48862752
0.571099;0.468;0.240499;0.1081;0.56375325
0.294499;0.2222;0.4824;0.588899;0.89514315
0.1181;0.3767;0.2608;0.1226;0.572688
0.747799;0.485299;0.459199;0.596699;0.55975974
0.2302;0.2604;0.390799;0.494;0.41238126
0.537;0.690899;0.6429;0.6273;0.017029613
0.670099;0.6796;0.4376;0.318899;0.36549625
0.2815;0.1169;0.4148;0.5059;0.0848299
0.4952;0.5688;0.6261;0.530999;0.8640653
0.499399;0.4262;0.4316;0.430199;0.37974176
0.5248;0.647499;0.5212;0.7167;0.681985
0.616;0.5775;0.6408;0.5183;0.84994495
0.5257;0.698499;0.5627;0.787099;0.7163054
0.804599;0.7004;0.804599;0.504999;0.6938225
0.5396;0.5941;0.5396;0.6171;0.8959776
0.6558;0.407399;0.5778;0.3576;0.975222
0.450499;0.476199;0.5285;0.598599;0.085956424
0.4828;0.559;0.4828;0.5572;0.6637639
0.767099;1.0;0.767099;0.9544;-0.15171707
0.8624;0.735099;0.783899;0.5363;-0.45523584
0.4221;0.5221;0.4635;0.706399;-0.02535522
0.588999;0.2789;0.0;0.399899;0.6612545
0.4596;1.0;1.0;1.0;0.02468881
1.0;1.0;1.0;0.811799;-0.2807492
1.0;0.171299;0.392599;0.8559;1.2286013
0.565299;0.238399;1.0;0.348499;0.39296207
0.3273;0.2791;0.095299;0.0731;0.8618599
0.1235;0.2272;0.4331;0.4855;1.3020104
0.497;0.384;0.575999;0.523;0.15534815
0.2478;0.491199;0.2658;0.509399;0.24185833
0.625699;0.497799;0.5517;0.415399;0.20967779
0.6953;0.5919;0.421499;0.3903;0.9720391
0.1207;0.146599;0.3373;0.2783;0.30943808
0.5566;0.582699;0.528599;0.550599;1.187337
0.3521;0.424499;0.5113;0.4917;0.15817937
0.492899;0.4458;0.172699;0.1494;0.14036354
0.1076;0.077899;0.1754;0.165599;0.35619196
0.3492;0.414999;0.529499;0.5187;0.32780227
0.263299;0.2573;0.1961;0.362299;0.45518336
0.4211;0.6121;0.5604;0.7321;1.2207752
0.6938;0.913699;0.539299;0.882099;0.6816572
1.0;0.668199;0.8583;0.1834;0.44214782
0.2843;0.1522;0.4435;0.495099;0.83648026
0.446899;0.7221;0.5916;0.7705;-0.028389096
0.706299;0.555399;0.7073;0.540099;0.16473588
0.6098;0.5042;0.381;0.389199;0.59111774
0.2392;0.399;0.5008;0.614;0.733847
0.7391;0.584599;0.432199;0.2239;0.52937925
0.148299;0.2648;0.404;0.6211;2.2064872
0.5654;0.560299;0.5788;0.582099;0.036031574
0.6556;0.8119;0.6934;0.5629;1.2040561
0.666499;0.3808;0.6015;0.5518;-0.0949496
0.49;0.504;0.507999;0.559999;0.30165967
0.632899;1.0;0.6799;1.0;-0.6244594
0.919699;0.495799;0.764199;0.2998;1.2290663
0.369;0.332899;0.062599;0.1555;-0.032209754
0.0405;0.0849;0.099;0.005299;0.40867385
0.0;0.0;0.0;0.2019;0.5336529
0.738699;0.6736;0.643599;0.432499;0.32653865
0.595;0.305399;0.4695;0.5448;-0.11283696
0.553999;0.6352;0.4224;0.305199;-0.25179923
0.1582;0.172699;0.4595;0.489899;1.3049549
0.3306;0.4098;0.381499;0.430099;-0.066351295
0.4923;0.3743;0.4055;0.3333;0.8186048
0.483699;0.4894;0.465799;0.521899;0.2080923
0.6448;0.6828;0.6702;0.7885;0.83980024
0.6059;0.4737;0.456;0.4116;0.32830295
0.360999;0.6267;0.590199;0.527899;0.99185765
0.4707;0.292999;0.4193;0.4357;0.64204395
0.581199;0.5986;0.56;0.5871;0.004679531
0.5102;0.550999;0.523699;0.526;0.28436837
0.5062;0.4192;0.5119;0.388999;0.7961756
0.529199;0.469999;0.582599;0.594799;0.14900026
0.5053;0.5649;0.4514;0.4365;0.5260235
0.114799;0.163999;0.1687;0.2669;1.1959141
0.588999;0.7473;0.571999;0.707599;0.20535049
0.8481;0.5838;0.7059;0.576899;0.22183117
0.575199;0.6036;0.4581;0.3884;1.0054296
0.1372;0.189599;0.3674;0.3413;0.09499249
0.2557;0.268999;0.1509;0.2145;0.6452328
0.4483;0.8207;0.5992;0.996399;1.6676193
0.931999;0.5154;0.8059;0.4638;0.690276
0.3692;0.5912;0.448499;0.544999;0.212962
0.656799;0.4051;0.581;0.5115;0.5610591
0.6724;0.8203;0.710699;0.369199;0.014830202
0.461499;0.371099;0.3516;0.312999;-0.48938334
0.2877;0.315999;0.4131;0.7775;0.9537703
0.4465;0.569;0.5153;0.4626;0.18141922
0.663;0.642999;0.559;0.4513;0.0031000078
0.406399;0.265;0.314999;0.337899;0.57962
0.3558;0.3344;0.4543;0.4182;1.2232548
0.392599;0.5443;0.4875;0.6082;0.4130369
0.8249;0.9513;0.8269;0.796299;2.021182
0.384799;0.072599;0.2303;0.0;0.32099542
0.062799;0.2291;0.116399;0.062;0.47065672
0.465299;0.377299;0.4542;0.8004;0.30430612
0.3959;0.4725;0.507899;0.523599;0.6874329
0.4877;0.338;0.0512;0.0;-0.087797046
0.0;0.087499;0.235599;0.6433;0.5028254
0.555599;0.422;0.3073;0.0;1.0776407
0.1745;0.1479;0.3138;0.7637;-0.33494174
0.493099;0.4742;0.6173;0.556899;1.3330644
0.6592;0.6052;0.420299;0.1684;0.09961781
0.002199;0.2925;0.0;0.190299;1.0972327
0.3064;0.108699;0.9308;0.3947;-0.0134164095
0.459;0.6187;0.654499;0.8178;1.6514724
0.7466;0.5966;0.5527;0.417199;-0.66191494
0.404199;0.4438;0.591;0.7169;0.43923315
0.7639;0.8124;0.747599;0.6889;0.7738775
0.3426;0.481999;0.213699;0.241799;0.051940054
0.4514;0.306999;0.5275;0.6454;0.8081323
0.9229;0.7432;0.7325;0.532999;0.36701617
0.213299;0.2728;0.245;0.239;0.7650262
0.3022;0.2878;0.3627;0.368;-0.00932157
0.4421;0.488199;0.5261;0.5717;0.4955834
0.4176;0.489999;0.0122;0.471699;0.18488821
0.5703;0.6072;0.923999;0.7312;0.33025202
0.6644;0.998799;0.8199;0.5656;0.28355774
0.593399;0.177199;0.524799;0.604799;0.34051594
0.413899;0.4514;0.379799;0.4457;-0.013177991
0.744;1.0;0.8455;1.0;0.63632786
0.8298;0.4389;0.8;0.4239;0.3979629
0.5046;0.818999;0.535599;0.559799;0.74299634
0.627399;0.491;0.5762;0.476199;0.7979578
0.6841;0.606999;0.610599;0.5865;0.9049183
0.3706;0.8038;0.4953;0.916399;0.32450017
0.9877;0.438199;0.846;0.5463;1.3003296
0.4489;0.7499;0.5906;0.6798;0.8597022
0.712299;0.6751;0.712299;0.620999;0.5617684
0.6517;0.5622;0.439399;0.3393;0.15581903
0.3506;0.409799;0.4656;0.568099;0.07794556
0.4726;0.2828;0.5699;0.5547;-0.41356623
0.586099;0.8942;0.586099;0.6872;-0.10885537
0.7174;0.573999;0.646699;0.4431;0.5416101
0.377599;0.1171;0.2651;0.267199;0.90445936
0.3553;0.6404;0.439399;0.808399;1.2309557
0.8005;0.7635;0.7567;0.431;0.69645107
0.311599;0.099;0.2635;0.123;0.83595574
0.267499;0.507999;0.292899;0.218;0.14414844
0.3353;0.135999;0.2667;0.413499;0.46399888
0.1747;0.341;0.391999;0.3808;-0.018697381
0.4513;0.2224;0.320999;0.487299;0.74828327
0.5211;0.7876;0.6683;0.6804;0.2300447
0.7028;0.645;0.5594;0.4752;0.8101052
0.3806;0.456699;0.5102;0.7303;0.5362338
0.7988;0.6825;0.8126;0.604699;1.8120354
0.523;0.320799;0.4177;0.2818;0.35462436
0.3919;0.418;0.432199;0.56;0.52239954
0.548099;0.898;0.613099;0.5886;0.84599316
0.5017;0.256;0.4619;0.386799;-0.5270058
0.3908;0.550999;0.3497;0.4139;-0.040655732
0.5119;0.59;0.5928;0.5805;0.47388133
0.590499;0.250399;0.420999;0.377499;-0.0007802248
0.331099;0.4956;0.1648;0.1715;0.28069076
0.1989;0.277999;0.3109;0.139199;0.629974
0.181999;0.097599;0.405799;0.7786;1.0235852
0.716699;0.5425;0.6029;0.404699;-0.1885885
0.4186;0.471899;0.271099;0.0207;0.8926457
0.0487;0.249;0.2307;0.5563;0.67180455
0.5089;0.244199;0.3614;0.480499;0.9073502
0.560199;0.7773;0.7667;0.7404;0.4962748
0.7021;0.666499;0.6171;0.4175;0.7405168
0.248799;0.515699;0.354099;0.7667;0.41850266
0.9217;0.6013;0.877099;0.539099;0.5086845
0.549999;0.617999;0.4542;0.3851;1.1382049
0.2937;0.15;0.2674;0.287199;0.79531133
0.3066;0.445499;0.4695;0.6094;0.7619029
0.64;0.630499;0.5581;0.3931;0.19900855
0.223099;0.281;0.052299;0.0;0.22540149
0.4;0.1766;0.218399;0.402699;-0.12543738
0.1369;0.273399;0.5129;0.564;0.18661675
0.6084;0.664;0.5839;0.5766;0.48206505
0.4816;0.488;0.336099;0.229699;0.8137709
0.285899;0.215999;0.3748;0.4373;0.8167869
0.4861;0.652;0.591799;0.7163;0.77053964
0.7146;0.751999;0.6371;0.2414;0.8606142
0.375299;0.267;0.4296;0.682599;0.35688338
0.5792;0.609999;0.6399;0.8241;0.82520306
0.8382;0.625999;0.562;0.5062;0.7502562
0.436699;0.54;0.657899;0.529399;0.6615466
0.5433;0.382899;0.3468;0.2498;0.24679956
0.224799;0.435099;0.354699;0.2539;0.5517012
0.3641;0.1655;0.3166;0.464199;0.26487765
0.2653;0.503499;0.3727;0.4704;0.49483237
0.5591;0.5192;0.7227;0.520399;0.76655805
0.5626;0.557099;0.460699;0.6935;1.0647184
0.601399;0.591699;0.5395;0.4035;0.53705037
0.4257;0.58;0.424199;0.239999;0.780738
0.355;0.135999;0.305499;0.597799;0.48645195
0.552199;0.4553;0.4489;0.3411;0.026625961
0.3355;0.617799;0.5459;0.6671;0.13930854
0.762;0.4539;0.7638;0.657;0.51075876
0.4968;0.645;0.248899;0.271599;0.477851
0.309099;0.282999;0.0602;0.0;0.7444328
0.0;0.0;0.334699;0.669;0.7819897
0.639499;0.6937;0.5324;0.4875;0.5032784
0.381;0.2375;0.291899;0.2892;0.44823346
0.2335;0.4055;0.462;0.2593;0.80415666
0.624699;0.637;0.617;0.629999;0.5305296
0.3632;0.547;0.3672;0.475;0.22624788
0.5046;0.37;0.480799;0.428899;0.4455751
0.287399;0.059599;0.329499;0.3474;0.36485848
0.525;0.477799;0.4451;0.5228;0.12843665
0.431099;0.421199;0.4473;0.2469;1.0573512
0.4681;0.7424;0.543599;0.8504;0.46319422
0.7931;1.0;0.7931;0.790599;0.7695681
1.0;0.262;0.916599;0.617;0.5288905
0.3486;0.550999;0.507899;0.673;1.2369221
0.697099;0.625;0.639099;0.483999;0.42435583
0.4554;0.5062;0.5308;0.513;0.9280807
0.407299;0.2828;0.350999;0.702999;0.29988942
0.5886;0.389599;0.5668;0.201999;0.36671814
0.322199;0.295;0.3904;0.5441;0.13869461
0.5573;0.729399;0.515899;0.4069;0.8336848
0.451999;0.3416;0.4141;0.4871;0.13193545
0.3641;0.445799;0.485299;0.5669;0.8395678
0.5922;0.445899;0.5473;0.454599;0.4321402
0.4266;0.7197;0.4715;0.430399;0.67569673
0.653699;0.495999;0.559899;0.489;0.8479482
0.2796;0.414999;0.2924;0.315999;0.58981836
0.4118;0.1547;0.278199;0.4189;0.57658017
0.2514;0.2483;0.2498;0.2558;0.87114036
0.3431;0.351699;0.515499;0.5669;0.44878182
0.608;0.6819;0.2964;0.250699;0.2657896
0.190899;0.141299;0.5137;0.3987;0.09172019
0.670999;0.6035;0.431799;0.427;0.16247687
0.338;0.3561;0.4801;0.445999;0.33304748
0.4041;0.402799;0.4753;0.6027;1.0928518
0.4691;0.483899;0.280099;0.162299;1.1306828
0.258199;0.2877;0.4093;0.6081;0.6187326
0.5402;0.7866;0.636499;0.8301;-0.14442146
0.754299;0.7729;0.7488;0.3948;0.22736844
0.4819;0.4026;0.462599;0.661999;-0.5924517
0.7494;0.7793;0.7743;0.800999;0.28005895
0.809999;0.7013;0.736799;0.507;0.88796675
0.4916;0.823799;0.5641;0.544;0.6897694
0.671599;0.3135;0.4749;0.416999;0.7891482
0.3893;0.291699;0.465199;0.464;1.1588401
0.610699;0.7083;0.5348;0.535999;0.47589597
0.3893;0.291699;0.465199;0.464;0.47783312
0.4377;0.433499;0.4147;0.5731;0.7196611
0.334499;0.4288;0.3831;0.4924;0.19849
0.7748;0.755499;0.796099;0.7287;0.13293085
0.480599;0.4204;0.380099;0.245799;0.5392319
0.319199;0.338799;0.4017;0.358;0.42423663
0.2736;0.4723;0.564999;0.679099;0.35591778
0.692;0.488099;0.433199;0.4729;0.91959894
0.43;0.479;0.402;0.43;0.5656487
0.407;0.327999;0.494;0.489999;0.6360954
0.398;0.327999;0.399;0.355;0.41604695
0.541699;0.809999;0.445599;0.331;0.4386848
0.503299;0.259;0.3974;0.533999;-0.016098619
0.2633;0.4742;0.465299;0.5089;0.67653716
0.6015;0.5998;0.5542;0.6191;0.56138694
0.786899;0.725199;0.827099;0.689;0.6141907
0.664;0.7337;0.6497;0.6997;0.656814
0.543099;0.696899;0.564499;0.7593;0.37717876
1.0;0.6853;0.8475;0.605;0.33764896
0.5225;0.910599;0.6597;0.841;0.60169756
0.772499;0.4311;0.6357;0.344;0.41833577
0.1939;0.445899;0.3843;0.8183;0.64765275
0.895499;0.7627;0.876199;0.412699;0.3547853
0.4954;0.648599;0.4082;0.5618;0.4304653
0.323;0.0655;0.2909;0.2698;0.40834603
0.3471;0.3972;0.425899;0.339399;0.8569485
0.415799;0.488299;0.3936;0.625;0.4908925
0.6167;0.622399;0.6812;0.7621;0.77257216
0.891999;0.873799;0.864599;0.6989;-0.17469466
0.6136;0.5471;0.586399;0.5229;0.63232243
0.470499;0.3648;0.2945;0.391099;-0.055467486
0.58;0.822399;0.716699;0.9459;1.1631793
0.7785;0.734;0.8291;0.703299;0.7241136
0.7302;0.803599;0.712899;0.8026;1.0394698
0.754899;0.7957;0.833;0.843599;0.07503685
0.8874;0.8736;0.6265;0.6616;0.31132755
0.6282;0.505299;0.882899;0.6536;-0.63736975
0.5713;0.7678;0.5775;0.6704;0.43175277
0.8245;0.666899;0.820499;0.709;0.5297071
0.814799;0.7894;0.724399;0.7007;0.82475007
0.0;0.2067;0.062;0.1313;0.07674751
1.0;0.6998;0.888099;0.811999;0.34391937
0.375399;0.341699;0.446;0.4136;0.04407224
0.291499;0.3079;0.264199;0.112399;0.89120924
0.3884;0.4773;0.4991;0.6801;0.9072429
0.5044;0.6555;0.550899;0.6189;1.3805515
0.794;0.6002;0.6048;0.503999;0.31521973
0.3367;0.255099;0.332899;0.369;-0.24528444
0.2791;0.3418;0.4372;0.25;-0.9630257
0.555599;0.575499;0.3163;0.4808;-0.8970195
0.4382;0.5322;0.666399;0.8476;-0.20521224
0.7197;0.603;0.424299;0.1356;1.1216885
0.1476;0.192499;0.347799;0.541999;0.1753932
0.8013;0.726099;0.7805;0.55;1.0132736
0.290799;0.3899;0.0967;0.158999;0.91733396
0.1018;0.021599;0.1811;0.352;0.18981156
0.4833;0.664;0.717199;0.48;0.93177617
0.5378;0.339099;0.436499;0.425;1.4249212
0.3081;0.5752;0.428;0.753999;-0.031023622
0.798999;0.718899;0.793099;0.681;0.7712847
0.9722;0.9526;0.8729;0.8508;0.6047851
0.3597;0.279;0.3819;0.4109;0.7388896
0.5655;0.555;0.672799;0.4463;1.1036223
0.4374;0.3378;0.296299;0.4206;0.62607586
0.3061;0.427199;0.3925;0.4224;0.56122005
0.480699;0.3567;0.2639;0.173999;0.11797008
0.2862;0.614599;0.532999;0.837;-0.10507047
0.891199;0.6201;0.8969;0.547999;0.2900189
0.542899;0.4932;0.3304;0.263;1.0039276
0.2357;0.250299;0.410999;0.6676;-0.28126776
0.4522;0.427299;0.0804;0.0;0.23216662
0.1324;0.4205;0.5604;0.9557;0.046176285
0.513499;0.509899;0.5015;0.5123;0.61183035
0.9793;0.697;0.527299;0.3043;0.18685517
0.0945;0.322499;0.5222;0.3167;1.6213483
0.4528;0.3548;0.3672;0.5853;-0.22468507
0.4236;0.523399;0.5455;0.5807;0.94049037
0.9494;0.726;0.6815;0.562899;0.29325542
0.365299;0.5443;0.6048;0.610599;0.8490449
0.6096;0.558699;0.622799;0.6226;-0.11502445
0.6325;0.6781;0.637699;0.6689;1.0019726
0.545;0.6769;0.555;0.623999;0.17470178
0.654;0.433;0.590299;0.323;0.8928424
0.236999;0.3828;0.300699;0.629999;0.8404738
0.686;0.6532;0.6617;0.384;0.88363945
0.384;0.418299;0.4083;0.591999;-0.16765535
0.591999;0.5946;0.591999;0.478;0.5859262
0.6598;0.4101;0.4892;0.463;0.28838572
0.318999;0.326499;0.1714;0.049999;0.30167755
0.1307;0.2959;0.307599;0.5898;0.9549087
0.3794;0.2515;0.3989;0.2536;1.242674
0.1219;0.1471;0.126799;0.025599;1.1085337
0.4832;0.535699;0.5491;0.764;0.91748893
0.579599;0.6104;0.630599;0.654999;1.2175089
0.605399;0.633699;0.4922;0.255;-0.0067049265
0.3659;0.2042;0.172699;0.232999;0.102776855
0.2795;0.5079;0.5859;0.8045;0.3701037
0.6294;0.487299;0.6064;0.451499;0.6631559
0.6463;0.5799;0.540699;0.443;0.34799036
0.383199;0.386099;0.3065;0.364;1.0258204
0.334499;0.3214;0.4275;0.361;0.37735757
0.2462;0.414899;0.358499;0.487099;0.19998607
0.4997;0.497399;0.465499;0.660299;0.37767944
0.703499;0.7893;0.7377;0.7206;0.17851648
0.9202;0.8621;0.8813;0.873899;-0.047331452
0.765699;0.616199;0.5337;0.2391;0.9667939
0.23;0.275199;0.3982;0.689;0.53075016
0.613199;0.5617;0.671299;0.366;0.9093648
0.2227;0.2059;0.193;0.163;0.8368081
0.4483;0.4403;0.3108;0.42;0.9435302
0.464;0.563599;0.505899;0.8263;0.1446074
0.610699;0.4481;0.7226;0.447699;1.0303324
0.3583;0.428;0.3239;0.384;0.15646872
0.479299;0.5469;0.394199;0.4145;0.7355279
0.388999;0.317799;0.3297;0.3915;0.33580717
0.6945;0.7535;0.785999;0.8902;0.8103436
0.746499;0.806799;0.8762;0.6768;-0.0098878145
0.7754;0.613;0.5009;0.4368;0.9315735
0.2101;0.3351;0.4316;0.310199;0.18438157
0.337199;0.4568;0.405799;0.626;0.24204907
0.6379;0.601799;0.6379;0.613999;0.034362644
0.741;0.5803;0.417499;0.3986;0.34155902
0.185099;0.1432;0.3615;0.227399;0.67153037
0.3716;0.503599;0.5017;0.777799;0.65574706
0.654699;0.4995;0.545099;0.4238;1.1906034
0.5759;0.637799;0.5602;0.4819;0.23644623
0.3621;0.6197;0.5044;0.493499;0.3911024
0.551099;0.2862;0.5489;0.6018;-0.6491536
0.4748;0.430199;0.295099;0.307099;0.36837515
0.312799;0.352;0.4516;0.3301;-0.25829017
0.5608;0.686799;0.4284;0.485399;1.070196
0.365199;0.1973;0.372199;0.4157;0.8394128
0.3306;0.3946;0.456499;0.5378;0.3854936
0.5326;0.597799;0.5752;0.6002;1.0842031
0.523199;0.715299;0.523199;0.6829;-0.4833156
0.8035;0.590299;0.6892;0.489799;0.7601625
0.4605;0.3406;0.4039;0.339099;0.11016783
0.451999;0.459499;0.427599;0.4824;0.25625882
0.3229;0.3878;0.2559;0.071699;-0.10002792
0.2317;0.175999;0.2477;0.4461;1.4653689
0.2186;0.3458;0.425899;0.406699;0.17625746
0.560199;0.555399;0.532499;0.5106;1.1460668
0.5499;0.4326;0.5836;0.5566;1.5378243
0.4559;0.450199;0.3828;0.3566;-0.05873382
0.466;0.5273;0.5225;0.637;0.41990933
0.469999;0.4146;0.2889;0.0604;0.35334286
0.224399;0.3469;0.455099;0.590299;0.518257
0.596;0.617799;0.5364;0.495799;0.44202265
0.4009;0.4255;0.4056;0.675;1.3239688
0.739599;0.6674;0.6089;0.3561;0.10091719
0.1912;0.352399;0.376799;0.6613;0.74703753
0.679099;0.4936;0.6445;0.472099;0.43833908
0.5684;0.5473;0.344899;0.2445;0.8775896
0.2872;0.3884;0.5088;0.674299;0.32522735
0.736699;0.669699;0.770699;0.646699;0.9065515
0.538699;0.6694;0.425699;0.686199;0.5274719
0.7453;0.6691;0.8114;0.4247;0.20942745
0.4891;0.3811;0.427799;0.463999;0.7135755
0.4743;0.4161;0.4578;0.4878;-0.21535695
0.273199;0.3367;0.344799;0.3565;0.16117153
0.5809;0.5932;0.5376;0.457699;0.6528264
0.4701;0.4475;0.4832;0.6967;0.4666811
0.486699;0.6628;0.572499;0.449299;0.63583314
0.503299;0.571999;0.503299;0.710699;1.1203235
0.7202;0.5397;0.6538;0.4937;0.11028704
0.4268;0.364699;0.0941;0.0823;0.36864933
0.0821;0.1568;0.4812;0.3433;0.8030361
0.580099;0.5149;0.5444;0.6524;0.061971515
0.5147;0.558699;0.540499;0.570999;0.44710693
0.536099;0.4482;0.44;0.4616;1.5786535
0.3876;0.410299;0.3047;0.089999;0.19542632
0.212499;0.5588;0.401399;0.823;0.8960074
0.7389;0.607299;0.7389;0.556999;0.55642784
0.683399;0.7302;0.6785;0.8516;0.076848835
0.6883;0.6601;0.6633;0.630199;-0.3376001
0.5566;0.3449;0.468;0.2605;0.6245917
0.399999;0.419899;0.4416;0.3277;0.40950832
0.3487;0.6167;0.425599;0.7583;0.14464316
0.622399;0.351499;0.5152;0.459199;1.0874635
0.7146;1.0;0.820599;0.9937;0.031781763
0.8959;0.667299;0.8523;0.4681;0.5699581
0.5566;0.5181;0.4802;0.5807;0.06822404
0.420999;0.2995;0.4296;0.3963;1.1284238
0.0;0.631399;0.0;0.7377;-0.0024789572
1.0;0.606;1.0;0.601799;0.7578081
0.6209;0.551199;0.6038;0.4132;0.5168623
0.477499;0.465199;0.4437;0.4625;0.6703383
0.3794;0.4323;0.495699;0.538799;0.52719176
0.5871;0.5563;0.5498;0.5344;0.87642133
0.649799;0.634;0.678899;0.6048;0.14850554
0.5352;0.5197;0.517199;0.563099;0.82128704
0.5246;0.6358;0.504799;0.6125;0.3884202
0.4778;0.337599;0.4819;0.341999;0.5961484
0.471499;0.455;0.338299;0.411999;0.84818065
0.399999;0.417299;0.5348;0.5396;1.0528749
0.6138;0.8278;0.6643;0.8278;0.1020616
0.8194;0.6927;0.8194;0.6299;0.4168218
0.5459;0.622499;0.5459;0.622599;-0.16053855
0.590999;0.5862;0.491499;0.646;-0.090240836
0.6964;0.8278;0.7959;0.7755;0.68641365
0.7749;0.682199;0.733;0.604799;0.78147113
0.5383;0.4369;0.5285;0.5327;0.9733504
0.542199;0.4692;0.535299;0.415699;0.6562954
0.4514;0.449299;0.3045;0.3143;0.6014234
0.604599;0.779;0.776899;0.8779;0.020111173
0.4125;0.2918;0.3939;0.409499;0.63456357
0.577199;0.502199;0.4331;0.3849;0.37244615
0.3763;0.3482;0.503399;0.416799;0.53069055
0.4619;0.459199;0.3393;0.4814;0.8732861
0.0;0.6289;0.0;0.512499;0.7041341
1.0;0.589299;1.0;0.7224;0.43504295
0.8742;0.6158;0.559799;0.2939;0.35938677
0.2273;0.2193;0.4557;0.4737;0.10374841
0.3792;0.3597;0.0;0.0;0.2856141
0.0;0.102899;0.5209;0.591899;0.24955925
0.5424;0.6016;0.4057;0.6404;0.9883827
0.685399;0.7881;0.8061;0.770199;0.30843076
0.8393;0.562899;0.642399;0.3597;0.78653157
0.2913;0.7147;0.2494;0.9064;0.78470767
0.8763;0.4936;0.867599;0.323799;1.0101563
0.357399;0.431999;0.624099;0.6195;0.5318767
0.585699;0.9046;0.585699;0.6462;1.0223931
1.0;0.730499;0.7468;0.614799;0.42872486
0.3209;0.3032;0.3444;0.5824;0.04957375
0.624499;0.674299;0.8308;0.780899;0.48222002
0.5418;0.4126;0.4861;0.2805;0.08920488
0.305;0.3718;0.0803;0.0465;-0.023203492
0.2769;0.319199;0.537299;0.5961;0.08965787
0.587599;0.6304;0.6308;0.784199;0.62202275
0.710699;0.5121;0.619299;0.4895;-0.3365332
0.4531;0.475999;0.4323;0.3799;0.9760922
0.311899;0.3432;0.303;0.269299;0.6500131
0.3804;0.4886;0.471699;0.6869;0.62648714
0.669799;0.587199;0.664899;0.474599;0.8226043
0.6654;0.628399;0.6441;0.6169;1.0234064
0.319799;0.323399;0.347999;0.415399;0.35614428
0.6501;0.6304;0.616199;0.553;0.073767275
0.4798;0.581599;0.5131;0.4431;0.5619472
0.395099;0.4757;0.407699;0.451;-0.095480084
0.451;0.3006;0.43;0.439999;0.82211554
0.43;0.4057;0.18;0.27;0.988788
0.279999;0.469999;0.5456;0.7;1.0147876
0.76;0.559999;0.6609;0.449999;-0.023894906
0.39;0.44;0.431;0.52;1.3539261
0.509999;0.4514;0.432499;0.37;0.716061
0.38;0.3986;0.48;0.48;1.0625309
0.48;0.435599;0.39;0.389999;0.6895131
0.349699;0.4045;0.3;0.28;0.28303918
0.3203;0.289899;0.419999;0.469999;-0.41515172
0.469999;0.563299;0.57;0.62;0.15844163
0.62;0.6467;0.5196;0.51;0.63917696
0.5;0.430099;0.6004;0.559999;0.26267824
0.420999;0.8399;0.420999;0.84;0.5626029
1.0;0.64;0.999;0.51;0.18959698
0.469999;0.424599;0.346399;0.389999;0.12877044
0.399999;0.695399;0.543599;0.6;0.41417536
0.58;0.3425;0.4277;0.52;0.6642765
0.5;0.357499;0.299399;0.31;0.6685561
0.32;0.4048;0.5619;0.439999;0.78755677
0.419999;0.6352;0.530999;0.58;0.657112
0.58;0.364799;0.469;0.419999;0.28405246
0.419999;0.6352;0.530999;0.58;0.78913033
0.63;0.379999;0.42;0.329999;0.35420713
0.329999;0.329999;0.449999;0.55;0.67169726
0.382999;0.69;0.472999;0.509999;0.0486916
0.657;0.3;0.257;0.09;0.49368796
0.12;0.239999;0.4556;0.599999;-0.18923223
0.58;0.57;0.5944;0.52;0.6168133
0.509999;0.5627;0.559999;0.595;0.2710348
0.5474;0.388;0.4033;0.334999;0.32789168
0.3626;0.633299;0.506699;0.609999;0.7394916
0.67;0.446;0.4768;0.48;0.6875223
0.447999;0.434999;0.5642;0.505;0.51053226
0.492;0.5379;0.568999;0.311999;0.7780081
0.337;0.5569;0.337;0.579;0.4956728
0.753;0.5002;0.6634;0.734;0.45024213
0.55;0.649999;0.6296;0.639999;0.7254547
0.64;0.6067;0.629999;0.51;0.56057036
0.48;0.6733;0.4788;0.719999;0.43947157
0.75;0.4802;0.616499;0.39;0.38207826
0.39;0.3598;0.4947;0.43;0.9738749
0.469999;0.554199;0.37;0.44;0.41745958
0.43;0.5458;0.557599;0.739999;0.45529065
0.699999;0.5648;0.5969;0.4;0.87732136
0.449999;0.4554;0.465199;0.599999;-0.11951864
0.57;0.529799;0.6143;0.4614;0.21022019
0.6448;0.65;0.6444;0.718599;0.9450501
0.5252;0.739999;0.340199;0.58;0.6814128
0.579999;0.701599;0.831399;0.84;0.5812949
0.83;0.6796;0.82;0.449999;1.3216084
0.449999;0.343;0.4173;0.51;0.16276893
0.55;0.4158;0.3427;0.43;0.46697316
0.419999;0.43;0.489999;0.5;0.2209669
0.45;0.52;0.13;0.0;0.91754854
0.049999;0.08;0.16;0.18;0.12276229
0.248;0.183999;0.513999;0.464;0.8106476
0.422;0.5772;0.526;0.596;0.40669498
0.579999;0.740199;0.559999;0.609999;0.23812708
0.6;0.5186;0.64;0.8;0.21329579
0.789999;0.739999;0.789999;0.719999;0.5614227
0.682;0.5;0.673;0.52;0.7538384
0.468;0.94;0.477;0.84;0.6366378
0.832999;0.585899;0.669999;0.5;0.3324693
0.567;0.3519;0.553899;0.28;0.622434
0.3;0.392199;0.3259;0.46;0.08761343
0.449999;0.3804;0.5489;0.552;0.41493234
0.5804;0.5122;0.4294;0.398;1.2849098
0.3796;0.4374;0.541499;0.5;0.39456543
0.5;0.48;0.4604;0.48;0.6362623
0.52;0.509999;0.5141;0.549999;0.116772026
0.5;0.4855;0.335899;0.22;0.42110142
0.25;0.4648;0.401299;0.48;-0.14488041
0.469999;0.3127;0.517299;0.489999;1.035524
0.49;0.567;0.5307;0.6;0.35594162
0.625999;0.526;0.579699;0.510999;0.7654971
0.474;0.483999;0.460999;0.568999;0.48042592
0.58;0.58;0.37;0.21;0.5679852
0.189999;0.315999;0.469999;0.53;0.637514
0.54;0.404;0.139;0.149999;1.3845092
0.109999;0.131;0.311;0.399999;0.85179865
0.419999;0.489;0.565999;0.62;0.52699506
0.64;0.593;0.599;0.43;-0.044404864
0.44;0.439;0.434999;0.379999;-0.54849327
0.41;0.488;0.48;0.64;-0.7573241
0.609999;0.439999;0.629999;0.48;0.5310601
0.469999;0.51;0.48;0.5;0.33146796
0.51;0.76;0.51;0.81;0.7375723
0.759999;0.579999;0.66;0.41;0.87634385
0.45;0.42;0.449999;0.489999;1.0371274
0.479999;0.539999;0.538;0.609999;0.13358054
0.6;0.68;0.59;0.609999;1.1279529
0.59;0.359999;0.541999;0.39;0.20295438
0.43;0.8;0.53;0.66;0.236029
0.68;0.521999;0.652;0.609999;0.3176814
0.609999;0.408;0.468;0.33;0.4069632
0.3;0.43;0.405;0.609999;-0.7925862
0.62;0.489999;0.574999;0.469999;0.6736702
0.484999;0.494;0.509999;0.44;0.057197183
0.414999;0.616;0.438;0.66;0.43882188
0.67;0.549999;0.532;0.289999;1.0980016
0.289999;0.307;0.469999;0.51;1.1611468
0.52;0.692999;0.539999;0.739999;0.25535282
0.74;0.47;0.74;0.5;0.9872323
0.479999;0.481999;0.299999;0.309999;0.798375
0.31;0.378;0.27;0.31;0.04059133
0.329999;0.379999;0.539999;0.579999;0.5060679
0.59;0.539999;0.529999;0.59;0.8054799
0.63;0.56;0.56;0.449999;0.28415975
0.389999;0.379999;0.529999;0.51;0.5894786
0.5;0.5;0.5;0.48;0.6471282
0.51;0.68;0.46;0.64;0.62007964
0.629999;0.53;0.56;0.579999;0.22474584
0.56;0.690999;0.639999;0.65;0.76397717
0.66;0.669;0.64;0.669999;0.3086513
0.649999;0.44;0.449999;0.25;0.4338151
0.27;0.279999;0.53;0.52;0.3246015
0.5;0.48;0.5;0.48;0.66363275
0.49;0.66;0.449999;0.609999;0.3662294
0.609999;0.488;0.519;0.49;0.576759
0.509999;0.552;0.562999;0.509999;0.6136185
0.5;0.705;0.577999;0.72;0.44792947
0.72;0.555;0.69;0.5;0.6291872
0.5;0.37;0.53;0.488;0.8282846
0.48;0.509999;0.48;0.481999;0.8599287
0.469999;0.55;0.414999;0.53;0.5544609
0.53;0.553;0.555;0.539999;0.30682144
0.559999;0.556999;0.506999;0.59;0.0640696
0.609999;0.504;0.573;0.419999;0.454331
0.41;0.417999;0.32;0.35;0.8408135
0.34;0.318;0.55;0.48;0.8869535
0.489999;0.558;0.449999;0.509999;0.8593148
0.48;0.481999;0.42;0.49;0.27278718
0.5;0.419999;0.436;0.329999;-0.39029658
0.34;0.44;0.439;0.43;0.29785094
0.45;0.495999;0.515;0.62;0.6376511
0.599999;0.454;0.599999;0.48;0.4819518
0.48;0.5;0.48;0.51;0.39969143
0.51;0.8;0.51;0.759999;0.3143793
0.759999;0.494;0.538999;0.46;0.05754289
0.47;0.548;0.661;0.57;-0.24752557
0.559999;0.597999;0.489999;0.419999;-0.0069493055
0.39;0.361;0.49;0.5;0.01673755
0.529999;0.488999;0.529999;0.58;-0.40004194
0.56;0.5;0.55;0.46;0.0047510564
0.48;0.46;0.34;0.349999;1.2144572
0.349999;0.539999;0.49;0.69;0.36493596
0.69;0.55;0.66;0.489999;1.010955
0.5;0.57;0.509;0.55;1.337958
0.539999;0.43;0.460999;0.469999;0.69702923
0.42;0.6;0.53;0.64;0.1159018
0.68;0.539999;0.521999;0.32;0.39421973
0.329999;0.34;0.455;0.46;0.11537728
0.46;0.55;0.492999;0.59;-0.20661294
0.57;0.69;0.57;0.75;0.3356999
0.77;0.549999;0.669999;0.52;0.35934505
0.51;0.52;0.55;0.53;0.25649723
0.539999;0.47;0.539;0.413999;0.7349318
0.5;0.5;0.521;0.526;0.926525
0.419999;0.46;0.399999;0.49;0.61303437
0.49;0.489999;0.474;0.46;0.6414658
0.489999;0.587;0.545999;0.629999;0.69267213
0.62;0.722999;0.64;0.71;0.06340799
0.69;0.58;0.652999;0.609999;0.64178765
0.599999;0.48;0.637;0.48;0.33090767
0.51;0.509999;0.51;0.489999;0.34193453
0.489999;0.631;0.489999;0.58;0.0392085
0.57;0.489;0.489;0.419999;0.4273182
0.43;0.609999;0.501;0.69;0.475741
0.68;0.49;0.57;0.399999;1.5604085
0.42;0.799999;0.537999;0.92;1.0102934
0.91;0.53;0.825;0.55;0.6733006
0.55;0.523;0.456999;0.379999;0.48652944
0.389999;0.376999;0.25;0.189999;0.042343706
0.18;0.36;0.5;0.66;0.28171596
0.65;0.634;0.65;0.65;0.3351396
0.64;0.579999;0.55;0.43;0.6785399
0.449999;0.335999;0.257999;0.23;0.5620903
0.23;0.53;0.442;0.8;0.5515462
0.8;0.564;0.8;0.5;0.52470624
0.509999;0.745999;0.579999;0.789999;0.32092986
0.76;0.522;0.708;0.489999;0.42383727
0.509999;0.477999;0.431999;0.449999;0.9056455
0.43;0.673;0.559999;0.69;0.8717245
0.72;0.497;0.527;0.379999;0.8956617
0.379999;0.39;0.452999;0.52;0.41498002
0.44;0.460999;0.56;0.49;0.19359049
0.549999;0.798999;0.549999;0.789999;-0.015645623
0.78;0.69;0.76;0.67;-0.055795312
0.699999;0.64;0.719999;0.549999;0.29008445
0.539999;0.469999;0.32;0.41;0.22351798
0.39;0.55;0.56;0.74;-0.0151747465
0.73;0.62;0.779999;0.43;0.28837976
0.46;0.399999;0.43;0.579999;0.6195909
0.579999;0.75;0.46;0.77;0.53551257
0.76;0.53;0.8;0.369999;0.60144126
0.379999;0.506999;0.388999;0.53;0.6656295
0.55;0.513;0.550999;0.64;0.25305805
0.6;0.53;0.58;0.34;0.33230242
0.359999;0.410999;0.379;0.48;0.5439526
0.355;0.644;0.456;0.561999;0.28632936
0.574999;0.331;0.574999;0.468;0.36539492
0.609999;0.693999;0.609999;0.77;0.5054122
0.76;0.681;0.75;0.669999;0.3639346
0.669999;0.731999;0.649999;0.741;0.43245015
0.629;0.782;0.659;0.743;0.70859253
0.698;0.759;0.698;0.465999;0.80931246
0.602999;0.456;0.512999;0.8;0.28614458
0.76;0.952;0.727;0.57;0.79194367
0.609999;0.378;0.713;0.699999;0.5614227
0.69;0.799999;0.649;0.609999;-0.13688147
0.609999;0.45;0.550999;0.51;0.44671354
0.52;0.329999;0.32;0.349999;0.52927196
0.359999;0.34;0.405999;0.31;0.113666624
0.309999;0.359999;0.434;0.469999;0.60035646
0.45;0.41;0.408;0.32;0.88377655
0.349999;0.91;0.541999;1.0;-0.0028723478
1.0;0.635;0.97;0.559999;0.86387455
0.59;0.564999;0.479999;0.4;0.447095
0.379999;0.42;0.45;0.469999;0.6896919
0.48;0.419999;0.509999;0.55;0.1212841
0.58;0.968;0.67;1.0;0.84656537
0.850999;0.717;0.850999;0.535;0.3806418
0.673999;0.574999;0.561;0.43;0.5730158
0.391999;0.35;0.504999;0.689;0.74605405
0.723;0.759999;0.702999;0.449999;0.24159011
0.509999;0.289999;0.336;0.449999;0.33774433
0.35;0.31;0.0;0.0;0.40519294
0.0;0.189999;0.579999;0.69;0.5666262
0.689999;0.73;0.73;0.8;0.7328874
0.78;0.56;0.21;0.0;0.7415122
0.0;0.0;0.196999;0.34;0.45720991
0.279999;0.497999;0.533;0.56;0.84419906
0.58;0.38;0.475999;0.32;0.76672494
0.34;0.573999;0.423999;0.759999;0.71032107
0.739999;0.696;0.82;0.59;0.8174366
0.62;0.39;0.4;0.32;0.6031817
0.27;0.25;0.0;0.03;0.46809968
0.059999;0.359999;0.559999;0.77;0.8218354
0.78;0.55;0.55;0.3;0.98498523
0.27;0.43;0.53;0.599999;0.750131
0.64;0.654;0.619999;0.74;0.03531632
0.71;0.625999;0.64;0.669999;0.3546482
0.66;0.66;0.56;0.26;-0.1662606
0.3;0.4;0.449999;0.68;0.531376
0.669999;0.515999;0.609999;0.532;0.047755808
0.343;0.504999;0.396;0.315;0.914312
0.334;0.339;0.390999;0.532999;0.008947223
0.683;0.609999;0.632999;0.57;0.7304734
0.57;0.379999;0.23;0.15;0.03801641
0.16;0.272;0.48;0.619999;0.6268567
0.609999;0.527999;0.576;0.46;0.22790489
0.47;0.8;0.564;0.82;0.8842355
0.849999;0.489999;0.73;0.399999;0.47831592
0.37;0.69;0.489999;0.71;0.46892223
0.69;0.42;0.56;0.39;0.14538226
0.0;0.479999;0.099999;0.57;0.26425776
1.0;0.9;1.0;0.96;0.6923324
0.96;0.5;0.78;0.299999;0.90937674
0.309999;0.559999;0.439999;0.58;0.83741605
0.489999;0.379999;0.25;0.109999;0.40062723
0.19;0.12;0.439;0.469999;0.48890767
0.48;0.94;0.311;0.36;0.24671015
0.34;0.169999;0.438;0.529999;0.66943824
0.51;0.38;0.611999;0.699999;0.3583854
0.699999;0.539999;0.399999;0.14;0.7288581
0.0;0.149999;0.0;0.41;0.566656
1.0;0.51;0.94;0.66;0.6004995
0.64;0.71;0.645999;0.64;-0.05500257
0.63;0.739999;0.854;0.82;0.520224
0.829999;0.51;0.559999;0.32;-0.23163497
0.309999;0.43;0.39;0.359999;0.8368498
0.37;0.439999;0.529999;0.649999;0.74736536
0.66;0.56;0.5;0.32;0.64165056
0.309999;0.358999;0.42;0.5;0.44180807
0.52;0.551;0.579999;0.65;0.6118065
0.279999;0.789999;0.3;0.73;-0.008558631
1.0;0.489999;0.97;0.379999;0.72047174
0.369999;0.4;0.459999;0.609999;0.83528817
0.61;0.629999;0.616;0.53;0.35702047
0.539999;0.41;0.264;0.23;1.3621336
0.23;0.359999;0.5;0.609999;0.45521912
0.609999;0.52;0.466999;0.378;0.8932239
0.238;0.69;0.401;0.841999;0.17303881
0.972;0.579999;0.841999;0.37;0.34433064
0.379999;0.343;0.46;0.53;-0.052213073
0.509999;0.537;0.559999;0.5;0.47100243
0.53;0.610999;0.149;0.319999;0.28488097
0.309999;0.363;0.545;0.48;0.4446691
0.48;0.422999;0.0;0.24;0.47309455
0.24;0.265;0.973;0.509999;0.6950265
0.5;0.600999;0.593999;0.59;0.095725626
0.59;0.589;0.52;0.62;1.018334
0.629999;0.524999;0.58;0.43;0.26374516
0.42;0.402;0.416999;0.57;0.66491425
0.579999;0.599;0.561;0.344;0.13226327
0.344;0.667999;0.482;0.885999;0.94578326
0.885999;0.582;0.753;0.46;-0.10390222
0.449999;0.459;0.532;0.52;0.2685016
0.539999;0.706;0.540999;0.759999;0.555951
0.75;0.805;0.702;0.67;-0.18835008
0.69;0.408;0.687999;0.579999;0.59538543
0.55;0.738;0.53;0.56;-0.17764509
0.539999;0.387;0.506;0.609999;0.78665674
0.71;0.777;0.548999;0.69;0.057834953
0.289999;0.222999;0.451;0.309999;0.9383565
0.71;0.777;0.548999;0.69;0.36765394
0.59;0.668999;0.866;0.619999;0.77028334
0.68;0.609;0.599;0.45;0.50400555
0.409999;0.356;0.401999;0.549999;0.6865746
0.56;0.460999;0.439;0.359999;0.38490948
0.38;0.277;0.0;0.38;0.70967734
0.349999;0.529999;0.461;0.659999;0.2925342
0.66;0.57;0.481999;0.49;0.13107118
0.509999;0.58;0.452999;0.34;0.42007026
0.31;0.182999;0.565;0.477;0.31093416
0.372;0.608999;1.0;0.367;0.4724091
0.609999;0.485;0.437;0.44;0.50321877
0.26;0.283999;0.292999;0.415999;0.4613584
0.436;0.436;0.511;0.436;0.02390799
0.364;0.506;0.410999;0.43;1.0211653
0.568999;0.56;0.551;0.662;0.54737985
0.515999;0.483999;0.582999;0.459;1.0923928
0.58;0.452999;0.302;0.623;0.65206945
0.623;0.676;0.834;0.469999;0.84456265
0.469999;0.614;0.564;0.64;0.4208332
0.64;0.473999;0.464;0.5;0.7737464
0.489999;0.815;0.545999;0.8;0.0067299306
0.81;0.483999;0.768;0.519999;0.3130382
0.519999;0.579;0.515999;0.41;0.294978
0.43;0.356;0.468;0.53;0.4352158
0.51;0.82;0.559;0.829999;0.13258514
0.799999;0.710999;0.79;0.659999;0.7333642
0.68;0.448999;0.559999;0.45;0.3267592
0.45;0.769;0.551;0.689999;0.68424404
0.689999;0.329999;0.576999;0.46;0.5252427
0.479999;0.650999;0.414999;0.5;0.7865137
0.48;0.352;0.5;0.5;0.28289017
0.509999;0.585999;0.481999;0.39;0.64183533
0.399999;0.393999;0.732;0.64;0.6244546
0.63;0.516;0.596999;0.57;-0.010376573
0.56;0.634;0.613;0.67;0.30957517
0.68;0.786999;0.057999;0.71;0.46680626
0.71;0.750999;1.0;0.769999;0.29069838
0.789999;0.532;0.872999;0.53;0.3254896
0.5;0.5;0.539;0.49;1.1499292
0.509999;0.479999;0.091999;0.079999;0.5927986
0.049999;0.271;0.509;0.64;0.67901075
0.67;0.628999;0.680999;0.63;0.56536853
0.609999;0.399999;0.44;0.339999;-0.060968995
0.359999;0.72;0.396;0.77;-0.40094793
0.77;0.524999;0.773999;0.479999;0.028259128
0.469999;0.614999;0.59;0.71;0.40133056
0.74;0.5;0.6;0.39;0.4723793
0.369999;0.524;0.53;0.539999;0.14064965
0.539999;0.475999;0.379999;0.509999;0.22342262
0.53;0.59;0.649999;0.66;-0.43578088
0.63;0.68;0.64;0.71;0.35744962
0.71;0.549999;0.63;0.489999;0.60231745
0.519999;0.62;0.49;0.69;1.0306424
0.649999;0.53;0.659999;0.5;0.80479443
0.49;0.599999;0.53;0.519999;0.86271226
0.82;0.74;0.63;0.78;-0.36752164
0.479999;0.66;0.659999;0.579999;0.6148702
0.59;0.32;0.21;0.39;0.45663175
0.39;0.649999;0.869999;0.56;0.7919198
0.519999;0.369999;0.13;0.449999;0.83938897
0.5;0.471;0.63;0.36;0.3524607
0.35;0.398999;0.425999;0.57;0.12893137
0.539999;0.83;0.704;0.799999;0.3813809
0.83;0.591;0.38;0.149999;0.5271143
0.149999;0.228999;0.64;0.67;0.5826062
0.649999;0.419999;0.379999;0.49;0.43830928
0.49;0.47;0.47;0.149999;-0.1638645
0.17;0.209999;0.259999;0.479999;-0.58971584
0.479999;0.48;0.5;0.26;0.3131574
0.28;0.7;0.46;0.899999;0.3094202
0.89;0.479999;0.719999;0.369999;0.34355578
0.359999;0.289999;0.167999;0.21;1.0241872
0.18;0.503999;0.472;0.359999;0.8707291
0.43;0.346;0.46;0.729999;0.33540782
0.699999;0.68;0.739999;0.66;0.42882022
0.68;0.579999;0.53;0.38;0.22407827
0.369999;0.34;0.359999;0.579999;-0.58625877
0.579999;0.649999;0.69;0.479999;0.17982182
0.49;0.466999;0.439999;0.51;0.28693733
0.509999;0.533;0.49;0.369999;0.9308642
0.359999;0.406999;0.479999;0.689999;0.8715874
0.71;0.813;0.63;0.829999;0.96330106
0.799999;0.6;0.829999;0.46;-0.06883681
0.5;0.719999;0.549999;0.71;-0.05040109
0.7;0.509999;0.64;0.55;0.23382363
0.52;0.64;0.58;0.589999;0.5457109
0.559999;0.5;0.559999;0.649999;0.3980523
0.68;0.49;0.469999;0.333;0.43133554
0.5;0.311;0.35;0.276999;0.11513886
0.109999;0.289;0.0;0.0;-0.32364666
0.0;0.0;0.238999;0.39;-0.029444098
0.4;0.57;0.171;0.099999;0.51745236
0.109999;0.0;0.439;0.58;0.7241732
0.579999;0.49;0.440999;0.25;1.0131007
0.24;0.523;0.48;0.649999;0.7375246
0.649999;0.346999;0.469999;0.246;0.32943544
0.536;0.66;0.707999;0.823999;-0.024276376
0.543999;0.68;0.552;0.549999;0.76128304
0.549999;0.42;0.494999;0.64;1.501829
0.65;0.64;0.665;0.5;1.2307471
0.469999;0.669999;0.489999;0.78;0.60545266
0.769999;0.9;0.789999;0.93;0.5559808
0.92;0.479999;0.72;0.359999;0.13995227
0.399999;0.49;0.139999;0.07;0.5835599
0.06;0.006999;0.285;0.469999;1.0085768
0.479999;0.433;0.525999;0.399999;0.83159864
0.38;0.38;0.081;0.35;0.32572207
0.359999;0.46;0.758;0.59;0.41055736
0.6;0.68;0.609999;0.689999;1.1520153
0.67;0.649999;0.75;0.549999;0.69496095
0.549999;0.39;0.286;0.36;1.3478464
0.41;0.479999;0.532999;0.519999;0.29820856
0.489999;0.52;0.514;0.57;0.26968178
0.55;0.799999;0.656999;0.829999;-0.219118
0.859999;0.64;0.76;0.42;0.75148404
0.399999;0.31;0.469999;0.469999;-0.008445382
0.49;0.509999;0.289999;0.37;-0.013875365
0.329999;0.71;0.57;0.849999;0.46294984
0.859999;0.436;0.74;0.45;-0.24745405
0.43;0.694;0.549999;0.719999;0.11423287
0.759999;0.509999;0.56;0.53;0.79706967
0.52;0.57;0.549999;0.339999;0.7599598
0.32;0.53;0.369;0.78;0.4312342
0.789999;0.839999;0.901;0.83;0.6399518
0.859999;0.777;0.789999;0.68;0.8948451
0.66;0.482999;0.63;0.469999;0.9657031
0.449999;0.58;0.529999;0.68;0.37080106
0.719999;0.979999;0.72;0.979999;0.21936354
0.95;0.46;0.659999;0.23;-0.45788825
0.219999;0.7;0.435;0.879999;-0.17453969
0.899999;0.589999;0.918999;0.51;0.3185576
0.64;0.773;0.625999;0.619999;1.2733227
0.49;0.186999;0.32;0.399999;0.9484893
0.399999;0.399999;0.51;0.32;0.7321483
0.31;0.35;0.189999;0.189999;0.36810693
0.219999;0.729999;0.433999;1.0;-0.08255184
1.0;0.920999;1.0;0.66;0.115621656
0.5;0.459;0.449999;0.699999;0.34555253
0.699999;0.57;0.539999;0.27;1.3218409
0.28;0.335;0.392;0.56;0.5444056
0.55;0.765;0.538;0.859999;0.8201784
0.829999;0.609999;0.924999;0.57;-0.025575757
0.589999;0.67;0.515;0.359999;0.21102485
0.35;0.239999;0.1;0.21;0.5974299
0.23;0.72;0.529999;1.0;1.3208574
1.0;0.5;0.64;0.1;1.2921041
0.0;0.0;0.22;0.35;1.2619442
0.472999;0.613;0.686;0.56;0.57919085
0.557;0.504999;0.283999;0.18;0.6995207
0.149999;0.695;0.439999;1.0;-0.02279818
1.0;0.407;0.543999;0.0;0.52253664
0.009999;0.192999;0.384;0.549999;0.28376636
0.52;0.37;0.611;0.42;0.77634513
0.439999;0.586999;0.481;0.63;0.36965665
0.649999;0.57;0.529999;0.539999;1.3819343
0.509999;0.719999;0.59;0.829999;0.81203043
0.82;0.57;0.64;0.229999;1.051206
0.24;0.27;0.31;0.34;0.9278959
0.34;0.28;0.189999;0.21;1.2384301
0.219999;0.299999;0.259999;0.6;0.50453603
0.579999;0.49;0.34;0.099999;0.44356045
0.089999;0.14;0.439999;0.4;0.55900276
0.41;0.339999;0.32;0.299999;-0.2196902
0.31;0.619999;0.549999;0.579999;-0.23210585
0.599999;0.27;0.27;0.16;0.11209306
0.15;0.32;0.487;0.559999;0.24004039
0.579999;0.619999;0.472999;0.74;0.1144236
0.74;0.7;0.808999;0.57;0.69678485
0.559999;0.38;0.441;0.39;0.5207187
0.37;0.43;0.304;0.439999;0.68342745
0.43;0.379999;0.555999;0.49;-0.039392114
0.489999;0.48;0.13;0.0;1.3219124
0.02;0.199999;0.43;0.619999;0.5649036
0.589999;0.507;0.599999;0.55;0.8994943
0.55;0.602999;0.5;0.6;0.8497602
0.619999;0.46;0.452;0.219999;0.8406228
0.219999;0.396;0.407999;0.579999;0.63254297
0.59;0.625999;0.32;0.189999;0.79466164
0.17;0.148;0.359999;0.63;0.3603166
0.659999;0.531999;0.59;0.409999;0.27518925
0.41;0.578;0.52;0.64;0.9149021
0.659999;0.609999;0.672999;0.67;0.052100986
0.64;0.527;0.627;0.43;0.46865997
0.439999;0.863;0.53;0.98;-0.102543235
0.97;0.564999;0.82;0.379999;-0.28332412
0.449999;0.545;0.521;0.64;0.5214876
0.56;0.399999;0.468999;0.369999;1.3008183
0.379999;0.52;0.43;0.36;0.59009254
0.36;0.247;0.229999;0.259999;0.95421135
0.269999;0.232999;0.159999;0.129999;1.2575513
0.1;0.41;0.341;0.8;0.88011086
0.829999;0.689999;0.869;0.649999;0.57700336
0.63;0.57;0.6;0.579999;1.0095662
0.589999;0.575;0.539999;0.32;-0.048738122
0.31;0.515;0.49;0.68;0.09214935
0.7;0.461999;0.53;0.37;0.23784694
0.369999;0.428;0.339999;0.57;0.28737244
0.56;0.482999;0.58;0.289999;-0.34608185
0.279999;0.387;0.324999;0.6;0.36414918
0.62;0.53;0.515;0.369999;0.5487746
0.339999;0.327999;0.5;0.43;0.65586627
0.37;0.422;0.149999;0.149999;1.1889046
0.239999;0.14;0.28;0.5;0.887627
0.49;0.479999;0.569;0.399999;-0.069820285
0.41;0.41;0.0;0.0;0.54193795
0.0;0.0;0.239999;0.329999;0.7598585
0.27;0.427;0.539999;0.469999;0.43411908
0.5;0.53;0.41;0.58;1.0617322
0.599999;0.629999;0.67;0.609999;0.6389922
0.61;0.51;0.549999;0.579999;-0.07465422
0.579999;0.785999;0.67;0.82;-0.47594845
0.839999;0.548;0.784999;0.469999;0.0094359815
0.359999;0.292;0.105;0.07;0.31740722
0.18;0.344;0.379999;0.619999;0.3928071
0.6;0.82;0.65;0.88;0.996477
0.88;1.0;0.928999;1.0;1.1107928
1.0;0.511;0.861;0.34;0.21436867
0.399999;0.829;0.529999;0.96;0.6531304
0.96;0.479999;0.817;0.449999;0.79597294
0.43;0.649999;0.51;0.51;0.1798099
0.52;0.72;0.436;0.839999;0.3975576
0.759999;0.43;0.869999;0.43;0.4711574
0.519999;0.519999;0.237;0.18;0.39650258
0.16;0.39;0.43;0.77;0.062871546
0.759999;0.57;0.649999;0.329999;0.64935744
0.329999;0.56;0.508;0.85;0.7755643
0.859999;0.839999;0.861999;0.689999;0.25950727
0.71;0.517;0.63;0.39;-0.24720371
0.4;0.363;0.439999;0.589999;0.21225867
0.579999;0.659999;0.58;0.55;-0.12913883
0.509999;0.49;0.549999;0.549999;-0.08532345
0.549999;0.89;0.479999;0.98;0.9829289
1.0;0.869999;1.0;0.659999;0.63088596
0.58;0.42;0.67;0.62;0.6097323
0.649999;0.609999;0.41;0.309999;0.8336431
0.299999;0.27;0.18;0.16;0.76473415
0.18;0.509999;0.439999;0.93;0.05163011
0.89;0.67;0.979999;0.589999;0.62025845
0.609999;0.595999;0.609999;0.56;0.34278092
0.56;0.474;0.006;0.07;0.34050998
0.049999;0.25;0.526;0.63;0.72004855
0.609999;0.42;0.298;0.389999;0.5985385
0.41;0.345999;0.484999;0.44;-0.013094544
0.439999;0.423999;0.384999;0.129999;0.6679839
0.14;0.313;0.43;0.4;0.9069687
0.399999;0.427;0.386;0.699999;0.9431368
0.69;0.609999;0.564999;0.26;1.6254789
0.289999;0.281999;0.485999;0.579999;1.1820263
0.579999;0.878;0.593;0.869999;0.1842266
0.88;0.55;0.799999;0.5;-0.26053727
0.469999;0.53;0.5;0.439999;-0.55794656
0.469999;0.449999;0.39;0.56;-0.5033487
0.52;0.37;0.329999;0.1;0.40142593
0.159999;0.289999;0.39;0.39;0.5676335
0.35;0.546999;0.48;0.56;0.98419845
0.539999;0.288;0.39;0.369999;0.59479535
0.399999;0.324999;0.0;0.019999;0.54608643
0.009999;0.14;0.500999;0.59;0.99023044
0.57;0.454;0.39;0.25;1.4433151
0.26;0.347999;0.405;0.42;0.53746164
0.449999;0.698;0.465;0.829999;0.8698827
0.55;0.302;0.534999;0.17;0.45365748
0.449999;0.698;0.465;0.829999;-0.27531922
0.83;0.53;0.78;0.369999;0.23291168
0.379999;0.451999;0.439999;0.6;0.15579519
0.6;0.948;0.649999;0.93;-0.49552262
0.88;0.71;0.447;0.75;0.41948017
0.809999;0.68;1.0;0.63;0.35150704
0.59;0.63;0.46;0.399999;0.20605978
0.39;0.849999;0.519999;1.0;0.052464575
1.0;0.52;0.92;0.24;0.6199664
0.23;0.45;0.48;0.589999;0.17359313
0.609999;0.439999;0.469999;0.51;1.1982387
0.5;0.45;0.129999;0.0;0.9361571
0.0;0.111999;0.49;0.55;0.7558173
0.57;0.878;0.56;0.96;-0.23604572
0.939999;0.5;0.829999;0.399999;0.6652719
0.399999;0.705;0.539999;0.75;0.116628975
0.75;0.574999;0.585999;0.409999;0.5011326
0.42;0.609999;0.495;0.82;-0.22470295
0.789999;0.6;0.875;0.57;0.76583683
0.579999;0.579999;0.375999;0.42;0.0007456243
0.43;0.48;0.535;0.66;0.8597678
0.67;0.595999;0.680999;0.57;0.82904756
0.56;0.597999;0.561999;0.609999;0.11836943
0.579999;0.446;0.396;0.359999;-0.14432013
0.369999;0.359999;0.234;0.329999;0.49680528
0.33;0.609999;0.74;0.71;0.0033503473
0.71;0.53;0.309999;0.559999;0.39525685
0.599999;0.579999;0.829;0.38;0.96582234
0.35;0.539999;0.460999;0.759999;-0.14499962
0.77;0.549999;0.685;0.377;0.31615552
0.497999;0.52;0.499;0.542999;0.34489688
0.421999;0.509999;0.525999;0.53;0.011504263
0.51;0.423;0.539999;0.49;-0.22264063
0.5;0.634;0.46;0.649999;0.3890997
0.64;0.473999;0.687;0.509999;0.79788625
0.509999;0.643;0.512999;0.57;0.3077632
0.57;0.731;0.56;0.73;0.5260414
0.769999;0.465;0.579999;0.479999;0.8883542
0.45;0.689999;0.589999;0.609999;-0.19850075
0.63;0.35;0.366;0.369999;0.021309227
0.359999;0.601999;0.654;0.62;0.8138603
0.609999;0.719;0.64;0.729999;-0.5452627
0.78;0.789;0.78;0.719999;0.082749695
0.649999;0.339999;0.399999;0.2;0.5348331
0.21;0.42;0.135999;0.68;0.32254514
0.719999;0.536999;0.771;0.576999;1.1407024
0.521999;0.512999;0.463;0.153;0.3433412
0.178;0.202;0.38;0.509999;0.11850652
0.509999;0.467999;0.299999;0.18;0.84757864
0.18;0.2;0.289999;0.28;-0.7969433
0.289999;0.32;0.0;0.0;-0.17352045
0.0;0.0;0.446;0.41;0.7452613
0.38;0.939999;0.533999;1.0;-0.4630679
1.0;0.789999;1.0;0.7;-0.57367027
0.72;0.59;0.628999;0.529999;0.31351504
0.519999;0.38;0.081;0.02;0.53404033
0.0;0.009999;0.209999;0.17;0.8084959
0.189999;0.539999;0.44;0.909999;0.3670996
0.939999;0.52;0.549999;0.079999;0.80056846
0.0;0.139999;0.227;0.32;-0.61911285
0.48;0.45;0.452999;0.7;-0.59156954
0.729999;0.549999;0.73;0.46;0.7031268
0.44;0.833;0.57;0.78;0.44021067
0.82;0.366999;0.619;0.409999;-0.24781168
0.369999;0.7;0.550999;0.579999;0.74591696
0.589999;0.732999;0.53;0.93;1.2866265
0.94;0.576999;0.75;0.44;0.6888753
0.439999;0.564;0.579999;0.359999;2.1393008
0.35;0.656;0.48;1.0;1.5939957
1.0;0.529999;0.882999;0.329999;1.1839455
0.32;0.51;0.278;0.32;0.31931457
0.31;0.263999;0.497999;0.62;0.62292874
0.64;0.765999;0.651;0.729999;-1.0515028
0.719999;0.64;0.25;0.07;-0.28091013
0.079999;0.0;0.5;0.579999;0.3352767
0.57;0.594999;0.079999;0.0;-0.5676085
0.009999;0.03;0.359999;0.589999;0.3735846
0.54;0.859999;0.699999;0.89;-0.04523337
0.919999;0.469999;0.35;0.0;0.37853178
0.0;0.0;0.27;0.359999;-0.37221253
0.379999;0.5;0.439999;0.64;2.4617739
0.65;0.6;0.676;0.43;-0.0048154593
0.399999;0.31;0.0;0.0;0.25819
0.0;0.0;0.23;0.6;0.22428092
0.59;0.561;0.705999;0.479999;-0.019567609
0.489999;0.939;0.614;0.88;-1.245194
0.85;0.43;0.869999;0.589999;1.3049549
0.6;0.7;0.529;0.57;-0.19180119
0.223999;0.088999;0.109999;0.0;-0.7089013
0.316;0.641;0.381;0.799999;0.14758763
0.829999;0.479999;0.448999;0.07;0.5288309
0.07;0.289999;0.551;0.542999;-1.2573473
0.673999;0.66;0.68;0.617;0.4430538
0.496;0.279999;0.309999;0.419999;1.0774499
0.399999;0.859999;0.63;0.9;0.71897566
0.899999;0.46;0.57;0.219999;0.83527625
0.25;0.456;0.399999;0.619999;1.5795594
0.57;0.411999;0.594;0.469999;1.0760611
0.51;0.481999;0.082;0.0;-0.11684239
0.0;0.03;0.454;0.51;1.8300778
0.489999;0.622999;0.421999;0.5;-0.30332148
0.5;0.5;0.497999;0.559999;-0.42508185
0.57;0.467;0.71;0.55;-0.24080217
0.55;0.779999;0.55;0.949999;0.71858823
0.702999;0.69;0.702999;0.62;-0.8624369
0.5;0.449999;0.157;0.0;1.427961
0.5;0.113;0.192999;0.199999;0.14215764
0.0;0.217;0.502;0.759999;0.2347773
1.0;0.782999;0.667;0.64;-0.10464728
0.327;0.447;0.517999;0.26;1.072306
0.239999;0.219999;0.49;0.519999;-0.29583514
0.53;0.530999;0.511;0.55;-0.5643958
0.539999;0.478999;0.195;0.18;1.6362613
0.17;0.2;0.384;0.509999;0.10498819
0.52;0.561;0.568999;0.57;-0.23782194
0.599999;0.680999;0.611;0.56;0.28938112
0.56;0.667999;0.689999;0.629999;0.2523547
0.6;0.32;0.369999;0.259999;0.097114414
0.259999;0.39;0.42;0.44;-0.24800241
0.439999;0.65;0.41;0.82;0.85618556
0.85;0.579999;0.573999;0.239999;0.1599079
0.219999;0.229999;0.396;0.53;0.12922344
0.55;0.612;0.656999;0.64;0.54977596
0.619999;0.536;0.483;0.3;1.6760951
0.32;0.711999;0.46;0.949999;0.23706612
0.92;0.63;0.918999;0.59;0.91489017
0.619999;0.49;0.551;0.39;1.5480644
0.37;0.823999;0.519999;0.989999;1.3890392
1.0;0.576;0.88;0.49;0.7130748
0.449999;0.449999;0.389;0.289999;-1.0337883
0.0;0.303;0.010999;0.02;-0.260275
0.369999;0.0;0.316;0.309999;-1.7672949
0.31;0.710999;0.448;0.58;-0.06619632
0.579999;0.548999;0.595999;0.799999;0.816918
0.759999;0.46;0.5;0.219999;1.7025357
0.219999;0.417999;0.52;0.71;0.28040466
0.75;0.871;0.769999;0.789999;1.2939578
0.79;0.430999;0.56;0.32;0.23728666
0.319999;0.503999;0.52;0.67;-0.33323705
0.66;0.426;0.384999;0.35;0.008756489
0.35;0.640999;0.644999;0.67;0.40320215
0.67;0.386;0.45;0.439999;0.99052846
0.439999;0.787999;0.649999;0.769999;0.5802697
0.78;0.554;0.77;0.54;1.548726
0.53;0.932;0.519999;0.989999;0.818575
1.0;0.536999;0.879;0.35;0.30659494
0.349999;0.391999;0.390999;0.39;0.9083396
0.39;0.54;0.439999;0.719999;1.0528809
0.69;0.629999;0.71;0.41;1.508922
0.409999;0.37;0.39;0.539999;0.23208913
0.579999;0.611999;0.447;0.619999;2.1877952
0.62;0.618;0.823;0.66;-0.7137948
0.629999;0.549999;0.445;0.309999;-0.36901176
0.31;0.25;0.0;0.0;0.00021514297
0.0;0.03;0.449;0.66;0.010896295
0.7;0.48;0.326;0.219999;0.5381292
0.21;0.440999;0.454999;0.629999;0.9885198
0.639999;0.728999;0.71;0.8;1.7555362
0.79;0.497;0.359999;0.049999;-0.037091374
0.059999;0.225;0.549999;0.6;0.25877413
0.609999;0.718;0.445;0.789999;0.018632978
0.783999;0.489999;0.798999;0.41;0.1649147
0.386;0.44;0.465;0.509999;0.9559995
0.53;0.693999;0.503;0.43;1.0378128
0.42;0.487;0.417999;0.759999;2.1642334
0.769999;0.499;0.699999;0.49;-0.31484902
0.49;0.622;0.539;0.53;-0.049310327
0.539999;0.397999;0.371;0.199999;0.6201333
0.21;0.58;0.472999;0.87;0.749684
0.829999;0.519999;0.707;0.339999;1.0167783
0.359999;0.78;0.509999;0.969999;1.0238236
0.969999;0.539999;0.89;0.43;1.3135499
0.43;0.512;0.42;0.44;-0.7847005
0.43;0.671999;0.52;0.829999;0.87414443
0.849999;0.61;0.829999;0.609999;-0.20314991
0.62;0.558999;0.598999;0.6;1.2210137
0.579999;0.586999;0.420999;0.49;0.8119887
0.479999;0.4;0.399;0.299999;1.8514937
0.289999;0.483999;0.561;0.579999;0.40677246
0.6;0.406;0.478;0.41;-0.48496664
0.42;0.719999;0.491999;0.789999;-0.81359684
0.805;0.494999;0.705;0.439999;0.6108469
0.423999;0.481;0.234999;0.19;1.253838
0.191;0.193999;0.225999;0.369999;1.7966336
0.339999;0.34;0.567999;0.43;1.7244762
0.45;0.43;0.066;0.019999;0.54550827
0.019999;0.21;0.489999;0.64;0.15284476
0.64;0.551;0.35;0.26;-0.89010537
0.26;0.178999;0.42;0.479999;0.3688043
0.489999;0.55;0.479999;0.46;0.65804183
0.47;0.589999;0.53;0.45;1.5241331
0.43;0.469999;0.51;0.57;1.0817295
0.559999;0.505;0.559999;0.619999;1.967395
0.63;0.465;0.428;0.509999;0.12854394
0.509999;0.532999;0.68;0.539999;-0.5422586
0.53;1.0;0.561999;1.0;0.33171234
1.0;0.55;1.0;0.519999;1.2768275
0.519999;0.600999;0.439999;0.38;0.9191817
0.399999;0.298999;0.45;0.509999;1.4348215
0.5;0.619999;0.549999;0.6;1.2228972
0.58;0.75;0.39;0.829999;-0.28386056
0.829999;0.52;0.859999;0.41;0.361461
0.399999;0.469999;0.48;0.479999;1.221872
0.5;0.439999;0.43;0.46;2.21178
0.479999;0.539999;0.629999;0.609999;1.6239232
0.58;0.51;0.34;0.339999;2.117402
0.329999;0.32;0.07;0.0;1.086784
0.0;0.052999;0.299999;0.349999;0.17395076
0.329999;0.347;0.48;0.52;-0.38388312
0.53;0.508899;0.488;0.53;0.90074
0.539999;0.5511;0.372;0.24;-0.05434096
0.23;0.318999;0.467999;0.644999;0.22844133
0.519999;0.89;0.542;0.875;0.38908777
0.5;0.551;0.5;0.52;1.4996892
1.0;0.43;0.91;0.449999;-0.43243706
0.44;0.46;0.18;0.109999;1.6481942
0.129999;0.18;0.489999;0.539999;1.937086
0.539999;0.609999;0.539999;0.65;1.2818462
0.63;0.719999;0.42;0.699999;1.3154334
0.719999;0.619999;0.89;0.63;0.31558928
0.64;0.712;0.619999;0.619999;-0.63572466
0.57;0.438;0.571;0.469999;-0.8091146
0.52;0.529999;0.501999;0.48;-0.4528278
0.46;0.4;0.227;0.199999;0.6620532
0.209999;0.329999;0.487;0.61;1.4081305
0.63;0.57;0.595999;0.509999;0.7559067
0.469999;0.369999;0.399;0.439999;0.48272666
0.469999;0.98;0.607999;0.96;1.0005361
0.95;0.46;0.686;0.32;-0.5933279
0.299999;0.5;0.564;0.509999;1.2728399
0.52;0.568999;0.46;0.53;0.98537266
0.589999;0.373;0.539999;0.549999;1.3871318
0.49;0.606999;0.593;0.59;1.4459914
0.609999;0.470999;0.530999;0.52;0.117034286
0.52;0.81;0.57;0.799999;-0.1834625
0.789999;0.479999;0.701999;0.42;-0.93262136
0.439999;0.43;0.091999;0.109999;0.15124735
0.1;0.25;0.522;0.619999;0.3768092
0.6;0.48;0.497999;0.41;1.6747063
0.42;0.478;0.561999;0.5;0.19649324
0.5;0.841999;0.51;0.859999;0.040954918
0.567;0.43;0.567;0.259999;0.61807096
0.518;0.225;0.363;0.329999;0.4683381
0.344999;0.484999;0.308;0.6;1.049394
0.599999;0.699999;0.771999;0.6;2.0667858
0.63;0.73;0.589999;0.78;1.195336
0.77;0.609999;0.82;0.549999;0.077111095
0.539999;0.469999;0.47;0.57;-0.36585867
0.579999;0.799999;0.639999;0.7;-0.5271369
0.689999;0.56;0.7;0.579999;-0.44370234
0.59;0.463999;0.38;0.5;0.588817
0.479999;0.736;0.699999;0.769999;1.1666304
0.76;0.529999;0.4;0.15;0.8813864
0.18;0.3;0.459999;0.39;0.18442926
0.409999;0.339999;0.359999;0.609999;-0.2214843
0.6;0.58;0.65;0.609999;-0.045304894
0.619999;0.589999;0.539999;0.439999;-0.8776957
0.41;0.32;0.369999;0.469999;-0.67869365
0.5;0.71;0.5;0.73;0.37710723
0.689999;0.689;0.84;0.589999;-0.4792148
0.619999;0.591;0.339999;0.67;1.3463682
0.67;0.539999;0.859999;0.38;0.60589373
0.359999;0.35;0.439;0.439999;1.0789043
0.45;0.68;0.420999;0.49;-0.24858057
0.509999;0.299999;0.52;0.549999;0.7895416
0.539999;0.689999;0.566;0.7;0.17119703
0.67;0.52;0.613999;0.419999;2.025402
0.46;0.494999;0.5;0.53;1.4444178
0.509999;0.628;0.579999;0.67;0.3732985
0.68;0.497;0.31;0.159999;0.9082204
0.149999;0.39;0.49;0.67;-0.47846377
0.66;0.46;0.689999;0.55;0.81018865
0.539999;0.609999;0.345999;0.57;0.96731246
0.59;0.56;0.734;0.619999;2.527649
0.629999;0.609999;0.605;0.6;0.4006451
0.66;0.729999;0.523999;0.64;0.17603692
0.57;0.41;0.418;0.239999;0.11994895
0.25;0.351999;0.509;0.48;0.2914017
0.46;0.488;0.372999;0.43;0.32634792
0.449999;0.445;0.454999;0.359999;1.430816
0.35;0.655;0.442;0.92;0.28320608
0.92;0.5;0.783999;0.28;-0.7726902
0.28;0.463999;0.49;0.599999;0.07348117
0.589999;0.416;0.17;0.39;0.29371437
0.39;0.43;0.64;0.469999;0.05664882
0.469999;0.43;0.367999;0.35;0.8726305
0.359999;0.619999;0.602;0.75;1.6064948
0.74;0.48;0.5;0.289999;1.1326021
0.299999;0.5;0.509999;0.63;0.73989093
0.609999;0.489999;0.219999;0.1;0.41042623
0.1;0.27;0.57;0.75;-0.14671028
0.77;0.732999;0.759999;0.71;-1.1668556
0.719999;0.487;0.56;0.339999;0.7524079
0.329999;0.395;0.45;0.539999;-0.24186313
0.55;0.805;0.6;0.82;1.3411885
0.809999;0.585;0.769999;0.53;1.4299041
0.539999;0.684999;0.536999;0.689999;-0.058167577
0.7;0.539999;0.691;0.53;0.48154053
0.5;0.54;0.461999;0.55;0.25786814
0.57;0.509999;0.488;0.469999;0.16246495
0.469999;0.43;0.281999;0.21;0.9825593
0.2;0.24;0.149999;0.239999;1.8595463
0.25;0.259999;0.109999;0.0;0.3462976
0.0;0.149999;0.416;0.63;1.0993189
0.64;0.439999;0.393999;0.109999;-0.15742719
0.08;0.28;0.109999;0.18;-0.30224264
0.199999;0.172;0.539999;0.63;-0.80399454
0.62;0.867999;0.62;0.78;0.7666534
0.799999;0.67;0.543999;0.75;0.0063067377
0.729999;0.471;0.5;0.469999;1.0926551
0.5;0.428999;0.5;0.262;1.1976069
0.247;0.364;0.722999;0.519999;0.66058695
0.529;0.518999;0.402999;0.483;-0.60343087
0.444;0.627;0.49;0.475;-0.12684405
0.5;0.280999;0.43;0.434999;0.8403665
0.419999;0.509;0.481;0.585;0.51149786
0.59;0.489999;0.579;0.439999;1.5561527
0.439999;0.42;0.32;0.297;-0.6780976
0.32;0.642;0.539999;0.820999;0.009722084
0.768999;0.494;0.67;0.43;-1.3911121
0.483;0.494;0.459999;0.514;0.7492548
0.485999;0.433;0.427;0.402999;0.9858972
0.432;0.447;0.463;0.453;1.4698154
0.589999;0.562999;0.548999;0.471999;0.30110535
0.31;0.367;0.301;0.397;-0.18085778
0.41;0.405999;0.259999;0.125999;-0.3657037
0.122999;0.257999;0.36;0.421999;-0.24479568
0.417;0.382;0.539999;0.6;0.27437267
0.588;0.457999;0.46;0.527;1.2157625
0.538999;0.705999;0.532999;0.647999;0.52149355
0.643;0.46;0.697;0.458;0.9573585
0.46;0.69;0.527;0.731999;-0.07026732
0.73;0.64;0.713;0.626999;-0.011556745
0.633999;0.539999;0.489999;0.493;-0.75697243
0.496;0.540999;0.66;0.569;-0.3549093
0.579999;0.466;0.42;0.481;-1.0703676
0.45;0.453;0.548999;0.459999;0.8247262
0.491;0.829999;0.546999;0.847;0.15093741
0.856;0.53;0.692;0.389;0.80050886
0.363999;0.424999;0.408999;0.384;1.5556163
0.392;0.435;0.451;0.628;0.17127451
0.626999;0.589999;0.582;0.366;-0.101529956
0.366;0.28;0.359999;0.396;1.7440742
0.394;0.39;0.344999;0.445999;1.3865119
0.449999;0.478999;0.515;0.407;0.43247995
0.398;0.721;0.5;0.833999;1.8659717
0.811999;0.479999;0.689;0.408999;-0.15647948
0.44;0.813;0.571;0.865;0.24687704
0.849999;0.486999;0.648999;0.442999;0.31858143
0.446;0.56;0.561;0.442;0.9450978
0.443999;0.445;0.506;0.585999;0.60994685
0.597;0.503;0.356999;0.316;1.202119
0.302999;0.314999;0.375;0.311999;0.1970416
0.31;0.612;0.482;0.807;0.022364229
0.814;0.454999;0.671999;0.405999;-1.5652113
0.404;0.41;0.316;0.386;-0.010239482
0.393999;0.402;0.230999;0.116;0.60482085
0.118;0.247999;0.271;0.277;1.7236298
0.299999;0.238;0.398;0.423999;1.9123858
0.39;0.389;0.388999;0.335;0.88926613
0.335999;0.372999;0.489;0.579;-0.094472766
0.587;0.56;0.443999;0.469999;-0.5003029
0.486999;0.549999;0.612;0.664999;0.048769087
0.63;0.611;0.628;0.445;0.81385434
0.459;0.654999;0.489;0.667;1.7093843
0.661999;0.544;0.349999;0.256999;0.5698091
0.211999;0.0;0.524;0.445999;0.81211984
0.5;0.594999;0.427;0.538;1.4550811
0.536999;0.518999;0.515;0.509999;-0.4544431
0.5;0.521999;0.453;0.34;1.2173599
0.345;0.554;0.411999;0.771999;0.2188867
0.784999;0.56;0.789999;0.518;1.0978645
0.509999;0.529999;0.346;0.369;0.98053277
0.372;0.361;0.453999;0.544999;1.6851074
0.538;0.448999;0.392;0.237;0.4471248
0.241999;0.66;0.497999;0.861;-0.638836
0.852;0.648999;0.749;0.657999;-1.0100478
0.68;0.551;0.710999;0.552;0.29576477
0.535999;0.55;0.49;0.564;0.6587213
0.57;0.519999;0.533;0.357;1.2764937
0.348;0.411999;0.497;0.541999;1.4650232
0.591999;0.468;0.359999;0.343;1.8018788
0.289999;0.381999;0.49;0.509999;0.8183962
0.519999;0.438;0.387999;0.285;0.7603115
0.28;0.39;0.481999;0.516999;0.17216262
0.53;0.579999;0.399;0.402;0.28342065
0.407;0.24;0.457999;0.442;-0.08274257
0.422999;0.619999;0.478;0.619999;0.37176666
0.62;0.701999;0.655;0.661999;1.7198807
0.674999;0.481999;0.609999;0.508;0.8972889
0.494999;0.445;0.231999;0.218;0.47820267
0.226;0.280999;0.446999;0.580999;0.74425995
0.558;0.55;0.566;0.544;0.6033248
0.545999;0.53;0.454999;0.334999;-0.8821541
0.349999;0.309999;0.219;0.169;0.75074494
0.19;0.225999;0.431;0.430999;1.0857111
0.409999;0.504;0.43;0.603999;-0.22697389
0.609999;0.504999;0.57;0.429;0.62784016
0.414;0.613;0.479999;0.691;1.318658
0.701999;0.5;0.537999;0.359999;0.63848555
0.359999;0.353;0.312;0.286;1.720888
0.338;0.435;0.497;0.604999;0.7526523
0.55;0.545;0.603;0.511;0.32891092
0.5;0.509999;0.494999;0.571999;-0.7109219
0.576999;0.469;0.402;0.305;-0.44680178
0.308;0.497;0.521999;0.548999;0.11873898
0.657;0.475;0.360999;0.386;0.65116346
0.290999;0.277999;0.25;0.161999;1.7112023
0.183999;0.296999;0.301;0.429;-0.017332435
0.369;0.48;0.567999;0.662999;1.4493948
0.7;0.608999;0.535;0.372;-0.16965806
0.360999;0.45;0.533999;0.66;1.6447371
0.636;0.545;0.622;0.53;-0.5069548
0.564999;0.534999;0.346;0.308999;2.2089608
0.3;0.329;0.513999;0.588;-0.017189384
0.598999;0.500999;0.337;0.265;2.4651594
0.255;0.203;0.232999;0.472999;-0.071232915
0.461999;0.646999;0.614;0.325;0.5828625
0.407;0.532;0.517999;0.875999;-0.9858185
0.722999;0.518;0.601;0.396;-1.1414998
0.439999;0.794999;0.589999;0.925999;-0.64590514
0.765;0.395;0.515999;0.089;0.7973796
0.295;0.402;0.433;0.677;1.2841707
0.674999;0.534999;0.597;0.367999;0.44972953
0.351;0.342;0.3749;0.303;1.9517905
0.323999;0.456999;0.366099;0.64;0.0013237894
0.635999;0.637;0.783999;0.64;1.0105258
0.644;0.466;0.385;0.271999;0.10523853
0.265999;0.46;0.448;0.591999;1.22971
0.579;0.463;0.580999;0.521;0.42306837
0.512;0.484;0.167999;0.055999;1.0178751
0.073;0.227999;0.394;0.575;-0.53780615
0.57;0.488;0.607999;0.579999;1.1184281
0.605999;0.525999;0.600999;0.548;-0.5206579
0.528;0.753999;0.554;0.540999;0.3693467
0.558;0.316;0.387;0.516;1.2453145
0.459999;0.698999;0.669999;0.669999;0.8016056
0.708;0.829;0.658;0.853;-0.14497578
0.832999;0.448;0.496;0.146999;-0.10400951
0.128999;0.283999;0.426;0.504;0.13122615
0.561;0.481;0.489999;0.416999;-0.24430096
0.451;0.432;0.52;0.519;0.27580318
0.457999;0.463;0.393;0.472999;0.9614593
0.478;0.794999;0.494;0.792;0.8026904
0.807;0.609;0.695999;0.431999;-0.6620878
0.414;0.301;0.381;0.212;0.45093355
0.259999;0.31;0.437;0.594999;0.40014443
0.564999;0.452999;0.508999;0.465;-0.28315127
0.463999;0.612;0.474;0.587999;-0.21620333
0.564;0.613;0.652;0.64;1.1686152
0.657;0.484;0.557;0.46;0.5026287
0.575;0.724999;0.579999;0.570999;0.039661497
0.445999;0.467;0.606999;0.544;1.1041647
0.56;0.673999;0.445;0.796999;0.74184
0.784999;0.619999;0.812999;0.612;-0.2747172
0.634999;0.491999;0.448;0.41;-0.7832521
0.53;0.705;0.522;0.416999;1.2048489
0.267;0.274;0.531999;0.596;-0.26745737
0.600999;0.479999;0.49;0.494999;0.7093018
0.515;0.633;0.619999;0.704999;1.470924
0.656999;0.497999;0.419;0.319;0.6703681
0.317;0.338;0.483999;0.466999;-0.37777364
0.503;0.472;0.445;0.503;1.1466569
0.5;0.509999;0.41;0.277;0.39198455
0.298;0.298;0.329999;0.375;0.36493596
0.332;0.347;0.392;0.365;0.43594298
0.497999;0.626999;0.647999;0.717999;0.35927948
0.614;0.503;0.542999;0.518;0.6634182
0.518999;0.527;0.422;0.533999;0.8585459
0.527;0.662999;0.666999;0.597999;-0.19497812
0.586999;0.443;0.573;0.482;1.9904679
0.414999;0.506999;0.324;0.289999;0.17570314
0.37;0.469999;0.472999;0.589999;0.69792926
0.594999;0.693;0.545999;0.75;-0.060545802
0.744999;0.805999;0.771999;0.87;0.6233698
0.844999;0.476999;0.396;0.349999;-0.31244695
0.383;0.56;0.5;0.44;0.7806486
0.414999;0.192;0.5;0.344;1.1909729
0.359;0.515;0.5;0.393999;0.6239122
0.387999;0.354999;0.5;0.476999;-0.66348255
0.579999;0.529;0.539999;0.585999;0.35527405
0.253;0.412999;0.286;0.263;0.07177052
0.542;0.347;0.494;0.433;-0.3013605
0.52;0.5;0.427;0.448;0.6638235
0.128;0.5;0.304;0.410999;0.65093696
0.696999;0.445999;0.548999;0.494;-0.43209732
0.434;0.281;0.210999;0.382;-0.99584997
0.417999;0.424999;0.706;0.548999;1.3327962
0.375999;0.601999;0.476999;0.509999;-0.29053628
0.612;0.469;0.432;0.395;0.15749392
0.378;0.395;0.406999;0.349999;0.1895195
0.286999;0.552;0.405999;0.571;0.070310205
0.567999;0.255;0.525;0.339999;-0.19892395
0.477;0.480999;0.497;0.530999;0.791592
0.562999;0.557;0.515;0.508;2.185691
0.442;0.529;0.488;0.526;0.49970803
0.305;0.287999;0.349999;0.311999;1.524294
0.533;0.45;0.501;0.497;0.80142677
0.495;0.550999;0.506999;0.524999;1.1119133
0.821999;0.914999;0.624;0.890999;-0.69411933
0.743;0.577;0.681999;0.478;0.83488286
0.326999;0.353999;0.441;0.364;-0.45885384
0.314999;0.315999;0.390999;0.405999;-0.08237898
0.41;0.519;0.436;0.576999;0.018674701
0.494999;0.475;0.463;0.322;2.0146437
0.655;0.597999;0.645;0.784999;0.8441931
0.680999;0.622999;0.537999;0.404;0.879938
0.234;0.215;0.294;0.311;-0.030558705
0.355;0.564;0.445999;0.573999;-0.93008816
0.562999;0.420999;0.646999;0.478;-1.6434841
0.66;0.634999;0.509999;0.506999;-0.7829243
0.274999;0.399999;0.352;0.479999;-0.24480164
0.509999;0.683;0.579;0.721;1.4508492
0.765;0.579999;0.704;0.457;2.2967167
0.495;0.471;0.544999;0.601999;0.8208996
0.548999;0.478;0.487;0.369;1.0620004
0.317999;0.366;0.245;0.364;0.16037282
0.389;0.512;0.488;0.658;-0.9799713
0.811;0.604999;0.671999;0.526999;0.8139199
0.422999;0.442;0.445;0.258;0.6759888
0.137;0.267;0.0;0.1;0.17584023
0.163;0.350999;0.5;0.647999;0.5294508
0.5;0.5;0.5;0.5;0.10721144
0.475;0.382999;0.51;0.528;0.103813976
0.729999;0.492;0.579999;0.408999;0.17157254
0.441;0.482999;0.524999;0.474999;0.93078077
0.298999;0.42;0.347;0.434;2.2039242
0.681999;0.566;0.530999;0.417;1.0823017
0.388;0.378999;0.442;0.576999;1.3957328
0.582;0.515;0.46;0.451999;1.3837641
0.382999;0.475999;0.548999;0.512;-0.08014381
0.576999;0.676;0.528999;0.637;0.55018723
0.670999;0.484999;0.49;0.313;0.45443234
0.191;0.342999;0.494;0.625;0.0016456544
0.859999;0.887;0.698;0.603999;0.91357887
0.433;0.252;0.524999;0.455999;0.950343
0.395;0.433;0.385;0.379;1.3339466
0.317999;0.576;0.397999;0.710999;1.2385732
0.945;0.677999;0.627;0.445;0.8442229
0.313;0.328;0.542999;0.542999;0.5587882
0.519999;0.473999;0.417;0.317999;-0.36099494
0.337;0.554;0.503;0.623;0.86202085
0.603;0.57;0.619999;0.666999;-0.30559838
0.698999;0.539;0.375;0.497;0.82071483
0.449999;0.428999;0.668999;0.411;0.44909176
0.43;0.687;0.51;0.728999;0.1736289
0.727999;0.467999;0.611999;0.463999;1.2921518
0.529;0.685;0.588;0.689;2.2773035
0.631;0.475;0.611;0.423;0.028855175
0.574999;0.664999;0.646;0.673;0.23291764
0.435;0.443999;0.329;0.387;0.8500105
0.454999;0.465;0.599999;0.545;-0.18102467
0.569;0.505;0.513;0.473999;0.19996819
0.438;0.567999;0.199999;0.158999;0.9293562
0.262999;0.213;0.472;0.57;0.46222267
0.525999;0.567;0.540999;0.614;0.5171186
0.569;0.405;0.544;0.424999;1.0690218
0.417999;0.545999;0.506999;0.491;1.7582363
0.494999;0.457;0.456;0.524999;-0.3093356
0.549;0.637;0.556999;0.481999;0.88583887
0.392999;0.334999;0.376;0.459;0.036299795
0.64;0.555;0.375;0.454;-0.47727168
0.342;0.378;0.610999;0.421999;0.5845791
0.607999;0.835;0.634999;0.971;0.93253314
1.0;0.865;0.998;0.814;0.6232983
0.622999;0.506999;0.524999;0.448;-0.25674045
0.393;0.68;0.531999;0.634;1.6066617
0.652;0.358;0.422;0.253999;-0.85223854
0.277999;0.280999;0.192999;0.31;2.1010883
0.276;0.353;0.551;0.579999;0.8937901
0.676;0.632999;0.328;0.318999;1.7717844
0.253;0.302;0.584999;0.604;0.0008171499
0.649;0.686;0.501;0.375;0.38060006
0.295999;0.225;0.422999;0.451;-0.77744067
0.494;0.535;0.274;0.410999;-0.28731763
0.430999;0.433999;0.688;0.564;1.0247356
0.454999;0.423999;0.456;0.49;1.6140944
1.0;0.932;0.727999;0.686999;1.209355
0.278999;0.347999;0.506;0.513;1.1810011
0.391;0.421999;0.402;0.352999;0.5346066
0.393;0.388;0.495;0.47;-1.0608429
0.436999;0.509;0.215999;0.254999;1.4612085
0.216;0.239999;0.443;0.566;0.08207616
0.656999;0.626;0.631999;0.661;0.82507193
0.649;0.531999;0.469;0.332999;1.0076231
0.308;0.38;0.402999;0.524;1.0247594
0.579999;0.476999;0.402;0.396999;0.0007098615
0.39;0.398;0.494999;0.366;1.290775
0.343;0.443999;0.512999;0.515999;1.1417335
0.552;0.456;0.453;0.41;-0.123720765
0.478;0.517;0.538;0.576;-0.01931727
0.529999;0.529999;0.379999;0.361999;0.61274827
0.262;0.323;0.352;0.372;0.6351119
0.49;0.382;0.474999;0.523;0.918681
0.505;0.567;0.537;0.478;1.1533743
0.442999;0.381;0.448;0.464999;-0.32541096
0.445;0.576999;0.509999;0.529;-0.03831327
0.765;0.64;0.626999;0.586999;1.5037662
0.281999;0.327999;0.426;0.451;0.46766457
0.558;0.505;0.445999;0.516;1.0236031
0.42;0.642;0.551;0.507999;0.40989575
0.582;0.378;0.43;0.375999;-0.24579704
0.308;0.322999;0.341;0.375;1.0288304
0.493;0.539;0.512;0.565;1.5975899
0.574999;0.512;0.563;0.469999;0.5095309
0.467;0.633;0.531999;0.759999;0.17688927
0.703999;0.545;0.591999;0.436;0.64427316
0.544;0.539999;0.509;0.422;-0.8762175
0.262999;0.263999;0.332;0.343999;0.60795605
0.258;0.502;0.378;0.59;-0.15743315
0.603999;0.473999;0.575;0.481999;1.5756792
0.561;0.462;0.469;0.402;0.4252797
0.539;0.57;0.644999;0.642;1.643253
0.631;0.615;0.551;0.644999;0.8005446
0.616;0.559999;0.476999;0.408999;1.1520988
0.381;0.547;0.554;0.698;0.7363981
0.683;0.512999;0.613;0.515999;1.2959605
0.417999;0.482999;0.524;0.407;0.7196015
0.399;0.449;0.38;0.386;-0.32966673
0.427999;0.399;0.476999;0.511999;0.70397913
0.463999;0.445999;0.277999;0.303;-0.13586819
0.394;0.491999;0.511;0.674999;-1.2647741
0.714999;0.55;0.634999;0.382;0.11900124
0.311999;0.494999;0.439999;0.543999;1.0332114
0.373;0.366999;0.394;0.454999;0.6190187
0.655899;0.4679;0.655899;0.501899;0.9116119
0.7551;0.761099;0.6041;0.6661;1.7631418
0.214999;0.5;0.366;0.547;0.058883995
0.868;0.689;0.747999;0.68;1.3835019
0.583999;0.527;0.641;0.500999;1.0911888
0.536999;0.535;0.384999;0.411;0.7175571
0.27;0.347999;0.317;0.283999;1.1956042
0.317999;0.331;0.485999;0.506999;0.56585133
0.57;0.530999;0.57;0.576;0.85220397
0.643999;0.540999;0.457;0.46;-0.14147103
0.361;0.425;0.493;0.506;0.36805925
0.497;0.488;0.536999;0.500999;0.5721098
0.619999;0.792999;0.634999;0.765;1.6945845
0.635;0.524999;0.573;0.54;1.8153197
0.699999;0.604999;0.587;0.619;0.26577172
0.417999;0.434;0.479999;0.400999;1.0529107
0.42;0.533999;0.503;0.555;-0.42342484
0.674999;0.551;0.575;0.57;0.7469362
0.49;0.547999;0.507999;0.535;-0.5729848
0.524999;0.592;0.595;0.523999;2.2448547
0.565;0.689999;0.523999;0.762;0.711239
0.748999;0.561999;0.695;0.6;1.6125089
0.591;0.643999;0.682;0.442999;1.7398959
0.375;0.336;0.368;0.466;1.0633951
0.572;0.506;0.518999;0.553;0.16133246
0.446999;0.619;0.493;0.506;-0.007724166
0.618;0.524999;0.652;0.605999;0.71796834
0.542999;0.571999;0.495999;0.467;-0.09708345
0.442;0.487;0.42;0.545999;0.7960206
0.618;0.575;0.713;0.555999;1.7245418
0.469999;0.576999;0.388999;0.593;0.62051475
0.667;0.581;0.748;0.580999;-0.44628918
0.609999;0.454999;0.43;0.416;0.73343575
0.372999;0.439;0.457;0.512;0.07938203
0.561;0.546999;0.25;0.136999;0.7495707
0.194;0.43;0.551;0.835;1.345945
0.796999;0.501;0.522999;0.423;0.4779702
0.295;0.580999;0.558;0.713;0.2570754
0.843;0.562;0.648;0.402999;1.0694927
0.171999;0.369999;0.305;0.268999;0.81068933
0.457999;0.381999;0.543999;0.606;1.5447205
0.602;0.535;0.478;0.408999;0.16675648
0.415999;0.404999;0.531999;0.51;0.4802769
0.602;0.793;0.652;0.707999;-0.61873734
0.576999;0.403999;0.492;0.466;0.024903387
0.379999;0.508;0.344999;0.588999;0.44609365
0.67;0.507999;0.492999;0.335999;1.2444562
0.395;0.398;0.62;0.566;0.26361403
0.332;0.396999;0.333999;0.251999;-0.068145394
0.485999;0.384999;0.406;0.522;-0.35150588
0.384999;0.437;0.300999;0.241999;0.02583322
0.312;0.430999;0.501;0.548;0.31412897
0.531999;0.399999;0.415999;0.366999;-0.10431945
0.353999;0.478999;0.518999;0.503;-0.12819111
0.533999;0.573;0.438;0.585;-0.5378777
0.565;0.451;0.606;0.484;0.08157548
0.561;0.483;0.536;0.491;0.055677265
0.396999;0.396;0.379999;0.396;1.5448099
0.445;0.471999;0.495;0.515999;0.36681947
0.606999;0.648;0.609999;0.635999;0.4189497
0.588;0.527;0.401999;0.344;1.3101107
0.311999;0.326;0.403;0.439;1.4047748
0.433;0.501999;0.536999;0.557;0.23852643
0.635;0.542;0.585;0.499;0.6218201
0.445;0.432;0.399999;0.423999;0.7825023
0.454999;0.485999;0.533999;0.527999;-0.10531485
0.914999;0.917999;0.786999;0.859999;0.6165749
0.414999;0.522;0.600999;0.569;1.7695612
0.567;0.506;0.521999;0.46;0.40472803
0.46;0.501999;0.347;0.398999;0.15068111
0.433;0.408;0.556;0.552;0.47761258
0.56;0.610999;0.568999;0.599;0.40562806
0.521999;0.461;0.407;0.372999;0.3275698
0.414;0.363;0.481;0.513;0.75832665
0.528999;0.518999;0.434999;0.422999;0.41797218
0.42;0.421999;0.496;0.468;-0.037645698
0.433;0.433;0.420999;0.418999;-0.09640396
0.353;0.321;0.252;0.233;-0.8725041
0.335999;0.400999;0.449999;0.506;0.45241174
0.484999;0.535;0.513;0.567999;0.28849897
0.655;0.603999;0.689;0.622;1.4819151
0.537999;0.561;0.545999;0.56;0.9950167
0.497;0.433;0.437999;0.422999;1.9267267
0.48;0.548999;0.408999;0.389;0.29587206
0.427999;0.481;0.533;0.673;-0.03023088
0.631;0.721999;0.67;0.552999;0.72336257
0.552;0.446;0.481;0.555999;0.35799202
0.619999;0.533999;0.64;0.551;-0.55555046
0.472;0.539;0.479999;0.548;1.133228
0.611;0.500999;0.588999;0.460999;0.3525978
0.378999;0.509999;0.453;0.496;0.0302082
0.561;0.613;0.506999;0.664;1.0105616
0.621;0.457;0.614;0.427999;1.2527531
0.339999;0.44;0.39;0.470999;0.36855993
0.524999;0.570999;0.527999;0.59;1.1853105
0.63;0.524999;0.378999;0.311;1.0741717
0.343;0.337;0.5;0.451999;1.0511047
0.461999;0.448999;0.503;0.488;0.7119721
0.468;0.539999;0.509999;0.571;0.7359928
0.596999;0.639;0.587;0.629999;0.36134776
0.62;0.542999;0.597999;0.459;-0.5136782
0.457999;0.399;0.418999;0.46;0.37292895
0.555999;0.647999;0.622;0.628;-0.001757741
0.489;0.399999;0.394;0.364999;0.73378146
0.39;0.462;0.463999;0.492;1.4533585
0.442999;0.475;0.484;0.449999;1.2626415
0.53;0.425999;0.422999;0.501;1.2215918
0.494;0.545999;0.595;0.543999;0.16511735
0.564999;0.542;0.473999;0.463999;-0.061636567
0.53;0.517;0.592999;0.602;-0.5861157
0.5;0.527;0.383;0.467999;0.9599751
0.442999;0.452999;0.527999;0.558;1.2872463
0.602;0.585;0.629;0.517;0.61395824
0.455999;0.466;0.327999;0.324999;1.4087862
0.367;0.338;0.469;0.44;0.72351754
0.512;0.49;0.384999;0.433999;-0.34211218
0.344999;0.398999;0.422;0.416;1.3776189
0.424999;0.47;0.545999;0.561;0.6745404
0.579;0.497;0.518;0.464999;0.89292586
0.463;0.458999;0.460999;0.545999;0.7493502
0.515999;0.576999;0.528999;0.547;0.6170577
0.532;0.471;0.348;0.262;0.27574357
0.409999;0.412999;0.598999;0.625999;0.62595665
0.576;0.542;0.499;0.49;0.9748703
0.432;0.478999;0.521999;0.536999;0.9255177
0.554;0.658;0.554;0.677999;1.0610646
0.599999;0.524999;0.610999;0.445999;0.2510911
0.534;0.48;0.423999;0.453;1.0475701
0.412999;0.408;0.417999;0.42;0.3223842
0.420999;0.433999;0.499;0.510999;0.10390934
0.538;0.524999;0.515999;0.487;-0.17427742
0.481999;0.472;0.448;0.472;0.47146735
0.443999;0.570999;0.488999;0.625999;1.0485655
0.615;0.523;0.644;0.471;0.67910016
0.478;0.476999;0.423999;0.479999;1.0513312
0.454;0.481999;0.510999;0.49;0.4246479
0.518999;0.45;0.327;0.32;0.80323875
0.293999;0.391999;0.547999;0.521;0.3000146
0.456;0.493;0.4;0.330999;1.7728871
0.442999;0.425;0.465999;0.488;1.2989765
0.488;0.504999;0.543;0.631;0.14838633
0.548999;0.518;0.434999;0.369;1.0459727
0.423;0.42;0.493;0.566;0.03712234
0.588999;0.548;0.518999;0.447;0.19679722
0.447;0.488999;0.506999;0.5;1.3202256
0.488999;0.634999;0.538;0.628;1.2774295
0.634;0.484999;0.601999;0.483999;-0.24194062
0.48;0.484999;0.39;0.462;0.1388615
0.388999;0.432;0.491;0.433;-0.22028029
0.519;0.509;0.545999;0.579;-0.8841151
0.580999;0.615;0.613;0.610999;0.5532807
0.594999;0.604999;0.453;0.582999;-0.02162993
0.582;0.478999;0.633;0.487;-0.42707264
0.493;0.57;0.366999;0.556;0.65555036
0.542999;0.526;0.5;0.488;0.9555286
0.500999;0.469999;0.5;0.526999;2.064938
0.527999;0.502;0.56;0.416;1.2959486
0.419;0.405;0.439999;0.566;0.6468779
0.552999;0.637999;0.66;0.616;-0.4793936
0.447;0.362;0.339999;0.384;-0.17086208
0.552999;0.637999;0.66;0.616;0.44950303
0.573;0.494;0.339999;0.465999;1.0410851
0.259;0.622999;0.5;0.573;1.3120836
0.878;0.495;0.5;0.541;0.20708498
0.515;0.481999;0.5;0.423999;0.5907005
0.433;0.492999;0.731;0.514;0.63893855
0.494;0.441;0.519999;0.483999;-0.12082398
0.515;0.540999;0.5;0.451;1.528222
0.433;0.477;0.474;0.588999;1.8314189
0.576;0.511;0.579999;0.484;0.8556968
0.472;0.469999;0.493;0.502;0.9152478
0.571999;0.695999;0.576999;0.679;0.6312138
0.613;0.528999;0.445999;0.529999;-0.73907316
0.569999;0.667;0.5;0.669;0.08426961
0.702;0.548;0.5;0.552;0.85728824
0.515;0.542999;0.920999;0.558999;0.268293
0.573;0.547;0.079;0.478999;0.86821973
0.449999;0.591999;0.5;0.649;1.0081595
0.646999;0.604999;0.5;0.552;0.9925252
0.53;0.481;0.5;0.494;0.30091462
0.51;0.53;0.5;0.481999;0.14723596
0.526999;0.473999;0.5;0.457;0.62575996
0.4;0.495;0.5;0.564;-0.3421241
0.564999;0.521999;0.5;0.414;1.1348492
0.572;0.487;0.5;0.539999;-0.08678377
0.389999;0.465999;0.5;0.588999;2.0067878
0.448;0.461;0.5;0.316;0.066722006
0.461;0.442;0.861;0.481;0.8793777
0.424999;0.442999;0.138999;0.353;0.9723669
0.655999;0.567999;0.838;0.506;1.3716406
0.282;0.429;0.161999;0.677999;0.64361155
0.671999;0.607999;0.5;0.472;0.972051
0.439999;0.399;0.943;0.476999;0.8673078
0.503;0.503999;0.431999;0.384999;-0.13516486
0.603;0.56;0.49;0.559;0.83883464
0.311;0.341;0.502;0.433999;0.40618238
0.506;0.572;0.543999;0.576;1.5857345
0.497999;0.530999;0.518;0.569;0.9288913
0.579;0.515;0.538;0.567;1.5691644
0.542999;0.477999;0.572999;0.477999;0.11456069
0.451;0.744;0.0;0.715;0.4471546
0.0;0.470999;0.5;0.201999;-0.028931499
0.5;0.162999;0.5;0.407;0.36652145
0.824;0.471;0.581;0.350999;1.5245324
0.299999;0.395;0.418999;0.569;1.6500002
0.53;0.541999;0.651;0.445999;0.2777284
0.56;0.427;0.46;0.418999;0.8074051
0.486999;0.509;0.481999;0.474;-0.6177777
0.433;0.438;0.488999;0.492999;-0.22484004
0.475;0.518999;0.556;0.506;0.45286474
0.521999;0.548;0.497;0.468;1.4110452
0.461;0.424999;0.484999;0.570999;0.04160461
0.646999;0.536;0.491;0.521;1.293028
0.512;0.521;0.527;0.511;0.54879844
0.503;0.493;0.5;0.491;1.1694795
0.424999;0.594999;0.5;0.607999;-0.23798883
0.646999;0.481999;0.5;0.38;1.5509135
0.375;0.432;0.5;0.533999;0.10243711
0.444;0.400999;0.46;0.426;0.40092525
0.506;0.569;0.555999;0.565999;0.121003956
0.570999;0.515999;0.542;0.507;0.8219248
0.502;0.578;0.457;0.541999;-0.55925786
0.606999;0.518999;0.484999;0.552;0.55031836
0.49;0.505;0.534999;0.361;0.6867951
0.339999;0.445999;0.445;0.478999;0.7633394
0.481;0.5;0.491999;0.543999;0.7448739
0.591999;0.5;0.598;0.572;0.46345052
0.557;0.533;0.349999;0.363;0.44823942
0.363999;0.466999;0.513;0.494;-0.15096009
0.493;0.5;0.449999;0.414999;0.27138647
0.384999;0.379999;0.51;0.611;0.9634441
0.631;0.631;0.613999;0.564999;0.7689184
0.551;0.529;0.610999;0.539999;-0.3234619
0.561;0.460999;0.469;0.532;0.59839547
0.503;0.521;0.524999;0.495999;-0.090610385
0.552;0.521999;0.51;0.478999;0.37013945
0.439;0.463;0.461999;0.498;0.36203918
0.46;0.493;0.456;0.475999;1.3447231
0.543999;0.525999;0.539999;0.552;-0.13778746
0.532;0.56;0.557;0.484999;1.016987
0.530999;0.545;0.516999;0.438;0.30375776
0.527;0.452999;0.506999;0.634;0.8382684
0.503;0.517;0.486;0.477999;-0.3281945
0.434999;0.439999;0.472;0.496;1.225186
0.475;0.469;0.430999;0.384;-0.08410752
0.457;0.469;0.512999;0.539999;0.7402605
0.503999;0.518999;0.527;0.529;0.2611464
0.564;0.527;0.505;0.472999;0.8201784
0.499;0.493;0.451;0.469;-0.020592809
0.361;0.530999;0.533999;0.552999;0.6968206
0.610999;0.524999;0.571999;0.514;1.3643211
0.496;0.533999;0.506;0.526999;1.8120652
0.601999;0.509;0.538;0.574;2.357746
0.593;0.654;0.464999;0.586999;0.990147
0.468999;0.421999;0.613;0.416;-0.1005584
0.46;0.486;0.509999;0.527;-0.514608
0.526;0.552;0.512999;0.596999;0.009561151
0.576;0.548999;0.549999;0.426;0.17420706
0.431999;0.449999;0.461;0.451;1.8565422
0.452;0.495;0.449999;0.545;0.7556087
0.543999;0.524;0.402999;0.601999;0.813908
0.597999;0.513999;0.693;0.382;0.07681307
0.393;0.472;0.306999;0.523999;-0.5334312
0.515;0.594999;0.5;0.529;0.14157948
0.539999;0.485999;0.5005;0.591;0.6883806
0.676;0.538;0.499499;0.393;0.89277685
0.390999;0.415999;0.5;0.580999;0.9749538
0.616;0.589;0.5;0.579999;-0.04140675
0.645;0.647999;0.743;0.431;0.06296095
0.357999;0.352;0.475999;0.469;-0.7293159
0.449;0.503999;0.566;0.546999;0.3249472
0.454999;0.646999;0.214999;0.497999;1.0342783
0.503;0.523;0.5;0.562;1.4615542
0.559999;0.475999;0.5;0.616;1.1273748
0.175;0.488999;0.5;0.516999;0.46031532
0.952999;0.530999;0.5;0.511;0.15444812
0.562;0.553;0.5;0.548;-0.2757126
0.506999;0.472;0.5;0.53;-0.22585332
0.532;0.528999;1.0;0.492999;-0.46599448
0.460999;0.436999;0.414999;0.465;0.051808923
0.461999;0.559;0.07;0.545;0.025177568
0.594;0.531999;0.5;0.538999;0.65212905
0.514;0.494;1.0;0.442;1.5838808
0.443999;0.557;0.502;0.542;1.3477808
0.605;0.475;0.0;0.533999;0.65149724
0.494999;0.504999;1.0;0.414;0.7034904
0.364;0.404;0.463;0.506999;0.3413981
0.533999;0.531999;0.019999;0.473;-0.20104587
0.433999;0.474;0.944;0.508999;1.1091477
0.573999;0.516999;0.055999;0.535;1.2491173
0.513;0.502;0.5;0.402;0.87379277
0.384999;0.423;0.5;0.469;2.4408102e-05
0.478999;0.506999;0.5;0.480999;-0.14745533
0.494999;0.447;0.5;0.537;0.065297455
0.48;0.537999;0.5;0.522999;0.5563921
0.585;0.565;0.5;0.570999;1.4040893
0.547999;0.494999;0.5;0.381;0.6134218
0.422;0.417;0.871;0.501;0.46119747
0.440999;0.484999;0.489;0.491999;0.51017463
0.561;0.583999;0.294999;0.466999;0.8250302
0.588;0.5;0.673999;0.472;1.2982553
0.335;0.384;0.475999;0.533;1.1864132
0.496;0.459;0.487;0.461999;0.7577783
0.463999;0.656999;0.508;0.517;0.6513959
0.539;0.5;0.543999;0.505;-0.40947735
0.460999;0.417999;0.477;0.529999;-0.14283001
0.542;0.582;0.475999;0.431;-0.44563353
0.457999;0.5;0.518;0.467999;0.6526953
0.463;0.5;0.457999;0.496;0.40060338
0.515;0.5;0.554;0.572;0.46305713
0.545999;0.5;0.564999;0.535999;0.93120396
0.539;0.451;0.493;0.457;0.8297628
0.455999;0.5;0.420999;0.408;0.5024618
0.414;0.349;0.370999;0.463;1.4830536
0.460999;0.650999;0.52;0.512999;1.0059363
0.517;0.5;0.474;0.436;0.35690722
0.418999;0.5;0.366999;0.492;0.04661736
0.527;0.5;0.610999;0.515;0.16522464
0.515999;0.289;0.506;0.579;0.19822177
0.594;0.563;0.538;0.582999;0.7171339
0.539;0.518;0.5;0.494999;0.91454446
0.518;0.518999;0.5;0.512;1.2268072
0.457;0.461999;0.5;0.459;-0.36007106
0.518999;0.553;0.628;0.550999;-0.034146905
0.545999;0.497;0.509999;0.503;-0.41409075
0.509999;0.498999;0.351999;0.385;-0.31474173
0.349;0.405;0.504;0.504999;0.22656378
0.551;0.52;0.522999;0.512999;0.9431368
0.452999;0.577999;0.484999;0.628;0.8948153
0.609;0.611;0.635;0.591;0.731588
0.631;0.503999;0.594999;0.513;0.43788013
0.506999;0.506999;0.533;0.479999;-0.09695828
0.478999;0.55;0.469999;0.512;-0.5772704
0.487;0.542;0.504999;0.581;-0.6187135
0.606;0.478999;0.538;0.430999;-0.12212932
0.42;0.548999;0.466999;0.606;0.3223544
0.640999;0.548999;0.667;0.529999;1.1411971
0.522999;0.527999;0.357999;0.553;0.78933895
0.528;0.475;0.625;0.43;1.071704
0.448999;0.476999;0.496;0.506999;0.8095211
0.509;0.49;0.497999;0.498;0.83147347
0.53;0.535;0.487;0.503;1.7494029
0.472999;0.469999;0.518;0.498999;1.1529213
0.469999;0.509;0.484999;0.494;0.3686374
0.040999;0.531999;0.183999;0.465;-0.55428684
0.993;0.475;0.84;0.515999;0.01570043
0.477;0.461999;0.374;0.390999;-0.5421215
0.375999;0.395;0.478999;0.518999;0.70365727
0.543999;0.514;0.449999;0.409;0.29329714
0.375;0.593999;0.495;0.604999;1.312483
0.65;0.424;0.608999;0.518999;0.6100303
0.439;0.503;0.451;0.477;0.579775
0.506;0.509999;0.524;0.540999;0.3117567
0.567999;0.591999;0.535;0.594999;0.63808024
0.601999;0.584;0.141999;0.511;-0.010430217
0.542;0.464999;0.869;0.383;0.9327835
0.332;0.451999;0.48;0.57;1.1935657
0.588999;0.487;0.317;0.272999;0.35263953
0.210999;0.288;0.497999;0.497;0.7510251
0.553;0.475999;0.419;0.381;0.33522305
0.341999;0.388999;0.461999;0.346;0.030321449
0.372999;0.359999;0.375;0.393999;0.12389478
0.379;0.525;0.42;0.542;0.81446826
0.565999;0.651999;0.540999;0.770999;0.5632466
0.757;0.498;0.696;0.387;0.38028416
0.401999;0.652999;0.485999;0.62;0.040525764
0.619;0.445999;0.591;0.518;0.8948928
0.531;0.529;0.509999;0.604999;-0.023280978
0.601999;0.646999;0.6;0.652999;0.20110068
0.661;0.548;0.591;0.454;0.44416842
0.411999;0.485999;0.489999;0.518;0.61923325
0.469999;0.472;0.499;0.49;0.494886
0.587;0.478;0.439999;0.440999;0.9606427
0.420999;0.515999;0.543;0.466;0.1546329
0.476999;0.414999;0.395999;0.437;1.0244316
0.384999;0.448;0.482;0.553999;0.4547542
0.602;0.569;0.545999;0.474;0.9810811
0.466999;0.64;0.586999;0.682;0.43703374
0.646999;0.595999;0.594999;0.592999;0.08170661
0.667;0.512;0.628;0.529;-1.0421866
0.478999;0.497;0.48;0.486999;0.2264565
0.503;0.533;0.5;0.583;-0.24194658
0.548;0.510999;0.503;0.401999;0.24517831
0.430999;0.408;0.409999;0.44;0.66761434
0.469;0.468;0.5;0.503;1.1642581
0.442;0.562999;0.0;0.602999;-0.37404835
0.625999;0.663;1.0;0.365;0.55351317
0.364;0.482999;0.545;0.698999;0.13445076
1.0;0.765;0.542;0.456;1.3000673
0.074999;0.542;0.509999;0.475999;0.9755558
0.931;0.463;0.493;0.581;1.6954428
0.140999;0.173999;0.555;0.478999;0.6884402
0.530999;0.533;0.536;0.546999;1.1036462
0.492;0.567999;0.518999;0.603;0.0072425306
0.632999;0.542999;0.542;0.43;0.18136558
0.429;0.419;0.431999;0.45;-0.8452469
0.438;0.474999;0.468;0.43;-0.37816107
0.408999;0.452;0.435;0.552999;-0.2273792
0.556999;0.494;0.446999;0.509;0.18029866
0.516;0.494999;0.554;0.38;0.28175768
0.369;0.447;0.457999;0.562999;0.830794
0.571999;0.573;0.596;0.545999;1.0944372
0.596;0.581999;0.570999;0.597;0.629521
0.506999;0.46;0.491;0.457;0.2903467
0.469999;0.558;0.500999;0.488;1.4742023
0.548;0.47;0.48;0.417999;0.5655712
0.401;0.492999;0.525999;0.557;0.71065485
0.545999;0.654;0.577;0.588999;1.0032719
0.582;0.507999;0.535999;0.538;0.46695527
0.646999;0.558;0.338;0.358999;-0.16410291
0.409999;0.359;0.587;0.64;-0.08581817
0.502;0.5;0.504999;0.504;0.29453692
0.502;0.591;0.57;0.582;-0.15181243
0.571999;0.527;0.602;0.561;0.465489
0.611;0.551;0.525999;0.510999;0.3784245
0.457;0.512;0.5;0.557;0.8688992
0.355999;0.535999;0.512;0.518999;0.40773806
0.725;0.518;0.488;0.496;0.9571439
0.468;0.548;0.5;0.567999;0.3214961
0.517999;0.442999;0.594;0.45;0.38405713
0.533;0.606;0.405999;0.582;-0.476467
0.655999;0.652999;0.5;0.608999;-0.41809618
0.344;0.347;0.5;0.391;0.3317481
0.655999;0.652999;0.5;0.608999;-0.10570228
0.502;0.506;0.5;0.548999;0.27087983
0.593;0.533;0.5;0.459;0.3676122
0.405999;0.393999;0.5;0.298999;1.4854199
0.327999;0.483;0.5;0.576999;0.38572606
0.585;0.594999;0.823;0.556;1.4093107
0.545;0.466999;0.177;0.521;-0.39447486
0.511;0.466;0.5;0.564;0.34213123
0.564;0.524999;0.78;0.479999;-0.5185002
0.518;0.646999;0.521;0.63;1.0273224
0.665999;0.541;0.5;0.574999;-0.18672884
0.527999;0.527999;0.5;0.512;1.4330095
0.593;0.557;0.5;0.46;0.41261372
0.387999;0.448;0.5;0.524999;1.2360877
0.539;0.5;0.5;0.445;0.8475667
0.422999;0.425999;0.491;0.506999;1.1636382
0.52;0.499;0.463999;0.477;0.93449414
0.421999;0.469;0.499;0.286;0.6620413
0.357;0.454999;0.518;0.604999;0.33459124
0.561;0.518999;0.525999;0.529;0.48989114
0.530999;0.498;0.523;0.464999;0.8377975
0.406999;0.482999;0.357999;0.423;0.22091922
0.496;0.5;0.582;0.567999;0.38681087
0.558;0.5;0.521999;0.529;-0.52292883
0.554;0.5;0.521;0.430999;-0.38459837
0.375999;0.5;0.452;0.587;0.13223943
0.552999;0.5;0.457;0.348999;0.77032506
0.413;0.5;0.322999;0.280999;1.5370852
0.283;0.168999;0.375;0.55;0.92818797
0.573;0.831;0.577;0.46;0.9694582
0.457999;0.5;0.454999;0.411999;0.6281501
0.449999;0.087;0.503999;0.528999;1.6457027
0.479;0.528999;0.5;0.499;0.49626884
0.508999;0.494999;0.53;0.576;0.89215696
0.535;0.521;0.524999;0.478999;0.39597806
0.521;0.592;0.538;0.622999;-0.20421684
0.586999;0.752999;0.485999;0.780999;-0.634318
0.777;0.587;0.5;0.558;1.2587851
0.640999;0.567;0.5;0.260999;0.4076248
0.162;0.136;0.548;0.222999;0.3816789
0.655999;0.757999;0.451999;0.92;1.1473721
0.495999;0.536999;0.820999;0.604999;0.8356875
0.596;0.579;0.179;0.501;0.6333238
0.469;0.369;0.5;0.427;0.006604761
0.4696;0.4436;0.8556;0.4816;0.5821711
0.452399;0.452399;0.452399;0.452399;-0.34813225
0.505;0.651;0.512999;0.651;0.64603746
0.643;0.534999;0.578;0.442;-0.035595298
0.506;0.579999;0.100999;0.545999;1.0230845
0.489999;0.505;0.965;0.434999;0.07921514
0.435;0.427;0.214999;0.384;0.89998305
0.395;0.347999;0.32;0.547;0.6921774
0.476999;0.491;0.721;0.405999;1.8564945
0.646999;0.561;0.268;0.427;-0.12062132
0.238;0.6;0.632999;0.767;0.22412595
0.789;0.481;0.719;0.495999;1.0370976
0.509999;0.594;0.527;0.635;0.008738607
0.543;0.463;0.482999;0.291999;0.61561525
0.387;0.573999;0.498;0.741;1.2284702
0.686999;0.494;0.668999;0.484;0.44825134
0.506999;0.63;0.545;0.612;0.7743305
0.547;0.527999;0.564999;0.524999;0.92737734
0.611999;0.539999;0.434;0.338999;0.9558624
0.297;0.433;0.564999;0.681;0.2840167
0.698999;0.493;0.186999;0.234999;0.35242495
0.24;0.293999;0.634;0.506;0.5131072
0.458999;0.448999;0.298;0.353;0.2418941
0.392;0.374;0.503999;0.486999;-0.12688577
0.71;0.67;0.474;0.39;0.3997093
0.158999;0.321999;0.405999;0.545999;0.34059343
0.558;0.544;0.655999;0.545999;0.28131065
0.542999;0.561;0.539;0.651;0.8623785
