<OPEN>;<HIGH>;<LOW>;<CLOSE>;(predicted -> )<CLOSE>

1.0;1.0;1.0;1.0;0.538542
1.0;1.0;1.0;1.0;0.668635
1.0;1.0;1.0;1.0;0.697424
1.0;1.0;1.0;1.0;0.310921
0.0;0.0;0.0;0.0;0.447252
0.0;0.0;0.0;0.0;0.532039
0.0;0.0;0.0;0.0;0.453897
0.0;0.0;0.0;0.0;0.845482
0.5;0.5;0.5;0.5;0.166114
0.0;0.0;0.0;0.0;0.576027
0.519;0.519;0.519;0.519;0.429901
0.494;0.494;0.494;0.494;0.472017
1.0;1.0;1.0;1.0;0.769558
1.0;1.0;1.0;1.0;0.153338
1.0;1.0;1.0;1.0;0.761809
0.0;0.0;0.0;0.0;0.177737
0.0;0.0;0.0;0.0;0.503828
0.622;0.622;0.622;0.622;0.810131
0.822999;0.822999;0.822999;0.822999;0.337028
0.268;0.268;0.268;0.268;0.339767
0.669;0.669;0.669;0.669;0.669356
0.442;0.442;0.442;0.442;0.347795
0.762;0.762;0.762;0.762;0.656786
0.597;0.597;0.597;0.597;0.147822
0.262999;0.262999;0.262999;0.262999;0.793137
0.577999;0.577999;0.577999;0.577999;0.373986
1.0;1.0;1.0;1.0;0.0856689
0.689999;0.689999;0.689999;0.689999;0.993337
0.513;0.513;0.513;0.513;0.180229
0.015;0.015;0.015;0.015;0.630852
0.123999;0.123999;0.123999;0.123999;0.278299
0.0;0.0;0.0;0.0;0.589355
1.0;1.0;1.0;1.0;0.560685
1.0;1.0;1.0;1.0;0.350224
1.0;1.0;1.0;1.0;0.426992
0.0;0.0;0.0;0.0;0.314259
0.0;0.0;0.0;0.0;0.646158
0.173;0.173;0.173;0.173;0.745668
0.696999;0.696999;0.696999;0.696999;0.0903866
0.289;0.289;0.289;0.289;0.590976
0.544;0.544;0.544;0.544;0.501635
0.334999;0.334999;0.334999;0.334999;0.300946
0.268;0.268;0.268;0.268;0.462981
0.555;0.555;0.555;0.555;0.942775
0.089999;0.089999;0.089999;0.089999;0.257998
0.0;0.0;0.0;0.0;0.600364
0.029;0.029;0.029;0.029;0.215482
0.312999;0.312999;0.312999;0.312999;0.581648
1.0;1.0;1.0;1.0;0.562497
0.5;0.5;0.5;0.5;0.219583
0.215;0.215;0.215;0.215;0.262063
0.891999;0.891999;0.891999;0.891999;-0.120277
0.508;0.508;0.508;0.508;0.485369
1.0;1.0;1.0;1.0;0.232675
0.658999;0.658999;0.658999;0.658999;0.227823
1.0;1.0;1.0;1.0;1.07893
0.257999;0.257999;0.257999;0.257999;0.0214419
0.486999;0.486999;0.486999;0.486999;1.0011
0.0;0.0;0.0;0.0;0.0800422
0.333;0.333;0.333;0.333;0.479095
1.0;1.0;1.0;1.0;0.606491
0.265;0.265;0.265;0.265;0.0339261
0.440999;0.440999;0.440999;0.440999;0.484293
0.63;0.63;0.63;0.63;-0.0986018
0.498999;0.498999;0.498999;0.498999;1.17656
1.0;1.0;1.0;1.0;-0.129873
0.967;0.967;0.967;0.967;0.670888
1.0;1.0;1.0;1.0;0.379854
1.0;1.0;1.0;1.0;0.70348
1.0;1.0;1.0;1.0;0.549581
0.309999;0.309999;0.309999;0.309999;1.07854
0.402;0.402;0.402;0.402;-0.0509479
0.245999;0.245999;0.245999;0.245999;0.869574
1.0;1.0;1.0;1.0;0.700732
0.942;0.942;0.942;0.942;-0.122944
0.646;0.646;0.646;0.646;0.438549
0.87;0.87;0.87;0.87;1.17038
0.739999;0.739999;0.739999;0.739999;0.0804505
0.292;0.292;0.292;0.292;0.654032
0.509999;0.509999;0.509999;0.509999;0.38264
0.0;0.0;0.0;0.0;0.54644
0.0;0.0;0.0;0.0;0.0801793
0.163999;0.163999;0.163999;0.163999;1.1365
0.056;0.056;0.056;0.056;0.0360004
1.0;1.0;1.0;1.0;0.853851
0.369;0.369;0.369;0.369;0.287475
0.332;0.332;0.332;0.332;0.474974
0.0;0.0;0.0;0.0;0.616743
0.5;0.5;0.5;0.5;0.470202
0.5;0.5;0.5;0.5;0.646122
0.5;0.5;0.5;0.5;0.45846
0.5;0.5;0.5;0.5;0.391718
0.5;0.5;0.5;0.5;0.685158
0.5;0.5;0.5;0.5;0.398224
0.5;0.5;0.5;0.5;0.471713
0.5;0.5;0.5;0.5;0.363981
0.5;0.5;0.5;0.5;0.0929288
0.5;0.5;0.5;0.5;0.969347
0.5;0.5;0.5;0.5;0.182693
0.5;0.5;0.5;0.5;0.461712
0.5;0.5;0.5;0.5;0.378101
0.5;0.5;0.5;0.5;0.00845408
0.5;0.5;0.5;0.5;0.148224
1.0;1.0;1.0;1.0;0.434133
0.3226;0.3018;0.3226;0.2997;0.473767
0.483999;0.483999;0.483999;0.493099;0.141778
0.080999;0.080999;0.080999;0.080999;0.119366
0.6907;0.6907;0.6907;0.6907;0.0853858
0.4021;0.4021;0.4021;0.4021;0.0495902
0.6398;0.6398;0.6398;0.6398;0.7499
0.523099;0.523099;0.523099;0.523099;0.103437
0.459299;0.459299;0.459299;0.459299;0.0675372
0.442;0.442;0.442;0.442;0.100198
0.503499;0.503499;0.503499;0.503499;0.842663
0.2972;0.2972;0.2972;0.2972;0.570544
0.4756;0.4756;0.4756;0.4756;0.747403
0.6336;0.6336;0.6336;0.6336;0.217967
0.468599;0.468599;0.468599;0.468599;0.6543
0.5286;0.6026;0.4726;0.5306;0.33636
0.2769;0.2029;0.3329;0.274899;0.195803
0.6033;0.6033;0.6033;0.6033;0.514307
0.392099;0.392099;0.392099;0.392099;-0.218309
0.1263;0.1263;0.1263;0.1263;1.59512
0.275199;0.275199;0.275199;0.275199;-0.302974
0.4282;0.4282;0.4282;0.4282;1.03424
0.4953;0.4953;0.4953;0.4953;0.131237
0.6645;0.6645;0.6645;0.6645;0.917657
0.3964;0.3964;0.3964;0.3964;0.392913
0.421099;0.421099;0.421099;0.421099;0.592347
0.6291;0.6291;0.6291;0.6291;0.395732
0.472799;0.472799;0.472799;0.472799;0.617298
0.6168;0.6168;0.6168;0.6168;-0.0462779
0.492599;0.492599;0.492599;0.492599;0.84159
0.525099;0.525099;0.525099;0.525099;0.18607
0.486;0.486;0.486;0.486;0.884863
0.6226;0.6226;0.6226;0.6226;0.30384
0.451999;0.451999;0.451999;0.451999;0.508793
0.6442;0.6442;0.6442;0.6442;0.505229
0.091899;0.091899;0.091899;0.091899;0.456818
0.910399;0.910399;0.910399;0.910399;1.31788
0.9116;0.9116;0.9116;0.9116;-0.293879
1.0;1.0;1.0;1.0;0.959089
0.216;0.216;0.216;0.216;0.137585
0.438599;0.7135;0.4025;0.7014;0.856563
0.7494;0.793799;0.785499;0.793499;0.175645
0.782399;1.0;0.782399;1.0;0.660869
1.0;1.0;1.0;0.0;0.181638
1.0;0.450599;0.4004;1.0;1.09147
0.0;0.0;0.0;0.0;-0.118149
0.0;0.0;0.132;0.0;1.06487
0.068699;0.5499;0.2207;1.0;0.119125
1.0;1.0;1.0;1.0;0.656208
1.0;0.0;1.0;0.0;0.245153
1.0;1.0;1.0;0.8767;0.475418
0.2071;0.375;0.277999;0.549299;0.266167
0.5909;0.509;0.655;0.173;-0.114451
0.728999;0.509;0.739;1.0;0.473683
0.459;0.459;0.459;0.459;0.362914
0.402999;0.402999;0.402999;0.402999;0.338521
0.108;0.108;0.108;0.108;0.383412
0.553999;0.553999;0.553999;0.553999;0.140881
0.0;0.0;0.0;0.0;0.468888
0.441999;0.441999;0.441999;0.441999;0.526019
0.0;0.0;0.0;0.0;0.534405
0.495;0.495;0.495;0.495;0.390571
0.288999;0.288999;0.288999;0.288999;0.406264
0.535;0.535;0.535;0.535;0.154962
0.601;0.601;0.601;0.601;0.53521
0.0;0.0;0.0;0.0;0.496586
0.702999;0.702999;0.702999;0.702999;0.456997
0.433;0.433;0.433;0.433;0.400858
0.111;0.111;0.111;0.111;0.359686
0.913999;0.913999;0.913999;0.913999;0.420614
0.594;0.594;0.594;0.594;0.532278
0.565;0.565;0.565;0.565;0.471388
0.518;0.518;0.518;0.518;0.405251
0.241;0.241;0.241;0.241;0.49124
0.781199;0.781199;0.781199;0.781199;0.427633
0.425799;0.425799;0.425799;0.425799;0.294091
0.424;0.424;0.424;0.424;0.237351
1.0;1.0;1.0;1.0;0.382527
0.729499;0.729499;0.729499;0.729499;0.768878
0.2615;0.2615;0.2615;0.2615;0.143345
0.0;0.0;0.0;0.0;0.496676
0.485;0.485;0.485;0.485;0.41888
0.7134;0.7134;0.7134;0.7134;0.190975
0.4376;0.4376;0.4376;0.4376;0.782224
0.326999;0.326999;0.326999;0.326999;0.653901
0.353899;0.353899;0.353899;0.353899;0.344332
0.1731;0.1731;0.1731;0.1731;0.467705
0.3686;0.3686;0.3686;0.3686;0.408941
0.476399;0.476399;0.476399;0.476399;0.478708
0.6931;0.6931;0.6931;0.6931;0.664826
0.5959;0.759899;0.5029;0.533899;0.587674
0.3447;0.1807;0.4377;0.4067;0.379573
0.0013;0.0013;0.0013;0.0013;0.236752
0.6509;0.8441;0.572599;0.7028;0.704547
0.603199;0.521899;0.4485;0.410999;0.694372
0.6011;0.4905;0.526699;0.2932;0.536253
0.2149;0.461599;0.5223;0.721999;0.619354
0.9895;0.8249;0.6617;0.6056;0.76054
0.189599;0.270199;0.4878;0.401399;0.267535
0.603999;0.5501;0.633599;0.663;0.946136
0.5491;0.480499;0.4388;0.401699;0.436484
0.3033;0.376899;0.3587;0.4123;0.816729
0.6096;0.5133;0.364599;0.224;0.380405
0.180899;0.459;0.4573;0.513999;0.178596
0.3499;0.3591;0.3734;0.487;0.774326
0.7696;0.505199;0.474999;0.416999;0.511499
0.3352;0.412199;0.498;0.718;0.373002
0.607299;0.4944;0.472;0.228;-0.106559
0.3823;0.439499;0.612099;0.778399;0.539263
0.680099;0.8378;0.6519;0.7374;0.293433
0.515899;0.410699;0.5668;0.393;0.409686
0.4147;0.312799;0.218999;0.1582;0.194096
0.334;0.4993;0.4649;0.518799;0.803437
0.5762;0.407;0.266999;0.3061;-0.00780904
0.1316;0.4037;0.5304;0.7745;0.603839
0.822099;0.587299;0.4259;0.4316;0.606348
0.4737;0.452099;0.805899;0.44;0.388538
0.481999;0.5699;0.4673;0.5717;0.282862
0.347;0.513999;0.387699;0.437199;0.26074
0.579099;0.342;0.3404;0.4091;1.00574
0.3281;0.349;0.157499;0.403099;0.426607
0.452299;0.4862;0.8172;0.5931;0.128692
0.5102;0.503299;0.5;0.5058;0.623157
0.5815;0.5528;0.591;0.4895;0.339251
0.447899;0.441599;0.4845;0.4732;0.908526
0.3099;0.3609;0.079899;0.307299;0.523331
0.8855;1.0;1.0;1.0;0.0790319
0.867799;0.5372;0.888999;0.679;0.666698
0.606999;0.606999;0.606999;0.606999;0.413861
0.4588;0.578399;0.4588;0.337;0.569322
0.5468;0.9066;0.5468;0.9831;0.24318
0.814499;0.4428;0.156399;0.0;0.583007
0.4566;0.526399;1.0;1.0;0.232386
0.552099;0.5329;0.638;0.629799;0.53257
0.616799;0.552699;0.563099;0.475;0.250184
0.4511;0.3933;0.4457;0.4239;0.49838
0.4845;0.516999;0.494699;0.622199;0.306465
0.6321;0.914;0.681;0.7239;0.308432
0.878699;0.6017;0.739799;0.533;0.739034
0.41;0.802699;0.5195;0.867;0.820293
0.8227;1.0;0.716999;0.594999;0.0121078
0.745799;0.0;0.8809;0.684999;0.723752
0.5636;0.4397;0.0;0.1059;0.371873
0.062;0.055599;0.8481;0.3001;0.463539
0.6205;0.8644;0.6949;0.430999;0.575855
0.308899;0.069;0.295999;0.5821;0.678851
0.3736;0.347999;0.1079;0.0249;0.00972068
0.2315;0.209;0.0;0.526199;1.07213
0.3619;0.7577;0.8944;0.951699;0.0764034
0.911299;0.8889;0.599399;0.053;0.708415
0.666;0.3765;0.1171;0.574099;-0.0910857
0.0;0.0555;0.882999;0.312;0.5825
0.7195;0.498799;0.5577;0.535;0.522991
0.358;0.3594;0.0;0.338;0.457885
0.443199;0.533199;1.0;0.863799;0.392654
0.5885;0.528;0.4779;0.4088;0.317439
0.5347;1.0;0.644199;0.877399;0.558951
0.9097;0.650099;0.9108;1.0;0.0220678
1.0;0.9506;1.0;0.9654;0.954642
0.9922;0.6113;0.967199;0.145199;-0.13122
0.3553;0.1449;0.3303;0.634;0.920864
0.4206;0.4834;0.3504;0.398299;0.0711015
0.505199;0.6006;0.581399;0.5179;0.477337
0.520299;0.409299;0.4184;0.2008;0.161897
0.2636;0.4767;0.105799;0.052999;0.102144
0.173;0.0;0.2515;0.7753;0.583305
0.564499;0.5383;0.4001;0.2501;0.399961
0.079;0.1615;0.320499;0.113599;0.355401
0.608499;0.7564;0.7058;0.597;0.407203
0.418099;0.306999;0.396999;0.547;0.0983051
0.5817;0.632;0.6157;0.379;0.868215
0.3643;0.418899;0.4022;0.584999;0.281801
0.7192;0.5912;0.7192;0.9047;0.945946
0.424499;0.4169;0.287399;0.0;0.143873
0.6022;0.561199;0.6606;0.9583;0.416317
0.3953;0.3904;0.390499;0.1707;0.532796
0.238099;0.367599;0.296399;0.495999;0.458892
0.7634;0.7118;0.6778;0.9308;0.264325
0.651399;0.847;0.7622;0.4312;0.630744
0.805099;0.997;0.805099;0.975999;0.24616
0.698499;0.741599;0.548;1.0;0.471532
0.9855;0.5913;0.267199;0.2281;0.251087
0.561399;0.409099;1.0;0.498;0.398084
0.3506;0.4366;0.5837;0.547999;0.818529
0.5468;0.474699;0.4314;0.5558;0.370221
0.279;0.3597;0.0;0.2332;0.386407
0.540599;0.6733;1.0;0.745999;0.475781
0.8453;0.616399;0.6749;0.698399;0.987228
0.4323;0.548;0.0;0.4206;0.417503
0.6754;0.909399;1.0;0.95;0.408979
0.826599;0.4741;0.646599;0.572999;0.457444
0.2424;0.4858;0.0;0.4512;0.541993
0.5117;0.9188;1.0;0.0;0.522407
0.351899;0.0;0.1663;0.641999;-0.197206
0.5246;0.369899;0.504199;0.12;1.15482
0.5274;0.485099;0.3868;0.691099;-0.020934
0.1035;0.1113;0.3194;0.0569;0.679072
0.2328;0.7475;0.505099;0.727;0.267147
0.6855;0.4204;0.6855;0.8751;0.562008
0.675799;0.566799;0.4194;0.4133;0.224935
0.1704;0.604;0.4268;0.5213;0.755479
0.782399;0.539999;0.782399;0.578699;0.3751
0.5946;0.2893;0.526199;0.2276;0.392445
0.4527;0.515699;0.4318;0.672499;0.628158
0.2006;0.728999;0.279199;0.352999;0.284447
0.641999;0.0767;0.476199;0.1485;0.562098
0.3294;0.298699;0.4282;0.737199;-0.0791916
0.4773;0.5522;0.5473;0.6019;0.755312
0.5732;0.570399;0.559799;0.1849;0.412857
0.4553;0.4933;0.3835;0.689399;0.326296
0.434799;0.350399;0.4161;0.407299;0.443738
0.478;0.4981;0.5671;0.556799;0.338679
0.472999;0.831199;0.4955;0.812;0.096821
0.8171;0.4835;0.625799;0.0;0.395017
0.2803;0.2165;0.3982;0.575999;0.513544
0.4757;0.783999;0.549099;0.646;-0.237767
0.612099;0.3441;0.506499;0.588799;0.154649
0.3712;0.2972;0.186199;0.0;0.545826
0.314299;0.518699;0.5059;0.922999;0.035607
0.470099;0.387;0.0;0.2985;0.433176
0.3077;0.403499;1.0;0.4472;-0.320465
0.5011;0.5161;0.4864;0.365299;1.70917
0.666399;0.727399;0.724399;0.417;-0.282995
0.4307;0.2373;0.3947;0.692399;0.952633
0.357299;0.426199;0.460899;0.5581;-0.382165
0.6028;1.0;0.6028;1.0;2.01149
1.0;0.7532;1.0;0.4733;-0.0736424
0.6505;0.489999;0.6505;0.656099;0.796654
0.571099;0.468;0.240499;0.1081;0.0179312
0.294499;0.2222;0.4824;0.588899;0.703122
0.1181;0.3767;0.2608;0.1226;0.559213
0.747799;0.485299;0.459199;0.596699;0.371405
0.2302;0.2604;0.390799;0.494;0.440898
0.537;0.690899;0.6429;0.6273;0.436818
0.670099;0.6796;0.4376;0.318899;-0.150851
0.2815;0.1169;0.4148;0.5059;0.777384
0.4952;0.5688;0.6261;0.530999;0.322904
0.499399;0.4262;0.4316;0.430199;0.448068
0.5248;0.647499;0.5212;0.7167;0.085058
0.616;0.5775;0.6408;0.5183;-0.0767299
0.5257;0.698499;0.5627;0.787099;0.228985
0.804599;0.7004;0.804599;0.504999;0.680508
0.5396;0.5941;0.5396;0.6171;0.645193
0.6558;0.407399;0.5778;0.3576;0.0400535
0.450499;0.476199;0.5285;0.598599;0.547799
0.4828;0.559;0.4828;0.5572;0.564309
0.767099;1.0;0.767099;0.9544;0.0478528
0.8624;0.735099;0.783899;0.5363;0.462114
0.4221;0.5221;0.4635;0.706399;0.228216
0.588999;0.2789;0.0;0.399899;0.179829
0.4596;1.0;1.0;1.0;0.42372
1.0;1.0;1.0;0.811799;0.648721
1.0;0.171299;0.392599;0.8559;-0.344411
0.565299;0.238399;1.0;0.348499;1.68364
0.3273;0.2791;0.095299;0.0731;-0.106976
0.1235;0.2272;0.4331;0.4855;0.165077
0.497;0.384;0.575999;0.523;0.18089
0.2478;0.491199;0.2658;0.509399;0.510123
0.625699;0.497799;0.5517;0.415399;0.731977
0.6953;0.5919;0.421499;0.3903;0.0781379
0.1207;0.146599;0.3373;0.2783;0.394537
0.5566;0.582699;0.528599;0.550599;0.0831804
0.3521;0.424499;0.5113;0.4917;0.681468
0.492899;0.4458;0.172699;0.1494;0.254907
0.1076;0.077899;0.1754;0.165599;0.465628
0.3492;0.414999;0.529499;0.5187;0.833359
0.263299;0.2573;0.1961;0.362299;0.266223
0.4211;0.6121;0.5604;0.7321;1.27757
0.6938;0.913699;0.539299;0.882099;-0.0871905
1.0;0.668199;0.8583;0.1834;1.28232
0.2843;0.1522;0.4435;0.495099;0.180756
0.446899;0.7221;0.5916;0.7705;0.914731
0.706299;0.555399;0.7073;0.540099;1.02071
0.6098;0.5042;0.381;0.389199;0.239041
0.2392;0.399;0.5008;0.614;0.778129
0.7391;0.584599;0.432199;0.2239;0.0934771
0.148299;0.2648;0.404;0.6211;0.919785
0.5654;0.560299;0.5788;0.582099;0.485807
0.6556;0.8119;0.6934;0.5629;1.19185
0.666499;0.3808;0.6015;0.5518;-0.0761011
0.49;0.504;0.507999;0.559999;0.236829
0.632899;1.0;0.6799;1.0;0.647398
0.919699;0.495799;0.764199;0.2998;1.19122
0.369;0.332899;0.062599;0.1555;0.0786982
0.0405;0.0849;0.099;0.005299;-0.0628271
0.0;0.0;0.0;0.2019;0.294577
0.738699;0.6736;0.643599;0.432499;0.657781
0.595;0.305399;0.4695;0.5448;0.179201
0.553999;0.6352;0.4224;0.305199;0.288626
0.1582;0.172699;0.4595;0.489899;0.137567
0.3306;0.4098;0.381499;0.430099;0.838407
0.4923;0.3743;0.4055;0.3333;-0.0698038
0.483699;0.4894;0.465799;0.521899;0.145107
0.6448;0.6828;0.6702;0.7885;0.976022
0.6059;0.4737;0.456;0.4116;0.887003
0.360999;0.6267;0.590199;0.527899;0.0318221
0.4707;0.292999;0.4193;0.4357;0.672527
0.581199;0.5986;0.56;0.5871;0.295388
0.5102;0.550999;0.523699;0.526;0.63689
0.5062;0.4192;0.5119;0.388999;0.396105
0.529199;0.469999;0.582599;0.594799;0.309973
0.5053;0.5649;0.4514;0.4365;-0.061644
0.114799;0.163999;0.1687;0.2669;0.765153
0.588999;0.7473;0.571999;0.707599;0.261997
0.8481;0.5838;0.7059;0.576899;0.763877
0.575199;0.6036;0.4581;0.3884;0.651433
0.1372;0.189599;0.3674;0.3413;0.0719986
0.2557;0.268999;0.1509;0.2145;0.790217
0.4483;0.8207;0.5992;0.996399;-0.0365534
0.931999;0.5154;0.8059;0.4638;1.01639
0.3692;0.5912;0.448499;0.544999;0.372349
0.656799;0.4051;0.581;0.5115;0.599065
0.6724;0.8203;0.710699;0.369199;1.00186
0.461499;0.371099;0.3516;0.312999;0.33026
0.2877;0.315999;0.4131;0.7775;0.712009
0.4465;0.569;0.5153;0.4626;0.516304
0.663;0.642999;0.559;0.4513;0.65647
0.406399;0.265;0.314999;0.337899;0.883164
0.3558;0.3344;0.4543;0.4182;0.8711
0.392599;0.5443;0.4875;0.6082;0.437986
0.8249;0.9513;0.8269;0.796299;0.522336
0.384799;0.072599;0.2303;0.0;0.625195
0.062799;0.2291;0.116399;0.062;0.545212
0.465299;0.377299;0.4542;0.8004;0.639262
0.3959;0.4725;0.507899;0.523599;0.641277
0.4877;0.338;0.0512;0.0;0.457718
0.0;0.087499;0.235599;0.6433;1.04263
0.555599;0.422;0.3073;0.0;0.252055
0.1745;0.1479;0.3138;0.7637;1.41573
0.493099;0.4742;0.6173;0.556899;0.0495068
0.6592;0.6052;0.420299;0.1684;0.95947
0.002199;0.2925;0.0;0.190299;0.141963
0.3064;0.108699;0.9308;0.3947;0.48724
0.459;0.6187;0.654499;0.8178;0.402405
0.7466;0.5966;0.5527;0.417199;0.179502
0.404199;0.4438;0.591;0.7169;0.00238633
0.7639;0.8124;0.747599;0.6889;0.574847
0.3426;0.481999;0.213699;0.241799;0.219502
0.4514;0.306999;0.5275;0.6454;0.57831
0.9229;0.7432;0.7325;0.532999;-0.0127354
0.213299;0.2728;0.245;0.239;0.908365
0.3022;0.2878;0.3627;0.368;0.408866
0.4421;0.488199;0.5261;0.5717;1.16956
0.4176;0.489999;0.0122;0.471699;0.113546
0.5703;0.6072;0.923999;0.7312;0.731828
0.6644;0.998799;0.8199;0.5656;0.879028
0.593399;0.177199;0.524799;0.604799;0.609656
0.413899;0.4514;0.379799;0.4457;0.563063
0.744;1.0;0.8455;1.0;0.285115
0.8298;0.4389;0.8;0.4239;0.75862
0.5046;0.818999;0.535599;0.559799;0.363701
0.627399;0.491;0.5762;0.476199;0.598266
0.6841;0.606999;0.610599;0.5865;-0.216336
0.3706;0.8038;0.4953;0.916399;0.647893
0.9877;0.438199;0.846;0.5463;0.969716
0.4489;0.7499;0.5906;0.6798;0.117307
0.712299;0.6751;0.712299;0.620999;0.369187
0.6517;0.5622;0.439399;0.3393;0.368225
0.3506;0.409799;0.4656;0.568099;0.6772
0.4726;0.2828;0.5699;0.5547;1.07463
0.586099;0.8942;0.586099;0.6872;0.630578
0.7174;0.573999;0.646699;0.4431;0.365453
0.377599;0.1171;0.2651;0.267199;0.877955
0.3553;0.6404;0.439399;0.808399;0.212165
0.8005;0.7635;0.7567;0.431;0.841566
0.311599;0.099;0.2635;0.123;0.352736
0.267499;0.507999;0.292899;0.218;-0.0561067
0.3353;0.135999;0.2667;0.413499;0.145652
0.1747;0.341;0.391999;0.3808;0.767329
0.4513;0.2224;0.320999;0.487299;0.465204
0.5211;0.7876;0.6683;0.6804;0.120028
0.7028;0.645;0.5594;0.4752;0.429543
0.3806;0.456699;0.5102;0.7303;0.303044
0.7988;0.6825;0.8126;0.604699;1.03657
0.523;0.320799;0.4177;0.2818;0.599094
0.3919;0.418;0.432199;0.56;0.502529
0.548099;0.898;0.613099;0.5886;0.0377259
0.5017;0.256;0.4619;0.386799;0.796183
0.3908;0.550999;0.3497;0.4139;0.50871
0.5119;0.59;0.5928;0.5805;0.15915
0.590499;0.250399;0.420999;0.377499;0.650664
0.331099;0.4956;0.1648;0.1715;0.479292
0.1989;0.277999;0.3109;0.139199;-0.197271
0.181999;0.097599;0.405799;0.7786;0.941177
0.716699;0.5425;0.6029;0.404699;0.164213
0.4186;0.471899;0.271099;0.0207;0.914635
0.0487;0.249;0.2307;0.5563;-0.0757136
0.5089;0.244199;0.3614;0.480499;1.53592
0.560199;0.7773;0.7667;0.7404;0.155707
0.7021;0.666499;0.6171;0.4175;0.354185
0.248799;0.515699;0.354099;0.7667;0.559392
0.9217;0.6013;0.877099;0.539099;0.492509
0.549999;0.617999;0.4542;0.3851;-0.0831255
0.2937;0.15;0.2674;0.287199;0.368171
0.3066;0.445499;0.4695;0.6094;1.01645
0.64;0.630499;0.5581;0.3931;-0.157414
0.223099;0.281;0.052299;0.0;0.469922
0.4;0.1766;0.218399;0.402699;0.258022
0.1369;0.273399;0.5129;0.564;0.601514
0.6084;0.664;0.5839;0.5766;0.0756196
0.4816;0.488;0.336099;0.229699;0.352549
0.285899;0.215999;0.3748;0.4373;0.365844
0.4861;0.652;0.591799;0.7163;0.488981
0.7146;0.751999;0.6371;0.2414;0.301646
0.375299;0.267;0.4296;0.682599;0.468718
0.5792;0.609999;0.6399;0.8241;0.983652
0.8382;0.625999;0.562;0.5062;-0.178773
0.436699;0.54;0.657899;0.529399;1.27711
0.5433;0.382899;0.3468;0.2498;0.1206
0.224799;0.435099;0.354699;0.2539;0.421321
0.3641;0.1655;0.3166;0.464199;0.468352
0.2653;0.503499;0.3727;0.4704;0.726529
0.5591;0.5192;0.7227;0.520399;0.382688
0.5626;0.557099;0.460699;0.6935;0.4112
0.601399;0.591699;0.5395;0.4035;0.949522
0.4257;0.58;0.424199;0.239999;0.272044
0.355;0.135999;0.305499;0.597799;0.623008
0.552199;0.4553;0.4489;0.3411;0.60785
0.3355;0.617799;0.5459;0.6671;0.566753
0.762;0.4539;0.7638;0.657;0.540521
0.4968;0.645;0.248899;0.271599;0.276752
0.309099;0.282999;0.0602;0.0;-0.0322022
0.0;0.0;0.334699;0.669;0.537696
0.639499;0.6937;0.5324;0.4875;0.413527
0.381;0.2375;0.291899;0.2892;0.0585726
0.2335;0.4055;0.462;0.2593;0.186907
0.624699;0.637;0.617;0.629999;1.18273
0.3632;0.547;0.3672;0.475;0.679894
0.5046;0.37;0.480799;0.428899;0.488176
0.287399;0.059599;0.329499;0.3474;0.374114
0.525;0.477799;0.4451;0.5228;0.71729
0.431099;0.421199;0.4473;0.2469;0.631257
0.4681;0.7424;0.543599;0.8504;0.224381
0.7931;1.0;0.7931;0.790599;0.389846
1.0;0.262;0.916599;0.617;0.0362388
0.3486;0.550999;0.507899;0.673;0.127178
0.697099;0.625;0.639099;0.483999;0.42197
0.4554;0.5062;0.5308;0.513;0.347789
0.407299;0.2828;0.350999;0.702999;-0.263516
0.5886;0.389599;0.5668;0.201999;0.757553
0.322199;0.295;0.3904;0.5441;0.380801
0.5573;0.729399;0.515899;0.4069;0.152411
0.451999;0.3416;0.4141;0.4871;1.05027
0.3641;0.445799;0.485299;0.5669;0.0666908
0.5922;0.445899;0.5473;0.454599;0.182598
0.4266;0.7197;0.4715;0.430399;0.786885
0.653699;0.495999;0.559899;0.489;1.08309
0.2796;0.414999;0.2924;0.315999;-0.108112
0.4118;0.1547;0.278199;0.4189;0.053399
0.2514;0.2483;0.2498;0.2558;0.711699
0.3431;0.351699;0.515499;0.5669;-0.0204542
0.608;0.6819;0.2964;0.250699;0.823864
0.190899;0.141299;0.5137;0.3987;0.0063411
0.670999;0.6035;0.431799;0.427;0.601282
0.338;0.3561;0.4801;0.445999;0.293683
0.4041;0.402799;0.4753;0.6027;0.215163
0.4691;0.483899;0.280099;0.162299;0.591286
0.258199;0.2877;0.4093;0.6081;-0.00295722
0.5402;0.7866;0.636499;0.8301;0.155067
0.754299;0.7729;0.7488;0.3948;0.637653
0.4819;0.4026;0.462599;0.661999;0.239693
0.7494;0.7793;0.7743;0.800999;0.256848
0.809999;0.7013;0.736799;0.507;0.452363
0.4916;0.823799;0.5641;0.544;-0.148819
0.671599;0.3135;0.4749;0.416999;0.297587
0.3893;0.291699;0.465199;0.464;0.455695
0.610699;0.7083;0.5348;0.535999;-0.233919
0.3893;0.291699;0.465199;0.464;1.30049
0.4377;0.433499;0.4147;0.5731;-0.0627526
0.334499;0.4288;0.3831;0.4924;-0.00718915
0.7748;0.755499;0.796099;0.7287;1.39714
0.480599;0.4204;0.380099;0.245799;-0.287853
0.319199;0.338799;0.4017;0.358;0.438379
0.2736;0.4723;0.564999;0.679099;-0.0475802
0.692;0.488099;0.433199;0.4729;0.658693
0.43;0.479;0.402;0.43;0.477531
0.407;0.327999;0.494;0.489999;-0.3384
0.398;0.327999;0.399;0.355;0.224432
0.541699;0.809999;0.445599;0.331;-0.116111
0.503299;0.259;0.3974;0.533999;1.57591
0.2633;0.4742;0.465299;0.5089;-0.632639
0.6015;0.5998;0.5542;0.6191;0.854709
0.786899;0.725199;0.827099;0.689;-0.410176
0.664;0.7337;0.6497;0.6997;0.778421
0.543099;0.696899;0.564499;0.7593;-0.322232
1.0;0.6853;0.8475;0.605;0.0927619
0.5225;0.910599;0.6597;0.841;0.217634
0.772499;0.4311;0.6357;0.344;0.62079
0.1939;0.445899;0.3843;0.8183;-0.0802972
0.895499;0.7627;0.876199;0.412699;0.375443
0.4954;0.648599;0.4082;0.5618;1.08463
0.323;0.0655;0.2909;0.2698;-0.406308
0.3471;0.3972;0.425899;0.339399;1.90448
0.415799;0.488299;0.3936;0.625;-0.617877
0.6167;0.622399;0.6812;0.7621;0.683483
0.891999;0.873799;0.864599;0.6989;0.3762
0.6136;0.5471;0.586399;0.5229;0.434079
0.470499;0.3648;0.2945;0.391099;1.08669
0.58;0.822399;0.716699;0.9459;-0.14186
0.7785;0.734;0.8291;0.703299;0.959899
0.7302;0.803599;0.712899;0.8026;0.968131
0.754899;0.7957;0.833;0.843599;1.09529
0.8874;0.8736;0.6265;0.6616;0.0160447
0.6282;0.505299;0.882899;0.6536;1.71542
0.5713;0.7678;0.5775;0.6704;-0.372819
0.8245;0.666899;0.820499;0.709;0.654521
0.814799;0.7894;0.724399;0.7007;-0.13677
0.0;0.2067;0.062;0.1313;0.215384
1.0;0.6998;0.888099;0.811999;0.764289
0.375399;0.341699;0.446;0.4136;-0.493271
0.291499;0.3079;0.264199;0.112399;0.122862
0.3884;0.4773;0.4991;0.6801;1.13703
0.5044;0.6555;0.550899;0.6189;-0.506715
0.794;0.6002;0.6048;0.503999;1.77297
0.3367;0.255099;0.332899;0.369;-0.585217
0.2791;0.3418;0.4372;0.25;1.37734
0.555599;0.575499;0.3163;0.4808;-0.435025
0.4382;0.5322;0.666399;0.8476;0.428649
0.7197;0.603;0.424299;0.1356;-0.147424
0.1476;0.192499;0.347799;0.541999;0.0234923
0.8013;0.726099;0.7805;0.55;-0.123686
0.290799;0.3899;0.0967;0.158999;0.443187
0.1018;0.021599;0.1811;0.352;-0.381909
0.4833;0.664;0.717199;0.48;0.0357977
0.5378;0.339099;0.436499;0.425;1.1704
0.3081;0.5752;0.428;0.753999;0.0537864
0.798999;0.718899;0.793099;0.681;1.23089
0.9722;0.9526;0.8729;0.8508;0.587537
0.3597;0.279;0.3819;0.4109;1.29996
0.5655;0.555;0.672799;0.4463;1.03437
0.4374;0.3378;0.296299;0.4206;1.24653
0.3061;0.427199;0.3925;0.4224;1.24653
0.480699;0.3567;0.2639;0.173999;-0.0928112
0.2862;0.614599;0.532999;0.837;0.600632
0.891199;0.6201;0.8969;0.547999;0.779905
0.542899;0.4932;0.3304;0.263;-0.128833
0.2357;0.250299;0.410999;0.6676;1.49772
0.4522;0.427299;0.0804;0.0;-0.658403
0.1324;0.4205;0.5604;0.9557;2.06706
0.513499;0.509899;0.5015;0.5123;-0.210635
0.9793;0.697;0.527299;0.3043;0.979891
0.0945;0.322499;0.5222;0.3167;-0.297443
0.4528;0.3548;0.3672;0.5853;0.38005
0.4236;0.523399;0.5455;0.5807;1.41192
0.9494;0.726;0.6815;0.562899;0.61691
0.365299;0.5443;0.6048;0.610599;-0.34842
0.6096;0.558699;0.622799;0.6226;0.785246
0.6325;0.6781;0.637699;0.6689;0.831749
0.545;0.6769;0.555;0.623999;-0.137789
0.654;0.433;0.590299;0.323;0.128775
0.236999;0.3828;0.300699;0.629999;1.33065
0.686;0.6532;0.6617;0.384;-0.386918
0.384;0.418299;0.4083;0.591999;1.17944
0.591999;0.5946;0.591999;0.478;-0.202028
0.6598;0.4101;0.4892;0.463;1.11155
0.318999;0.326499;0.1714;0.049999;0.0298223
0.1307;0.2959;0.307599;0.5898;1.14276
0.3794;0.2515;0.3989;0.2536;-0.303162
0.1219;0.1471;0.126799;0.025599;1.82612
0.4832;0.535699;0.5491;0.764;0.510266
0.579599;0.6104;0.630599;0.654999;0.70885
0.605399;0.633699;0.4922;0.255;0.0394157
0.3659;0.2042;0.172699;0.232999;0.264036
0.2795;0.5079;0.5859;0.8045;0.241893
0.6294;0.487299;0.6064;0.451499;1.52176
0.6463;0.5799;0.540699;0.443;-0.603483
0.383199;0.386099;0.3065;0.364;0.609823
0.334499;0.3214;0.4275;0.361;0.124105
0.2462;0.414899;0.358499;0.487099;1.46416
0.4997;0.497399;0.465499;0.660299;0.59891
0.703499;0.7893;0.7377;0.7206;-0.318394
0.9202;0.8621;0.8813;0.873899;1.90139
0.765699;0.616199;0.5337;0.2391;0.298595
0.23;0.275199;0.3982;0.689;1.07424
0.613199;0.5617;0.671299;0.366;-0.0600793
0.2227;0.2059;0.193;0.163;1.77937
0.4483;0.4403;0.3108;0.42;0.728174
0.464;0.563599;0.505899;0.8263;0.446673
0.610699;0.4481;0.7226;0.447699;-0.0803837
0.3583;0.428;0.3239;0.384;1.90636
0.479299;0.5469;0.394199;0.4145;-0.431154
0.388999;0.317799;0.3297;0.3915;0.848737
0.6945;0.7535;0.785999;0.8902;0.86542
0.746499;0.806799;0.8762;0.6768;0.0395945
0.7754;0.613;0.5009;0.4368;1.43697
0.2101;0.3351;0.4316;0.310199;-0.542853
0.337199;0.4568;0.405799;0.626;1.76171
0.6379;0.601799;0.6379;0.613999;-0.453547
0.741;0.5803;0.417499;0.3986;1.05234
0.185099;0.1432;0.3615;0.227399;-0.379122
0.3716;0.503599;0.5017;0.777799;1.79289
0.654699;0.4995;0.545099;0.4238;0.412296
0.5759;0.637799;0.5602;0.4819;1.06797
0.3621;0.6197;0.5044;0.493499;-0.38153
0.551099;0.2862;0.5489;0.6018;2.22163
0.4748;0.430199;0.295099;0.307099;0.118723
0.312799;0.352;0.4516;0.3301;0.2355
0.5608;0.686799;0.4284;0.485399;1.40587
0.365199;0.1973;0.372199;0.4157;0.728371
0.3306;0.3946;0.456499;0.5378;1.17125
0.5326;0.597799;0.5752;0.6002;0.789323
0.523199;0.715299;0.523199;0.6829;1.23654
0.8035;0.590299;0.6892;0.489799;-0.0892856
0.4605;0.3406;0.4039;0.339099;1.41686
0.451999;0.459499;0.427599;0.4824;-0.229705
0.3229;0.3878;0.2559;0.071699;2.04911
0.2317;0.175999;0.2477;0.4461;0.379112
0.2186;0.3458;0.425899;0.406699;0.631633
0.560199;0.555399;0.532499;0.5106;-0.0724354
0.5499;0.4326;0.5836;0.5566;1.38406
0.4559;0.450199;0.3828;0.3566;-0.134862
0.466;0.5273;0.5225;0.637;1.65464
0.469999;0.4146;0.2889;0.0604;0.524887
0.224399;0.3469;0.455099;0.590299;0.539949
0.596;0.617799;0.5364;0.495799;0.0992379
0.4009;0.4255;0.4056;0.675;1.43634
0.739599;0.6674;0.6089;0.3561;-0.159637
0.1912;0.352399;0.376799;0.6613;1.17029
0.679099;0.4936;0.6445;0.472099;0.769039
0.5684;0.5473;0.344899;0.2445;0.374698
0.2872;0.3884;0.5088;0.674299;1.27184
0.736699;0.669699;0.770699;0.646699;-0.265227
0.538699;0.6694;0.425699;0.686199;0.869103
0.7453;0.6691;0.8114;0.4247;0.41218
0.4891;0.3811;0.427799;0.463999;1.35637
0.4743;0.4161;0.4578;0.4878;0.102364
0.273199;0.3367;0.344799;0.3565;1.07118
0.5809;0.5932;0.5376;0.457699;0.864901
0.4701;0.4475;0.4832;0.6967;-0.149915
0.486699;0.6628;0.572499;0.449299;1.91902
0.503299;0.571999;0.503299;0.710699;-0.393645
0.7202;0.5397;0.6538;0.4937;2.1915
0.4268;0.364699;0.0941;0.0823;0.386917
0.0821;0.1568;0.4812;0.3433;1.35018
0.580099;0.5149;0.5444;0.6524;0.833901
0.5147;0.558699;0.540499;0.570999;-0.0928112
0.536099;0.4482;0.44;0.4616;0.959911
0.3876;0.410299;0.3047;0.089999;0.65703
0.212499;0.5588;0.401399;0.823;1.34452
0.7389;0.607299;0.7389;0.556999;0.657209
0.683399;0.7302;0.6785;0.8516;0.931265
0.6883;0.6601;0.6633;0.630199;-0.24719
0.5566;0.3449;0.468;0.2605;0.600632
0.399999;0.419899;0.4416;0.3277;0.124022
0.3487;0.6167;0.425599;0.7583;1.01895
0.622399;0.351499;0.5152;0.459199;-0.439746
0.7146;1.0;0.820599;0.9937;0.209033
0.8959;0.667299;0.8523;0.4681;1.0615
0.5566;0.5181;0.4802;0.5807;0.364619
0.420999;0.2995;0.4296;0.3963;-0.0124075
0.0;0.631399;0.0;0.7377;0.676056
1.0;0.606;1.0;0.601799;0.256576
0.6209;0.551199;0.6038;0.4132;0.074052
0.477499;0.465199;0.4437;0.4625;1.4384
0.3794;0.4323;0.495699;0.538799;-0.31393
0.5871;0.5563;0.5498;0.5344;0.182738
0.649799;0.634;0.678899;0.6048;-0.0540414
0.5352;0.5197;0.517199;0.563099;0.912955
0.5246;0.6358;0.504799;0.6125;0.530895
0.4778;0.337599;0.4819;0.341999;0.0817529
0.471499;0.455;0.338299;0.411999;1.20232
0.399999;0.417299;0.5348;0.5396;-0.455064
0.6138;0.8278;0.6643;0.8278;2.15153
0.8194;0.6927;0.8194;0.6299;-0.615201
0.5459;0.622499;0.5459;0.622599;1.55755
0.590999;0.5862;0.491499;0.646;0.259831
0.6964;0.8278;0.7959;0.7755;0.172212
0.7749;0.682199;0.733;0.604799;1.36431
0.5383;0.4369;0.5285;0.5327;0.508448
0.542199;0.4692;0.535299;0.415699;-0.123776
0.4514;0.449299;0.3045;0.3143;1.58198
0.604599;0.779;0.776899;0.8779;0.0735871
0.4125;0.2918;0.3939;0.409499;1.1156
0.577199;0.502199;0.4331;0.3849;0.839635
0.3763;0.3482;0.503399;0.416799;0.979658
0.4619;0.459199;0.3393;0.4814;0.14747
0.0;0.6289;0.0;0.512499;0.541004
1.0;0.589299;1.0;0.7224;1.29203
0.8742;0.6158;0.559799;0.2939;0.214948
0.2273;0.2193;0.4557;0.4737;0.956961
0.3792;0.3597;0.0;0.0;0.157215
0.0;0.102899;0.5209;0.591899;0.457027
0.5424;0.6016;0.4057;0.6404;-0.0736811
0.685399;0.7881;0.8061;0.770199;0.166514
0.8393;0.562899;0.642399;0.3597;0.824227
0.2913;0.7147;0.2494;0.9064;-0.199164
0.8763;0.4936;0.867599;0.323799;0.993397
0.357399;0.431999;0.624099;0.6195;-0.50771
0.585699;0.9046;0.585699;0.6462;0.518402
1.0;0.730499;0.7468;0.614799;-0.209782
0.3209;0.3032;0.3444;0.5824;0.161122
0.624499;0.674299;0.8308;0.780899;1.22287
0.5418;0.4126;0.4861;0.2805;-0.522459
0.305;0.3718;0.0803;0.0465;1.46345
0.2769;0.319199;0.537299;0.5961;-0.591723
0.587599;0.6304;0.6308;0.784199;2.24081
0.710699;0.5121;0.619299;0.4895;0.370728
0.4531;0.475999;0.4323;0.3799;0.344884
0.311899;0.3432;0.303;0.269299;-0.0529298
0.3804;0.4886;0.471699;0.6869;1.09707
0.669799;0.587199;0.664899;0.474599;0.940987
0.6654;0.628399;0.6441;0.6169;0.55699
0.319799;0.323399;0.347999;0.415399;0.96639
0.6501;0.6304;0.616199;0.553;-0.108535
0.4798;0.581599;0.5131;0.4431;1.1116
0.395099;0.4757;0.407699;0.451;-0.212095
0.451;0.3006;0.43;0.439999;0.98364
0.43;0.4057;0.18;0.27;-0.064961
0.279999;0.469999;0.5456;0.7;1.44913
0.76;0.559999;0.6609;0.449999;0.507464
0.39;0.44;0.431;0.52;-0.273723
0.509999;0.4514;0.432499;0.37;0.304773
0.38;0.3986;0.48;0.48;0.798371
0.48;0.435599;0.39;0.389999;0.175085
0.349699;0.4045;0.3;0.28;1.26301
0.3203;0.289899;0.419999;0.469999;-0.587658
0.469999;0.563299;0.57;0.62;2.05085
0.62;0.6467;0.5196;0.51;-0.328372
0.5;0.430099;0.6004;0.559999;1.56859
0.420999;0.8399;0.420999;0.84;-0.474272
1.0;0.64;0.999;0.51;1.17868
0.469999;0.424599;0.346399;0.389999;0.675597
0.399999;0.695399;0.543599;0.6;-0.261528
0.58;0.3425;0.4277;0.52;1.63193
0.5;0.357499;0.299399;0.31;-0.607327
0.32;0.4048;0.5619;0.439999;2.26012
0.419999;0.6352;0.530999;0.58;0.0340424
0.58;0.364799;0.469;0.419999;0.675275
0.419999;0.6352;0.530999;0.58;0.363295
0.63;0.379999;0.42;0.329999;1.40969
0.329999;0.329999;0.449999;0.55;0.217824
0.382999;0.69;0.472999;0.509999;0.370248
0.657;0.3;0.257;0.09;1.08372
0.12;0.239999;0.4556;0.599999;0.58501
0.58;0.57;0.5944;0.52;0.51346
0.509999;0.5627;0.559999;0.595;0.508096
0.5474;0.388;0.4033;0.334999;0.527318
0.3626;0.633299;0.506699;0.609999;-0.0624248
0.67;0.446;0.4768;0.48;0.842961
0.447999;0.434999;0.5642;0.505;-0.316743
0.492;0.5379;0.568999;0.311999;0.214287
0.337;0.5569;0.337;0.579;0.328617
0.753;0.5002;0.6634;0.734;0.614067
0.55;0.649999;0.6296;0.639999;-0.375683
0.64;0.6067;0.629999;0.51;0.396629
0.48;0.6733;0.4788;0.719999;1.09982
0.75;0.4802;0.616499;0.39;-0.429473
0.39;0.3598;0.4947;0.43;0.229105
0.469999;0.554199;0.37;0.44;0.454568
0.43;0.5458;0.557599;0.739999;-0.125707
0.699999;0.5648;0.5969;0.4;0.0534049
0.449999;0.4554;0.465199;0.599999;1.16341
0.57;0.529799;0.6143;0.4614;-0.498048
0.6448;0.65;0.6444;0.718599;0.211995
0.5252;0.739999;0.340199;0.58;-0.0624605
0.579999;0.701599;0.831399;0.84;0.758656
0.83;0.6796;0.82;0.449999;0.355222
0.449999;0.343;0.4173;0.51;0.935169
0.55;0.4158;0.3427;0.43;-0.478724
0.419999;0.43;0.489999;0.5;0.377386
0.45;0.52;0.13;0.0;0.257023
0.049999;0.08;0.16;0.18;0.804456
0.248;0.183999;0.513999;0.464;0.681027
0.422;0.5772;0.526;0.596;-0.434504
0.579999;0.740199;0.559999;0.609999;1.08921
0.6;0.5186;0.64;0.8;0.229695
0.789999;0.739999;0.789999;0.719999;0.0106297
0.682;0.5;0.673;0.52;0.0240914
0.468;0.94;0.477;0.84;-0.00626528
0.832999;0.585899;0.669999;0.5;0.876882
0.567;0.3519;0.553899;0.28;-0.0390687
0.3;0.392199;0.3259;0.46;-0.160707
0.449999;0.3804;0.5489;0.552;1.35426
0.5804;0.5122;0.4294;0.398;0.589832
0.3796;0.4374;0.541499;0.5;1.07436
0.5;0.48;0.4604;0.48;0.789323
0.52;0.509999;0.5141;0.549999;1.03453
0.5;0.4855;0.335899;0.22;-0.0147083
0.25;0.4648;0.401299;0.48;2.1344
0.469999;0.3127;0.517299;0.489999;-0.468386
0.49;0.567;0.5307;0.6;0.850298
0.625999;0.526;0.579699;0.510999;0.954898
0.474;0.483999;0.460999;0.568999;-0.35734
0.58;0.58;0.37;0.21;0.975915
0.189999;0.315999;0.469999;0.53;-0.0470408
0.54;0.404;0.139;0.149999;0.148498
0.109999;0.131;0.311;0.399999;1.36818
0.419999;0.489;0.565999;0.62;-0.576262
0.64;0.593;0.599;0.43;1.91324
0.44;0.439;0.434999;0.379999;-0.647498
0.41;0.488;0.48;0.64;1.56042
0.609999;0.439999;0.629999;0.48;0.100409
0.469999;0.51;0.48;0.5;1.13953
0.51;0.76;0.51;0.81;0.781425
0.759999;0.579999;0.66;0.41;0.959738
0.45;0.42;0.449999;0.489999;-0.23872
0.479999;0.539999;0.538;0.609999;0.968417
0.6;0.68;0.59;0.609999;0.421479
0.59;0.359999;0.541999;0.39;0.889667
0.43;0.8;0.53;0.66;0.874122
0.68;0.521999;0.652;0.609999;0.650551
0.609999;0.408;0.468;0.33;-0.2282
0.3;0.43;0.405;0.609999;0.815048
0.62;0.489999;0.574999;0.469999;1.27744
0.484999;0.494;0.509999;0.44;0.265448
0.414999;0.616;0.438;0.66;0.542124
0.67;0.549999;0.532;0.289999;-0.242937
0.289999;0.307;0.469999;0.51;1.42459
0.52;0.692999;0.539999;0.739999;0.785484
0.74;0.47;0.74;0.5;-0.328005
0.479999;0.481999;0.299999;0.309999;1.68757
0.31;0.378;0.27;0.31;-0.144319
0.329999;0.379999;0.539999;0.579999;1.05576
0.59;0.539999;0.529999;0.59;0.896677
0.63;0.56;0.56;0.449999;1.02209
0.389999;0.379999;0.529999;0.51;1.02775
0.5;0.5;0.5;0.48;0.993159
0.51;0.68;0.46;0.64;0.222879
0.629999;0.53;0.56;0.579999;0.378128
0.56;0.690999;0.639999;0.65;1.7565
0.66;0.669;0.64;0.669999;-0.437755
0.649999;0.44;0.449999;0.25;0.360241
0.27;0.279999;0.53;0.52;0.0212244
0.5;0.48;0.5;0.48;1.53201
0.49;0.66;0.449999;0.609999;-0.151078
0.609999;0.488;0.519;0.49;0.750061
0.509999;0.552;0.562999;0.509999;-0.0571676
0.5;0.705;0.577999;0.72;0.231074
0.72;0.555;0.69;0.5;0.989719
0.5;0.37;0.53;0.488;-0.389607
0.48;0.509999;0.48;0.481999;1.75073
0.469999;0.55;0.414999;0.53;0.364401
0.53;0.553;0.555;0.539999;0.379734
0.559999;0.556999;0.506999;0.59;0.768842
0.609999;0.504;0.573;0.419999;-0.140897
0.41;0.417999;0.32;0.35;0.483527
0.34;0.318;0.55;0.48;1.34139
0.489999;0.558;0.449999;0.509999;-0.503854
0.48;0.481999;0.42;0.49;0.912263
0.5;0.419999;0.436;0.329999;0.483569
0.34;0.44;0.439;0.43;-0.0422158
0.45;0.495999;0.515;0.62;1.38214
0.599999;0.454;0.599999;0.48;0.589325
0.48;0.5;0.48;0.51;0.410285
0.51;0.8;0.51;0.759999;-0.0824788
0.759999;0.494;0.538999;0.46;0.620177
0.47;0.548;0.661;0.57;0.67245
0.559999;0.597999;0.489999;0.419999;0.317787
0.39;0.361;0.49;0.5;0.394594
0.529999;0.488999;0.529999;0.58;1.03675
0.56;0.5;0.55;0.46;-0.41003
0.48;0.46;0.34;0.349999;1.63468
0.349999;0.539999;0.49;0.69;-0.50546
0.69;0.55;0.66;0.489999;0.584783
0.5;0.57;0.509;0.55;0.830354
0.539999;0.43;0.460999;0.469999;-0.0986912
0.42;0.6;0.53;0.64;1.41627
0.68;0.539999;0.521999;0.32;0.459834
0.329999;0.34;0.455;0.46;1.02712
0.46;0.55;0.492999;0.59;0.946357
0.57;0.69;0.57;0.75;0.0770113
0.77;0.549999;0.669999;0.52;1.7566
0.51;0.52;0.55;0.53;0.289323
0.539999;0.47;0.539;0.413999;0.990572
0.5;0.5;0.521;0.526;-0.292174
0.419999;0.46;0.399999;0.49;1.56006
0.49;0.489999;0.474;0.46;0.176092
0.489999;0.587;0.545999;0.629999;0.217315
0.62;0.722999;0.64;0.71;-0.0524261
0.69;0.58;0.652999;0.609999;1.59691
0.599999;0.48;0.637;0.48;-0.531621
0.51;0.509999;0.51;0.489999;1.79442
0.489999;0.631;0.489999;0.58;-0.644017
0.57;0.489;0.489;0.419999;0.656404
0.43;0.609999;0.501;0.69;-0.20311
0.68;0.49;0.57;0.399999;0.785693
0.42;0.799999;0.537999;0.92;-0.371025
0.91;0.53;0.825;0.55;1.45918
0.55;0.523;0.456999;0.379999;-0.65567
0.389999;0.376999;0.25;0.189999;0.593307
0.18;0.36;0.5;0.66;-0.184018
0.65;0.634;0.65;0.65;1.7157
0.64;0.579999;0.55;0.43;-0.617255
0.449999;0.335999;0.257999;0.23;1.83298
0.23;0.53;0.442;0.8;-0.161431
0.8;0.564;0.8;0.5;0.25669
0.509999;0.745999;0.579999;0.789999;1.38892
0.76;0.522;0.708;0.489999;-0.455792
0.509999;0.477999;0.431999;0.449999;1.05403
0.43;0.673;0.559999;0.69;-0.125451
0.72;0.497;0.527;0.379999;1.31389
0.379999;0.39;0.452999;0.52;0.0725499
0.44;0.460999;0.56;0.49;-0.0960418
0.549999;0.798999;0.549999;0.789999;0.491675
0.78;0.69;0.76;0.67;1.23062
0.699999;0.64;0.719999;0.549999;-0.446881
0.539999;0.469999;0.32;0.41;0.267174
0.39;0.55;0.56;0.74;0.451412
0.73;0.62;0.779999;0.43;1.28686
0.46;0.399999;0.43;0.579999;-0.50254
0.579999;0.75;0.46;0.77;1.18418
0.76;0.53;0.8;0.369999;-0.447486
0.379999;0.506999;0.388999;0.53;2.12515
0.55;0.513;0.550999;0.64;-0.4452
0.6;0.53;0.58;0.34;1.60001
0.359999;0.410999;0.379;0.48;-0.234182
0.355;0.644;0.456;0.561999;1.52864
0.574999;0.331;0.574999;0.468;-0.457234
0.609999;0.693999;0.609999;0.77;0.466155
0.76;0.681;0.75;0.669999;0.624552
0.669999;0.731999;0.649999;0.741;0.279852
0.629;0.782;0.659;0.743;-0.195573
0.698;0.759;0.698;0.465999;0.338878
0.602999;0.456;0.512999;0.8;-0.190524
0.76;0.952;0.727;0.57;0.541832
0.609999;0.378;0.713;0.699999;0.918069
0.69;0.799999;0.649;0.609999;-0.456906
0.609999;0.45;0.550999;0.51;0.187787
0.52;0.329999;0.32;0.349999;0.307285
0.359999;0.34;0.405999;0.31;-0.0380077
0.309999;0.359999;0.434;0.469999;1.44327
0.45;0.41;0.408;0.32;-0.652329
0.349999;0.91;0.541999;1.0;0.386568
1.0;0.635;0.97;0.559999;1.09119
0.59;0.564999;0.479999;0.4;-0.0739315
0.379999;0.42;0.45;0.469999;0.0306509
0.48;0.419999;0.509999;0.55;-0.0944563
0.58;0.968;0.67;1.0;1.67691
0.850999;0.717;0.850999;0.535;0.236221
0.673999;0.574999;0.561;0.43;1.08333
0.391999;0.35;0.504999;0.689;0.670727
0.723;0.759999;0.702999;0.449999;0.501414
0.509999;0.289999;0.336;0.449999;0.757392
0.35;0.31;0.0;0.0;0.00686562
0.0;0.189999;0.579999;0.69;0.380101
0.689999;0.73;0.73;0.8;1.39786
0.78;0.56;0.21;0.0;-0.553266
0.0;0.0;0.196999;0.34;0.582477
0.279999;0.497999;0.533;0.56;-0.0114032
0.58;0.38;0.475999;0.32;0.34019
0.34;0.573999;0.423999;0.759999;-0.163774
0.739999;0.696;0.82;0.59;-0.0233957
0.62;0.39;0.4;0.32;1.35722
0.27;0.25;0.0;0.03;-0.605754
0.059999;0.359999;0.559999;0.77;1.77297
0.78;0.55;0.55;0.3;-0.44517
0.27;0.43;0.53;0.599999;1.81111
0.64;0.654;0.619999;0.74;0.548192
0.71;0.625999;0.64;0.669999;-0.121743
0.66;0.66;0.56;0.26;1.8247
0.3;0.4;0.449999;0.68;-0.514809
0.669999;0.515999;0.609999;0.532;0.683483
0.343;0.504999;0.396;0.315;-0.188104
0.334;0.339;0.390999;0.532999;0.571289
0.683;0.609999;0.632999;0.57;1.00457
0.57;0.379999;0.23;0.15;-0.561399
0.16;0.272;0.48;0.619999;1.74802
0.609999;0.527999;0.576;0.46;0.403037
0.47;0.8;0.564;0.82;-0.0361481
0.849999;0.489999;0.73;0.399999;1.57907
0.37;0.69;0.489999;0.71;-0.44078
0.69;0.42;0.56;0.39;2.29622
0.0;0.479999;0.099999;0.57;0.342124
1.0;0.9;1.0;0.96;0.357708
0.96;0.5;0.78;0.299999;0.18036
0.309999;0.559999;0.439999;0.58;1.59683
0.489999;0.379999;0.25;0.109999;-0.376818
0.19;0.12;0.439;0.469999;1.73896
0.48;0.94;0.311;0.36;0.461545
0.34;0.169999;0.438;0.529999;-0.0862398
0.51;0.38;0.611999;0.699999;1.66325
0.699999;0.539999;0.399999;0.14;-0.507445
0.0;0.149999;0.0;0.41;2.33461
1.0;0.51;0.94;0.66;-0.130431
0.64;0.71;0.645999;0.64;0.227075
0.63;0.739999;0.854;0.82;1.41268
0.829999;0.51;0.559999;0.32;-0.457991
0.309999;0.43;0.39;0.359999;2.12112
0.37;0.439999;0.529999;0.649999;0.156187
0.66;0.56;0.5;0.32;1.52508
0.309999;0.358999;0.42;0.5;-0.42829
0.52;0.551;0.579999;0.65;1.05385
0.279999;0.789999;0.3;0.73;1.204
1.0;0.489999;0.97;0.379999;0.999548
0.369999;0.4;0.459999;0.609999;-0.366534
0.61;0.629999;0.616;0.53;0.573905
0.539999;0.41;0.264;0.23;1.06378
0.23;0.359999;0.5;0.609999;0.676712
0.609999;0.52;0.466999;0.378;0.329029
0.238;0.69;0.401;0.841999;-0.175447
0.972;0.579999;0.841999;0.37;0.695451
0.379999;0.343;0.46;0.53;0.146931
0.509999;0.537;0.559999;0.5;1.41191
0.53;0.610999;0.149;0.319999;-0.581835
0.309999;0.363;0.545;0.48;1.91684
0.48;0.422999;0.0;0.24;-0.181098
0.24;0.265;0.973;0.509999;0.290178
0.5;0.600999;0.593999;0.59;-0.0259199
0.59;0.589;0.52;0.62;1.64784
0.629999;0.524999;0.58;0.43;-0.447235
0.42;0.402;0.416999;0.57;1.66563
0.579999;0.599;0.561;0.344;-0.640158
0.344;0.667999;0.482;0.885999;1.40449
0.885999;0.582;0.753;0.46;0.737461
0.449999;0.459;0.532;0.52;1.08953
0.539999;0.706;0.540999;0.759999;0.0541232
0.75;0.805;0.702;0.67;0.872918
0.69;0.408;0.687999;0.579999;0.659748
0.55;0.738;0.53;0.56;-0.00327611
0.539999;0.387;0.506;0.609999;0.178429
0.71;0.777;0.548999;0.69;1.43141
0.289999;0.222999;0.451;0.309999;0.207006
0.71;0.777;0.548999;0.69;1.1641
0.59;0.668999;0.866;0.619999;-0.486855
0.68;0.609;0.599;0.45;2.261
0.409999;0.356;0.401999;0.549999;-0.522284
0.56;0.460999;0.439;0.359999;0.641604
0.38;0.277;0.0;0.38;0.375249
0.349999;0.529999;0.461;0.659999;1.27198
0.66;0.57;0.481999;0.49;0.14868
0.509999;0.58;0.452999;0.34;0.701275
0.31;0.182999;0.565;0.477;-0.260223
0.372;0.608999;1.0;0.367;0.471943
0.609999;0.485;0.437;0.44;1.41933
0.26;0.283999;0.292999;0.415999;-0.503323
0.436;0.436;0.511;0.436;0.254186
0.364;0.506;0.410999;0.43;0.372391
0.568999;0.56;0.551;0.662;1.26961
0.515999;0.483999;0.582999;0.459;0.255727
0.58;0.452999;0.302;0.623;0.403621
0.623;0.676;0.834;0.469999;-0.12807
0.469999;0.614;0.564;0.64;0.384682
0.64;0.473999;0.464;0.5;1.49147
0.489999;0.815;0.545999;0.8;0.631454
0.81;0.483999;0.768;0.519999;0.893976
0.519999;0.579;0.515999;0.41;-0.38153
0.43;0.356;0.468;0.53;1.54284
0.51;0.82;0.559;0.829999;0.282507
0.799999;0.710999;0.79;0.659999;1.47036
0.68;0.448999;0.559999;0.45;0.278865
0.45;0.769;0.551;0.689999;-0.0914463
0.689999;0.329999;0.576999;0.46;0.237556
0.479999;0.650999;0.414999;0.5;0.537535
0.48;0.352;0.5;0.5;0.509914
0.509999;0.585999;0.481999;0.39;0.219908
0.399999;0.393999;0.732;0.64;-0.200445
0.63;0.516;0.596999;0.57;1.52476
0.56;0.634;0.613;0.67;0.568207
0.68;0.786999;0.057999;0.71;-0.240878
0.71;0.750999;1.0;0.769999;1.67681
0.789999;0.532;0.872999;0.53;-0.281958
0.5;0.5;0.539;0.49;1.23443
0.509999;0.479999;0.091999;0.079999;-0.39011
0.049999;0.271;0.509;0.64;0.403874
0.67;0.628999;0.680999;0.63;0.982865
0.609999;0.399999;0.44;0.339999;-0.124724
0.359999;0.72;0.396;0.77;1.35619
0.77;0.524999;0.773999;0.479999;-0.579516
0.469999;0.614999;0.59;0.71;2.20205
0.74;0.5;0.6;0.39;0.41933
0.369999;0.524;0.53;0.539999;1.39345
0.539999;0.475999;0.379999;0.509999;-0.0897863
0.53;0.59;0.649999;0.66;0.369867
0.63;0.68;0.64;0.71;1.36635
0.71;0.549999;0.63;0.489999;0.970825
0.519999;0.62;0.49;0.69;-0.3597
0.649999;0.53;0.659999;0.5;1.04079
0.49;0.599999;0.53;0.519999;0.634893
0.82;0.74;0.63;0.78;0.402348
0.479999;0.66;0.659999;0.579999;1.2216
0.59;0.32;0.21;0.39;0.0880084
0.39;0.649999;0.869999;0.56;0.166484
0.519999;0.369999;0.13;0.449999;1.57783
0.5;0.471;0.63;0.36;0.739213
0.35;0.398999;0.425999;0.57;-0.216512
0.539999;0.83;0.704;0.799999;1.64752
0.83;0.591;0.38;0.149999;-0.0575342
0.149999;0.228999;0.64;0.67;0.897946
0.649999;0.419999;0.379999;0.49;0.978144
0.49;0.47;0.47;0.149999;-0.248442
0.17;0.209999;0.259999;0.479999;1.90878
0.479999;0.48;0.5;0.26;-0.000215411
0.28;0.7;0.46;0.899999;0.792053
0.89;0.479999;0.719999;0.369999;0.646325
0.359999;0.289999;0.167999;0.21;-0.105179
0.18;0.503999;0.472;0.359999;1.02471
0.43;0.346;0.46;0.729999;-0.0157007
0.699999;0.68;0.739999;0.66;0.731542
0.68;0.579999;0.53;0.38;0.130885
0.369999;0.34;0.359999;0.579999;0.454541
0.579999;0.649999;0.69;0.479999;1.13122
0.49;0.466999;0.439999;0.51;-0.0250586
0.509999;0.533;0.49;0.369999;0.649121
0.359999;0.406999;0.479999;0.689999;-0.0787088
0.71;0.813;0.63;0.829999;1.81194
0.799999;0.6;0.829999;0.46;-0.384448
0.5;0.719999;0.549999;0.71;1.80781
0.7;0.509999;0.64;0.55;-0.551666
0.52;0.64;0.58;0.589999;0.691714
0.559999;0.5;0.559999;0.649999;1.16061
0.68;0.49;0.469999;0.333;0.807091
0.5;0.311;0.35;0.276999;-0.180931
0.109999;0.289;0.0;0.0;0.312187
0.0;0.0;0.238999;0.39;0.0547252
0.4;0.57;0.171;0.099999;0.686409
0.109999;0.0;0.439;0.58;0.227695
0.579999;0.49;0.440999;0.25;0.298532
0.24;0.523;0.48;0.649999;-0.269885
0.649999;0.346999;0.469999;0.246;0.223752
0.536;0.66;0.707999;0.823999;-0.117392
0.543999;0.68;0.552;0.549999;0.0478975
0.549999;0.42;0.494999;0.64;0.865855
0.65;0.64;0.665;0.5;0.478979
0.469999;0.669999;0.489999;0.78;0.200286
0.769999;0.9;0.789999;0.93;-0.173707
0.92;0.479999;0.72;0.359999;0.67521
0.399999;0.49;0.139999;0.07;1.27598
0.06;0.006999;0.285;0.469999;0.771686
0.479999;0.433;0.525999;0.399999;0.854119
0.38;0.38;0.081;0.35;0.129753
0.359999;0.46;0.758;0.59;0.280165
0.6;0.68;0.609999;0.689999;1.84251
0.67;0.649999;0.75;0.549999;-0.357924
0.549999;0.39;0.286;0.36;0.339367
0.41;0.479999;0.532999;0.519999;1.1414
0.489999;0.52;0.514;0.57;-0.420678
0.55;0.799999;0.656999;0.829999;0.330963
0.859999;0.64;0.76;0.42;1.06307
0.399999;0.31;0.469999;0.469999;0.457912
0.49;0.509999;0.289999;0.37;0.0205181
0.329999;0.71;0.57;0.849999;0.3632
0.859999;0.436;0.74;0.45;0.478467
0.43;0.694;0.549999;0.719999;0.38177
0.759999;0.509999;0.56;0.53;0.414046
0.52;0.57;0.549999;0.339999;0.570091
0.32;0.53;0.369;0.78;-0.276215
0.789999;0.839999;0.901;0.83;1.4432
0.859999;0.777;0.789999;0.68;-0.416607
0.66;0.482999;0.63;0.469999;1.0153
0.449999;0.58;0.529999;0.68;0.792076
0.719999;0.979999;0.72;0.979999;-0.174705
0.95;0.46;0.659999;0.23;1.64589
0.219999;0.7;0.435;0.879999;0.300603
0.899999;0.589999;0.918999;0.51;0.054895
0.64;0.773;0.625999;0.619999;0.626644
0.49;0.186999;0.32;0.399999;-0.113485
0.399999;0.399999;0.51;0.32;1.86158
0.31;0.35;0.189999;0.189999;-0.304291
0.219999;0.729999;0.433999;1.0;0.78012
1.0;0.920999;1.0;0.66;0.610729
0.5;0.459;0.449999;0.699999;0.0813178
0.699999;0.57;0.539999;0.27;1.59483
0.28;0.335;0.392;0.56;0.00265455
0.55;0.765;0.538;0.859999;0.160276
0.829999;0.609999;0.924999;0.57;0.445434
0.589999;0.67;0.515;0.359999;0.756731
0.35;0.239999;0.1;0.21;0.355964
0.23;0.72;0.529999;1.0;-0.235606
1.0;0.5;0.64;0.1;0.822427
0.0;0.0;0.22;0.35;0.966885
0.472999;0.613;0.686;0.56;-0.385044
0.557;0.504999;0.283999;0.18;1.08954
0.149999;0.695;0.439999;1.0;0.7809
1.0;0.407;0.543999;0.0;0.858458
0.009999;0.192999;0.384;0.549999;0.302293
0.52;0.37;0.611;0.42;1.36837
0.439999;0.586999;0.481;0.63;0.665709
0.649999;0.57;0.529999;0.539999;-0.0305244
0.509999;0.719999;0.59;0.829999;1.81138
0.82;0.57;0.64;0.229999;-0.466079
0.24;0.27;0.31;0.34;1.6105
0.34;0.28;0.189999;0.21;0.430121
0.219999;0.299999;0.259999;0.6;1.28058
0.579999;0.49;0.34;0.099999;0.124135
0.089999;0.14;0.439999;0.4;0.702407
0.41;0.339999;0.32;0.299999;0.477569
0.31;0.619999;0.549999;0.579999;0.760045
0.599999;0.27;0.27;0.16;1.15151
0.15;0.32;0.487;0.559999;-0.365163
0.579999;0.619999;0.472999;0.74;1.84453
0.74;0.7;0.808999;0.57;0.528904
0.559999;0.38;0.441;0.39;0.000997543
0.37;0.43;0.304;0.439999;0.698664
0.43;0.379999;0.555999;0.49;0.82192
0.489999;0.48;0.13;0.0;1.1011
0.02;0.199999;0.43;0.619999;-0.0327893
0.589999;0.507;0.599999;0.55;0.480681
0.55;0.602999;0.5;0.6;0.199108
0.619999;0.46;0.452;0.219999;1.61272
0.219999;0.396;0.407999;0.579999;-0.0857421
0.59;0.625999;0.32;0.189999;0.781276
0.17;0.148;0.359999;0.63;-0.226996
0.659999;0.531999;0.59;0.409999;1.9141
0.41;0.578;0.52;0.64;0.381397
0.659999;0.609999;0.672999;0.67;0.65306
0.64;0.527;0.627;0.43;0.812038
0.439999;0.863;0.53;0.98;0.53245
0.97;0.564999;0.82;0.379999;0.598415
0.449999;0.545;0.521;0.64;0.792243
0.56;0.399999;0.468999;0.369999;0.431829
0.379999;0.52;0.43;0.36;-0.0412055
0.36;0.247;0.229999;0.259999;0.520756
0.269999;0.232999;0.159999;0.129999;-0.175382
0.1;0.41;0.341;0.8;1.28728
0.829999;0.689999;0.869;0.649999;-0.424168
0.63;0.57;0.6;0.579999;0.387978
0.589999;0.575;0.539999;0.32;-0.154881
0.31;0.515;0.49;0.68;0.114529
0.7;0.461999;0.53;0.37;0.449195
0.369999;0.428;0.339999;0.57;-0.337995
0.56;0.482999;0.58;0.289999;0.468259
0.279999;0.387;0.324999;0.6;0.895353
0.62;0.53;0.515;0.369999;0.737455
0.339999;0.327999;0.5;0.43;-0.367213
0.37;0.422;0.149999;0.149999;1.83288
0.239999;0.14;0.28;0.5;0.174742
0.49;0.479999;0.569;0.399999;1.7292
0.41;0.41;0.0;0.0;-0.495873
0.0;0.0;0.239999;0.329999;1.11196
0.27;0.427;0.539999;0.469999;-0.231017
0.5;0.53;0.41;0.58;1.81138
0.599999;0.629999;0.67;0.609999;0.370719
0.61;0.51;0.549999;0.579999;1.0579
0.579999;0.785999;0.67;0.82;-0.171692
0.839999;0.548;0.784999;0.469999;1.42439
0.359999;0.292;0.105;0.07;0.785317
0.18;0.344;0.379999;0.619999;0.65613
0.6;0.82;0.65;0.88;-0.0364044
0.88;1.0;0.928999;1.0;1.68045
1.0;0.511;0.861;0.34;0.347172
0.399999;0.829;0.529999;0.96;0.182917
0.96;0.479999;0.817;0.449999;0.529309
0.43;0.649999;0.51;0.51;-0.0805446
0.52;0.72;0.436;0.839999;1.20878
0.759999;0.43;0.869999;0.43;0.348537
0.519999;0.519999;0.237;0.18;-0.118993
0.16;0.39;0.43;0.77;0.0224612
0.759999;0.57;0.649999;0.329999;1.48619
0.329999;0.56;0.508;0.85;-0.24325
0.859999;0.839999;0.861999;0.689999;0.85462
0.71;0.517;0.63;0.39;0.12358
0.4;0.363;0.439999;0.589999;0.983109
0.579999;0.659999;0.58;0.55;-0.323159
0.509999;0.49;0.549999;0.549999;1.26735
0.549999;0.89;0.479999;0.98;0.639244
1.0;0.869999;1.0;0.659999;1.10893
0.58;0.42;0.67;0.62;0.774201
0.649999;0.609999;0.41;0.309999;0.0968627
0.299999;0.27;0.18;0.16;1.3844
0.18;0.509999;0.439999;0.93;1.07196
0.89;0.67;0.979999;0.589999;1.17426
0.609999;0.595999;0.609999;0.56;-0.319452
0.56;0.474;0.006;0.07;2.06273
0.049999;0.25;0.526;0.63;-0.471265
0.609999;0.42;0.298;0.389999;1.41066
0.41;0.345999;0.484999;0.44;0.231274
0.439999;0.423999;0.384999;0.129999;1.10587
0.14;0.313;0.43;0.4;0.797989
0.399999;0.427;0.386;0.699999;0.332697
0.69;0.609999;0.564999;0.26;0.897583
0.289999;0.281999;0.485999;0.579999;0.287529
0.579999;0.878;0.593;0.869999;0.854065
0.88;0.55;0.799999;0.5;0.334402
0.469999;0.53;0.5;0.439999;0.617202
0.469999;0.449999;0.39;0.56;0.750133
0.52;0.37;0.329999;0.1;0.986227
0.159999;0.289999;0.39;0.39;-0.207055
0.35;0.546999;0.48;0.56;0.278001
0.539999;0.288;0.39;0.369999;0.662085
0.399999;0.324999;0.0;0.019999;1.1012
0.009999;0.14;0.500999;0.59;0.773927
0.57;0.454;0.39;0.25;0.715014
0.26;0.347999;0.405;0.42;0.313233
0.449999;0.698;0.465;0.829999;1.43275
0.55;0.302;0.534999;0.17;0.624438
0.449999;0.698;0.465;0.829999;0.739714
0.83;0.53;0.78;0.369999;0.512227
0.379999;0.451999;0.439999;0.6;-0.024543
0.6;0.948;0.649999;0.93;1.00013
0.88;0.71;0.447;0.75;0.530269
0.809999;0.68;1.0;0.63;0.744369
0.59;0.63;0.46;0.399999;-0.2888
0.39;0.849999;0.519999;1.0;0.81438
1.0;0.52;0.92;0.24;0.8397
0.23;0.45;0.48;0.589999;-0.0463017
0.609999;0.439999;0.469999;0.51;0.437891
0.5;0.45;0.129999;0.0;0.962945
0.0;0.111999;0.49;0.55;-0.183583
0.57;0.878;0.56;0.96;0.683673
0.939999;0.5;0.829999;0.399999;0.0118337
0.399999;0.705;0.539999;0.75;0.692668
0.75;0.574999;0.585999;0.409999;0.747945
0.42;0.609999;0.495;0.82;-0.228486
0.789999;0.6;0.875;0.57;0.166669
0.579999;0.579999;0.375999;0.42;1.25112
0.43;0.48;0.535;0.66;-0.207941
0.67;0.595999;0.680999;0.57;1.59226
0.56;0.597999;0.561999;0.609999;-0.332556
0.579999;0.446;0.396;0.359999;0.372904
0.369999;0.359999;0.234;0.329999;0.874206
0.33;0.609999;0.74;0.71;1.03709
0.71;0.53;0.309999;0.559999;0.404318
0.599999;0.579999;0.829;0.38;0.432222
0.35;0.539999;0.460999;0.759999;0.347759
0.77;0.549999;0.685;0.377;1.3204
0.497999;0.52;0.499;0.542999;0.0351719
0.421999;0.509999;0.525999;0.53;0.956496
0.51;0.423;0.539999;0.49;0.89676
0.5;0.634;0.46;0.649999;1.03591
0.64;0.473999;0.687;0.509999;0.19848
0.509999;0.643;0.512999;0.57;0.752105
0.57;0.731;0.56;0.73;1.35808
0.769999;0.465;0.579999;0.479999;1.02497
0.45;0.689999;0.589999;0.609999;-0.0887074
0.63;0.35;0.366;0.369999;0.235509
0.359999;0.601999;0.654;0.62;0.200235
0.609999;0.719;0.64;0.729999;1.0678
0.78;0.789;0.78;0.719999;0.788125
0.649999;0.339999;0.399999;0.2;0.00858223
0.21;0.42;0.135999;0.68;1.27245
0.719999;0.536999;0.771;0.576999;-0.430427
0.521999;0.512999;0.463;0.153;1.92913
0.178;0.202;0.38;0.509999;-0.521777
0.509999;0.467999;0.299999;0.18;1.30215
0.18;0.2;0.289999;0.28;0.11061
0.289999;0.32;0.0;0.0;0.933739
0.0;0.0;0.446;0.41;-0.142489
0.38;0.939999;0.533999;1.0;1.29968
1.0;0.789999;1.0;0.7;-0.312168
0.72;0.59;0.628999;0.529999;1.02551
0.519999;0.38;0.081;0.02;-0.197003
0.0;0.009999;0.209999;0.17;1.11573
0.189999;0.539999;0.44;0.909999;0.677755
0.939999;0.52;0.549999;0.079999;0.406005
0.0;0.139999;0.227;0.32;-0.1795
0.48;0.45;0.452999;0.7;0.246742
0.729999;0.549999;0.73;0.46;0.519641
0.44;0.833;0.57;0.78;0.208729
0.82;0.366999;0.619;0.409999;1.10871
0.369999;0.7;0.550999;0.579999;0.00361717
0.589999;0.732999;0.53;0.93;0.464921
0.94;0.576999;0.75;0.44;0.481649
0.439999;0.564;0.579999;0.359999;1.35465
0.35;0.656;0.48;1.0;0.847068
1.0;0.529999;0.882999;0.329999;0.0844977
0.32;0.51;0.278;0.32;0.750752
0.31;0.263999;0.497999;0.62;0.674667
0.64;0.765999;0.651;0.729999;-0.0282356
0.719999;0.64;0.25;0.07;0.975909
0.079999;0.0;0.5;0.579999;0.801708
0.57;0.594999;0.079999;0.0;0.961014
0.009999;0.03;0.359999;0.589999;0.0683001
0.54;0.859999;0.699999;0.89;0.0940434
0.919999;0.469999;0.35;0.0;0.89316
0.0;0.0;0.27;0.359999;0.607821
0.379999;0.5;0.439999;0.64;1.13833
0.65;0.6;0.676;0.43;0.643977
0.399999;0.31;0.0;0.0;0.224184
0.0;0.0;0.23;0.6;0.579204
0.59;0.561;0.705999;0.479999;0.807103
0.489999;0.939;0.614;0.88;0.545218
0.85;0.43;0.869999;0.589999;0.702574
0.6;0.7;0.529;0.57;-0.0576981
0.223999;0.088999;0.109999;0.0;1.08283
0.316;0.641;0.381;0.799999;-0.374398
0.829999;0.479999;0.448999;0.07;1.30492
0.07;0.289999;0.551;0.542999;-0.120691
0.673999;0.66;0.68;0.617;0.832804
0.496;0.279999;0.309999;0.419999;0.432949
0.399999;0.859999;0.63;0.9;-0.103993
0.899999;0.46;0.57;0.219999;1.63096
0.25;0.456;0.399999;0.619999;0.0280223
0.57;0.411999;0.594;0.469999;0.752558
0.51;0.481999;0.082;0.0;0.127228
0.0;0.03;0.454;0.51;1.4224
0.489999;0.622999;0.421999;0.5;-0.40964
0.5;0.5;0.497999;0.559999;0.812032
0.57;0.467;0.71;0.55;0.800379
0.55;0.779999;0.55;0.949999;-0.273288
0.702999;0.69;0.702999;0.62;0.637569
0.5;0.449999;0.157;0.0;-0.20657
0.5;0.113;0.192999;0.199999;1.76172
0.0;0.217;0.502;0.759999;-0.623248
1.0;0.782999;0.667;0.64;0.369083
0.327;0.447;0.517999;0.26;0.782999
0.239999;0.219999;0.49;0.519999;0.235572
0.53;0.530999;0.511;0.55;0.264736
0.539999;0.478999;0.195;0.18;0.577839
0.17;0.2;0.384;0.509999;0.249015
0.52;0.561;0.568999;0.57;0.276934
0.599999;0.680999;0.611;0.56;0.596806
0.56;0.667999;0.689999;0.629999;-0.226063
0.6;0.32;0.369999;0.259999;1.51484
0.259999;0.39;0.42;0.44;-0.112877
0.439999;0.65;0.41;0.82;0.489142
0.85;0.579999;0.573999;0.239999;0.688263
0.219999;0.229999;0.396;0.53;0.514766
0.55;0.612;0.656999;0.64;1.24777
0.619999;0.536;0.483;0.3;0.699403
0.32;0.711999;0.46;0.949999;0.0748566
0.92;0.63;0.918999;0.59;0.708147
0.619999;0.49;0.551;0.39;0.634678
0.37;0.823999;0.519999;0.989999;1.38211
1.0;0.576;0.88;0.49;-0.476334
0.449999;0.449999;0.389;0.289999;0.333833
0.0;0.303;0.010999;0.02;0.323819
0.369999;0.0;0.316;0.309999;1.05359
0.31;0.710999;0.448;0.58;-0.13491
0.579999;0.548999;0.595999;0.799999;0.9519
0.759999;0.46;0.5;0.219999;0.297304
0.219999;0.417999;0.52;0.71;0.969549
0.75;0.871;0.769999;0.789999;-0.0394442
0.79;0.430999;0.56;0.32;0.328802
0.319999;0.503999;0.52;0.67;1.48396
0.66;0.426;0.384999;0.35;-0.00850642
0.35;0.640999;0.644999;0.67;0.0173113
0.67;0.386;0.45;0.439999;1.38512
0.439999;0.787999;0.649999;0.769999;-0.235421
0.78;0.554;0.77;0.54;0.503459
0.53;0.932;0.519999;0.989999;0.884648
1.0;0.536999;0.879;0.35;-0.31263
0.349999;0.391999;0.390999;0.39;1.04584
0.39;0.54;0.439999;0.719999;0.13537
0.69;0.629999;0.71;0.41;0.804707
0.409999;0.37;0.39;0.539999;0.337916
0.579999;0.611999;0.447;0.619999;-0.164513
0.62;0.618;0.823;0.66;1.75184
0.629999;0.549999;0.445;0.309999;-0.267653
0.31;0.25;0.0;0.0;0.878986
0.0;0.03;0.449;0.66;0.20588
0.7;0.48;0.326;0.219999;0.671854
0.21;0.440999;0.454999;0.629999;0.367027
0.639999;0.728999;0.71;0.8;0.0894806
0.79;0.497;0.359999;0.049999;0.29484
0.059999;0.225;0.549999;0.6;0.595417
0.609999;0.718;0.445;0.789999;-0.00246847
0.783999;0.489999;0.798999;0.41;0.519731
0.386;0.44;0.465;0.509999;-0.296468
0.53;0.693999;0.503;0.43;0.186186
0.42;0.487;0.417999;0.759999;-0.107605
0.769999;0.499;0.699999;0.49;1.42756
0.49;0.622;0.539;0.53;0.291949
0.539999;0.397999;0.371;0.199999;0.421327
0.21;0.58;0.472999;0.87;0.157177
0.829999;0.519999;0.707;0.339999;1.60403
0.359999;0.78;0.509999;0.969999;-0.378985
0.969999;0.539999;0.89;0.43;1.00519
0.43;0.512;0.42;0.44;-0.33148
0.43;0.671999;0.52;0.829999;1.9484
0.849999;0.61;0.829999;0.609999;-0.409932
0.62;0.558999;0.598999;0.6;1.71443
0.579999;0.586999;0.420999;0.49;-0.595794
0.479999;0.4;0.399;0.299999;1.08287
0.289999;0.483999;0.561;0.579999;-0.304467
0.6;0.406;0.478;0.41;0.340798
0.42;0.719999;0.491999;0.789999;0.226395
0.805;0.494999;0.705;0.439999;0.519355
0.423999;0.481;0.234999;0.19;0.115826
0.191;0.193999;0.225999;0.369999;0.57691
0.339999;0.34;0.567999;0.43;-0.315873
0.45;0.43;0.066;0.019999;1.84189
0.019999;0.21;0.489999;0.64;0.0716797
0.64;0.551;0.35;0.26;1.48896
0.26;0.178999;0.42;0.479999;-0.13381
0.489999;0.55;0.479999;0.46;1.11493
0.47;0.589999;0.53;0.45;-0.10543
0.43;0.469999;0.51;0.57;0.520178
0.559999;0.505;0.559999;0.619999;1.25553
0.63;0.465;0.428;0.509999;-0.508533
0.509999;0.532999;0.68;0.539999;0.274008
0.53;1.0;0.561999;1.0;0.205447
1.0;0.55;1.0;0.519999;0.861099
0.519999;0.600999;0.439999;0.38;-0.385777
0.399999;0.298999;0.45;0.509999;0.847884
0.5;0.619999;0.549999;0.6;0.152137
0.58;0.75;0.39;0.829999;1.06718
0.829999;0.52;0.859999;0.41;-0.435896
0.399999;0.469999;0.48;0.479999;1.36597
0.5;0.439999;0.43;0.46;-0.101668
0.479999;0.539999;0.629999;0.609999;0.178193
0.58;0.51;0.34;0.339999;-0.0615695
0.329999;0.32;0.07;0.0;0.0813953
0.0;0.052999;0.299999;0.349999;0.773432
0.329999;0.347;0.48;0.52;0.741514
0.53;0.508899;0.488;0.53;0.303938
0.539999;0.5511;0.372;0.24;0.214945
0.23;0.318999;0.467999;0.644999;0.213053
0.519999;0.89;0.542;0.875;1.62649
0.5;0.551;0.5;0.52;-0.246487
1.0;0.43;0.91;0.449999;0.727453
0.44;0.46;0.18;0.109999;0.246509
0.129999;0.18;0.489999;0.539999;1.07048
0.539999;0.609999;0.539999;0.65;0.0619701
0.63;0.719999;0.42;0.699999;0.586029
0.719999;0.619999;0.89;0.63;1.10381
0.64;0.712;0.619999;0.619999;0.457098
0.57;0.438;0.571;0.469999;1.20408
0.52;0.529999;0.501999;0.48;0.315868
0.46;0.4;0.227;0.199999;0.748386
0.209999;0.329999;0.487;0.61;0.585522
0.63;0.57;0.595999;0.509999;-0.0239708
0.469999;0.369999;0.399;0.439999;1.6017
0.469999;0.98;0.607999;0.96;-0.338555
0.95;0.46;0.686;0.32;0.920155
0.299999;0.5;0.564;0.509999;0.0999532
0.52;0.568999;0.46;0.53;0.8706
0.589999;0.373;0.539999;0.549999;-0.0381329
0.49;0.606999;0.593;0.59;0.556072
0.609999;0.470999;0.530999;0.52;-0.112749
0.52;0.81;0.57;0.799999;1.63783
0.789999;0.479999;0.701999;0.42;0.295421
0.439999;0.43;0.091999;0.109999;1.20172
0.1;0.25;0.522;0.619999;0.0180862
0.6;0.48;0.497999;0.41;0.876065
0.42;0.478;0.561999;0.5;-0.0436851
0.5;0.841999;0.51;0.859999;1.4923
0.567;0.43;0.567;0.259999;0.0941834
0.518;0.225;0.363;0.329999;0.720443
0.344999;0.484999;0.308;0.6;-0.33247
0.599999;0.699999;0.771999;0.6;0.774302
0.63;0.73;0.589999;0.78;0.63267
0.77;0.609999;0.82;0.549999;1.06682
0.539999;0.469999;0.47;0.57;-0.461385
0.579999;0.799999;0.639999;0.7;1.24262
0.689999;0.56;0.7;0.579999;0.588169
0.59;0.463999;0.38;0.5;0.166219
0.479999;0.736;0.699999;0.769999;0.229456
0.76;0.529999;0.4;0.15;1.23164
0.18;0.3;0.459999;0.39;-0.386731
0.409999;0.339999;0.359999;0.609999;0.589051
0.6;0.58;0.65;0.609999;0.988778
0.619999;0.589999;0.539999;0.439999;0.20711
0.41;0.32;0.369999;0.469999;1.18903
0.5;0.71;0.5;0.73;-0.0808247
0.689999;0.689;0.84;0.589999;1.73156
0.619999;0.591;0.339999;0.67;0.307497
0.67;0.539999;0.859999;0.38;0.660839
0.359999;0.35;0.439;0.439999;0.358828
0.45;0.68;0.420999;0.49;0.825205
0.509999;0.299999;0.52;0.549999;0.723787
0.539999;0.689999;0.566;0.7;0.286242
0.67;0.52;0.613999;0.419999;0.79387
0.46;0.494999;0.5;0.53;0.391503
0.509999;0.628;0.579999;0.67;0.299307
0.68;0.497;0.31;0.159999;0.91221
0.149999;0.39;0.49;0.67;0.508919
0.66;0.46;0.689999;0.55;-0.157479
0.539999;0.609999;0.345999;0.57;0.794949
0.59;0.56;0.734;0.619999;0.563159
0.629999;0.609999;0.605;0.6;-0.0916042
0.66;0.729999;0.523999;0.64;0.72002
0.57;0.41;0.418;0.239999;0.0701151
0.25;0.351999;0.509;0.48;1.04115
0.46;0.488;0.372999;0.43;0.773444
0.449999;0.445;0.454999;0.359999;0.285935
0.35;0.655;0.442;0.92;0.66156
0.92;0.5;0.783999;0.28;0.619467
0.28;0.463999;0.49;0.599999;0.681599
0.589999;0.416;0.17;0.39;0.084447
0.39;0.43;0.64;0.469999;0.516077
0.469999;0.43;0.367999;0.35;0.652375
0.359999;0.619999;0.602;0.75;0.269829
0.74;0.48;0.5;0.289999;0.771322
0.299999;0.5;0.509999;0.63;0.282117
0.609999;0.489999;0.219999;0.1;0.198387
0.1;0.27;0.57;0.75;0.0681481
0.77;0.732999;0.759999;0.71;1.57555
