<OPEN>;<HIGH>;<LOW>;<CLOSE>;(predicted -> )<LOW>
1.0;1.0;1.0;1.0;0.774439
1.0;1.0;1.0;1.0;-0.090773
1.0;1.0;1.0;1.0;0.782131
1.0;1.0;1.0;1.0;1.14727
0.0;0.0;0.0;0.0;1.29539
0.0;0.0;0.0;0.0;0.506305
0.0;0.0;0.0;0.0;0.833758
0.0;0.0;0.0;0.0;1.32119
0.5;0.5;0.5;0.5;1.44793
0.0;0.0;0.0;0.0;1.22921
0.519;0.519;0.519;0.519;1.30809
0.494;0.494;0.494;0.494;0.590487
1.0;1.0;1.0;1.0;0.65801
1.0;1.0;1.0;1.0;1.4884
1.0;1.0;1.0;1.0;1.26243
0.0;0.0;0.0;0.0;1.12692
0.0;0.0;0.0;0.0;1.12134
0.622;0.622;0.622;0.622;0.653752
0.822999;0.822999;0.822999;0.822999;1.3192
0.268;0.268;0.268;0.268;1.37854
0.669;0.669;0.669;0.669;0.729393
0.442;0.442;0.442;0.442;0.794276
0.762;0.762;0.762;0.762;1.09532
0.597;0.597;0.597;0.597;1.9961
0.262999;0.262999;0.262999;0.262999;1.6182
0.577999;0.577999;0.577999;0.577999;0.134094
1.0;1.0;1.0;1.0;0.895785
0.689999;0.689999;0.689999;0.689999;1.50899
0.513;0.513;0.513;0.513;1.20648
0.015;0.015;0.015;0.015;1.0326
0.123999;0.123999;0.123999;0.123999;0.597863
0.0;0.0;0.0;0.0;1.84638
1.0;1.0;1.0;1.0;2.41196
1.0;1.0;1.0;1.0;0.569971
1.0;1.0;1.0;1.0;1.72709
0.0;0.0;0.0;0.0;1.98974
0.0;0.0;0.0;0.0;0.69428
0.173;0.173;0.173;0.173;1.06549
0.696999;0.696999;0.696999;0.696999;0.321229
0.289;0.289;0.289;0.289;1.18767
0.544;0.544;0.544;0.544;2.06715
0.334999;0.334999;0.334999;0.334999;0.248991
0.268;0.268;0.268;0.268;0.952243
0.555;0.555;0.555;0.555;0.819274
0.089999;0.089999;0.089999;0.089999;0.82676
0.0;0.0;0.0;0.0;1.78658
0.029;0.029;0.029;0.029;-0.306369
0.312999;0.312999;0.312999;0.312999;-0.968547
1.0;1.0;1.0;1.0;0.139149
0.5;0.5;0.5;0.5;0.0542302
0.215;0.215;0.215;0.215;1.06442
0.891999;0.891999;0.891999;0.891999;0.201892
0.508;0.508;0.508;0.508;-0.0638824
1.0;1.0;1.0;1.0;2.24713
0.658999;0.658999;0.658999;0.658999;1.30027
1.0;1.0;1.0;1.0;0.964489
0.257999;0.257999;0.257999;0.257999;1.58822
0.486999;0.486999;0.486999;0.486999;0.962572
0.0;0.0;0.0;0.0;0.878065
0.333;0.333;0.333;0.333;0.381564
1.0;1.0;1.0;1.0;1.17891
0.265;0.265;0.265;0.265;0.255852
0.440999;0.440999;0.440999;0.440999;0.835933
0.63;0.63;0.63;0.63;1.51073
0.498999;0.498999;0.498999;0.498999;2.4846
1.0;1.0;1.0;1.0;1.66296
0.967;0.967;0.967;0.967;1.46548
1.0;1.0;1.0;1.0;1.26674
1.0;1.0;1.0;1.0;2.0691
1.0;1.0;1.0;1.0;2.11446
0.309999;0.309999;0.309999;0.309999;1.49457
0.402;0.402;0.402;0.402;-0.351129
0.245999;0.245999;0.245999;0.245999;1.2954
1.0;1.0;1.0;1.0;1.25426
0.942;0.942;0.942;0.942;0.894292
0.646;0.646;0.646;0.646;0.599496
0.87;0.87;0.87;0.87;0.635387
0.739999;0.739999;0.739999;0.739999;0.792574
0.292;0.292;0.292;0.292;1.21444
0.509999;0.509999;0.509999;0.509999;0.630032
0.0;0.0;0.0;0.0;0.190147
0.0;0.0;0.0;0.0;1.10114
0.163999;0.163999;0.163999;0.163999;1.4677
0.056;0.056;0.056;0.056;1.79872
1.0;1.0;1.0;1.0;0.982656
0.369;0.369;0.369;0.369;0.724383
0.332;0.332;0.332;0.332;0.385113
0.0;0.0;0.0;0.0;1.23075
0.5;0.5;0.5;0.5;1.00068
0.5;0.5;0.5;0.5;0.8491
0.5;0.5;0.5;0.5;-0.94278
0.5;0.5;0.5;0.5;2.10511
0.5;0.5;0.5;0.5;2.34634
0.5;0.5;0.5;0.5;0.770478
0.5;0.5;0.5;0.5;0.79081
0.5;0.5;0.5;0.5;1.17657
0.5;0.5;0.5;0.5;1.96951
0.5;0.5;0.5;0.5;0.792982
0.5;0.5;0.5;0.5;0.0131
0.5;0.5;0.5;0.5;1.50326
0.5;0.5;0.5;0.5;0.697037
0.5;0.5;0.5;0.5;1.21232
0.5;0.5;0.5;0.5;0.559675
1.0;1.0;1.0;1.0;0.546484
0.3226;0.3018;0.3226;0.2997;0.55215
0.483999;0.483999;0.483999;0.493099;-0.308837
0.080999;0.080999;0.080999;0.080999;0.837832
0.6907;0.6907;0.6907;0.6907;1.45853
0.4021;0.4021;0.4021;0.4021;-0.0665974
0.6398;0.6398;0.6398;0.6398;-0.01239
0.523099;0.523099;0.523099;0.523099;1.39657
0.459299;0.459299;0.459299;0.459299;2.27739
0.442;0.442;0.442;0.442;1.4157
0.503499;0.503499;0.503499;0.503499;-0.510938
0.2972;0.2972;0.2972;0.2972;1.23853
0.4756;0.4756;0.4756;0.4756;1.64422
0.6336;0.6336;0.6336;0.6336;0.666149
0.468599;0.468599;0.468599;0.468599;-0.110416
0.5286;0.6026;0.4726;0.5306;-0.527064
0.2769;0.2029;0.3329;0.274899;-0.141273
0.6033;0.6033;0.6033;0.6033;1.2043
0.392099;0.392099;0.392099;0.392099;0.798874
0.1263;0.1263;0.1263;0.1263;1.75266
0.275199;0.275199;0.275199;0.275199;0.61795
0.4282;0.4282;0.4282;0.4282;0.175755
0.4953;0.4953;0.4953;0.4953;0.717961
0.6645;0.6645;0.6645;0.6645;-0.816182
0.3964;0.3964;0.3964;0.3964;-0.693132
0.421099;0.421099;0.421099;0.421099;-0.389252
0.6291;0.6291;0.6291;0.6291;0.0594724
0.472799;0.472799;0.472799;0.472799;1.06695
0.6168;0.6168;0.6168;0.6168;0.178732
0.492599;0.492599;0.492599;0.492599;1.24577
0.525099;0.525099;0.525099;0.525099;-0.216095
0.486;0.486;0.486;0.486;0.43474
0.6226;0.6226;0.6226;0.6226;0.0995536
0.451999;0.451999;0.451999;0.451999;0.782822
0.6442;0.6442;0.6442;0.6442;0.587519
0.091899;0.091899;0.091899;0.091899;-0.375802
0.910399;0.910399;0.910399;0.910399;1.19351
0.9116;0.9116;0.9116;0.9116;-0.252159
1.0;1.0;1.0;1.0;-0.252987
0.216;0.216;0.216;0.216;0.117092
0.438599;0.7135;0.4025;0.7014;0.332354
0.7494;0.793799;0.785499;0.793499;1.49147
0.782399;1.0;0.782399;1.0;0.0823695
1.0;1.0;1.0;0.0;0.349294
1.0;0.450599;0.4004;1.0;0.268184
0.0;0.0;0.0;0.0;0.432592
0.0;0.0;0.132;0.0;-0.84538
0.068699;0.5499;0.2207;1.0;-0.725241
1.0;1.0;1.0;1.0;1.17883
1.0;0.0;1.0;0.0;1.1921
1.0;1.0;1.0;0.8767;0.772517
0.2071;0.375;0.277999;0.549299;-1.56859
0.5909;0.509;0.655;0.173;-0.00665897
0.728999;0.509;0.739;1.0;0.977038
0.459;0.459;0.459;0.459;0.442668
0.402999;0.402999;0.402999;0.402999;-0.47961
0.108;0.108;0.108;0.108;-0.0483554
0.553999;0.553999;0.553999;0.553999;0.595849
0.0;0.0;0.0;0.0;0.816276
0.441999;0.441999;0.441999;0.441999;-0.271581
0.0;0.0;0.0;0.0;-0.695289
0.495;0.495;0.495;0.495;0.144659
0.288999;0.288999;0.288999;0.288999;1.45877
0.535;0.535;0.535;0.535;0.224872
0.601;0.601;0.601;0.601;-0.552715
0.0;0.0;0.0;0.0;-0.837723
0.702999;0.702999;0.702999;0.702999;0.162195
0.433;0.433;0.433;0.433;0.725504
0.111;0.111;0.111;0.111;0.386478
0.913999;0.913999;0.913999;0.913999;0.810288
0.594;0.594;0.594;0.594;-0.116475
0.565;0.565;0.565;0.565;-1.06202
0.518;0.518;0.518;0.518;-0.505466
0.241;0.241;0.241;0.241;-0.00927263
0.781199;0.781199;0.781199;0.781199;-0.773967
0.425799;0.425799;0.425799;0.425799;-0.348015
0.424;0.424;0.424;0.424;0.222282
1.0;1.0;1.0;1.0;0.938346
0.729499;0.729499;0.729499;0.729499;-0.37475
0.2615;0.2615;0.2615;0.2615;-1.91699
0.0;0.0;0.0;0.0;-1.46235
0.485;0.485;0.485;0.485;-0.614722
0.7134;0.7134;0.7134;0.7134;-0.183399
0.4376;0.4376;0.4376;0.4376;-0.958477
0.326999;0.326999;0.326999;0.326999;-0.0190776
0.353899;0.353899;0.353899;0.353899;-0.32982
0.1731;0.1731;0.1731;0.1731;-0.856824
0.3686;0.3686;0.3686;0.3686;-0.584603
0.476399;0.476399;0.476399;0.476399;0.258874
0.6931;0.6931;0.6931;0.6931;0.827836
0.5959;0.759899;0.5029;0.533899;0.238048
0.3447;0.1807;0.4377;0.4067;-1.24358
0.0013;0.0013;0.0013;0.0013;-0.227864
0.6509;0.8441;0.572599;0.7028;-0.768037
0.603199;0.521899;0.4485;0.410999;-0.0760507
0.6011;0.4905;0.526699;0.2932;-1.2472
0.2149;0.461599;0.5223;0.721999;0.0964184
0.9895;0.8249;0.6617;0.6056;1.10001
0.189599;0.270199;0.4878;0.401399;1.26431
0.603999;0.5501;0.633599;0.663;0.506883
0.5491;0.480499;0.4388;0.401699;0.307991
0.3033;0.376899;0.3587;0.4123;1.44187
0.6096;0.5133;0.364599;0.224;0.757774
0.180899;0.459;0.4573;0.513999;-0.482083
0.3499;0.3591;0.3734;0.487;0.329866
0.7696;0.505199;0.474999;0.416999;-0.050832
0.3352;0.412199;0.498;0.718;-0.772307
0.607299;0.4944;0.472;0.228;-0.484822
0.3823;0.439499;0.612099;0.778399;1.11079
0.680099;0.8378;0.6519;0.7374;1.12865
0.515899;0.410699;0.5668;0.393;1.25186
0.4147;0.312799;0.218999;0.1582;-0.110368
0.334;0.4993;0.4649;0.518799;0.683786
0.5762;0.407;0.266999;0.3061;1.30624
0.1316;0.4037;0.5304;0.7745;-0.555057
0.822099;0.587299;0.4259;0.4316;0.929808
0.4737;0.452099;0.805899;0.44;0.0639994
0.481999;0.5699;0.4673;0.5717;0.828885
0.347;0.513999;0.387699;0.437199;1.48085
0.579099;0.342;0.3404;0.4091;-0.764869
0.3281;0.349;0.157499;0.403099;-0.665117
0.452299;0.4862;0.8172;0.5931;0.0431139
0.5102;0.503299;0.5;0.5058;0.775274
0.5815;0.5528;0.591;0.4895;1.27436
0.447899;0.441599;0.4845;0.4732;0.663366
0.3099;0.3609;0.079899;0.307299;0.870173
0.8855;1.0;1.0;1.0;0.964775
0.867799;0.5372;0.888999;0.679;1.30479
0.606999;0.606999;0.606999;0.606999;0.615164
0.4588;0.578399;0.4588;0.337;1.42685
0.5468;0.9066;0.5468;0.9831;1.39297
0.814499;0.4428;0.156399;0.0;1.17384
0.4566;0.526399;1.0;1.0;0.853642
0.552099;0.5329;0.638;0.629799;0.58602
0.616799;0.552699;0.563099;0.475;1.12497
0.4511;0.3933;0.4457;0.4239;1.71609
0.4845;0.516999;0.494699;0.622199;2.00856
0.6321;0.914;0.681;0.7239;1.84581
0.878699;0.6017;0.739799;0.533;1.33066
0.41;0.802699;0.5195;0.867;0.944905
0.8227;1.0;0.716999;0.594999;-0.214065
0.745799;0.0;0.8809;0.684999;0.615158
0.5636;0.4397;0.0;0.1059;0.130533
0.062;0.055599;0.8481;0.3001;0.585954
0.6205;0.8644;0.6949;0.430999;-0.108246
0.308899;0.069;0.295999;0.5821;0.243222
0.3736;0.347999;0.1079;0.0249;1.37991
0.2315;0.209;0.0;0.526199;1.02089
0.3619;0.7577;0.8944;0.951699;-1.07005
0.911299;0.8889;0.599399;0.053;-0.881196
0.666;0.3765;0.1171;0.574099;0.474997
0.0;0.0555;0.882999;0.312;0.0793595
0.7195;0.498799;0.5577;0.535;0.418024
0.358;0.3594;0.0;0.338;-0.340481
0.443199;0.533199;1.0;0.863799;0.298261
0.5885;0.528;0.4779;0.4088;0.531109
0.5347;1.0;0.644199;0.877399;-0.699327
0.9097;0.650099;0.9108;1.0;0.257849
1.0;0.9506;1.0;0.9654;1.58076
0.9922;0.6113;0.967199;0.145199;1.52237
0.3553;0.1449;0.3303;0.634;0.420581
0.4206;0.4834;0.3504;0.398299;-1.13549
0.505199;0.6006;0.581399;0.5179;0.418897
0.520299;0.409299;0.4184;0.2008;1.48674
0.2636;0.4767;0.105799;0.052999;0.767129
0.173;0.0;0.2515;0.7753;-0.405834
0.564499;0.5383;0.4001;0.2501;0.360693
0.079;0.1615;0.320499;0.113599;1.0129
0.608499;0.7564;0.7058;0.597;1.44895
0.418099;0.306999;0.396999;0.547;0.346081
0.5817;0.632;0.6157;0.379;0.218062
0.3643;0.418899;0.4022;0.584999;2.22549
0.7192;0.5912;0.7192;0.9047;0.789477
0.424499;0.4169;0.287399;0.0;0.421583
0.6022;0.561199;0.6606;0.9583;-0.0479769
0.3953;0.3904;0.390499;0.1707;0.511088
0.238099;0.367599;0.296399;0.495999;0.360121
0.7634;0.7118;0.6778;0.9308;-1.17519
0.651399;0.847;0.7622;0.4312;1.21593
0.805099;0.997;0.805099;0.975999;1.47845
0.698499;0.741599;0.548;1.0;0.917881
0.9855;0.5913;0.267199;0.2281;1.03483
0.561399;0.409099;1.0;0.498;0.0217904
0.3506;0.4366;0.5837;0.547999;1.01231
0.5468;0.474699;0.4314;0.5558;0.883471
0.279;0.3597;0.0;0.2332;-0.175382
0.540599;0.6733;1.0;0.745999;1.80171
0.8453;0.616399;0.6749;0.698399;1.48336
0.4323;0.548;0.0;0.4206;0.463541
0.6754;0.909399;1.0;0.95;0.11095
0.826599;0.4741;0.646599;0.572999;0.680216
0.2424;0.4858;0.0;0.4512;0.958123
0.5117;0.9188;1.0;0.0;0.910785
0.351899;0.0;0.1663;0.641999;-0.0123572
0.5246;0.369899;0.504199;0.12;1.50714
0.5274;0.485099;0.3868;0.691099;2.50527
0.1035;0.1113;0.3194;0.0569;1.18186
0.2328;0.7475;0.505099;0.727;1.05872
0.6855;0.4204;0.6855;0.8751;-0.271161
0.675799;0.566799;0.4194;0.4133;1.39545
0.1704;0.604;0.4268;0.5213;1.03136
0.782399;0.539999;0.782399;0.578699;1.13949
0.5946;0.2893;0.526199;0.2276;1.6613
0.4527;0.515699;0.4318;0.672499;0.759088
0.2006;0.728999;0.279199;0.352999;0.249233
0.641999;0.0767;0.476199;0.1485;1.11552
0.3294;0.298699;0.4282;0.737199;1.62566
0.4773;0.5522;0.5473;0.6019;2.42777
0.5732;0.570399;0.559799;0.1849;0.736227
0.4553;0.4933;0.3835;0.689399;1.07147
0.434799;0.350399;0.4161;0.407299;0.923653
0.478;0.4981;0.5671;0.556799;1.70437
0.472999;0.831199;0.4955;0.812;1.16983
0.8171;0.4835;0.625799;0.0;1.37173
0.2803;0.2165;0.3982;0.575999;1.56063
0.4757;0.783999;0.549099;0.646;1.88321
0.612099;0.3441;0.506499;0.588799;0.901272
0.3712;0.2972;0.186199;0.0;0.192453
0.314299;0.518699;0.5059;0.922999;-0.337053
0.470099;0.387;0.0;0.2985;0.878253
0.3077;0.403499;1.0;0.4472;0.399484
0.5011;0.5161;0.4864;0.365299;-0.650484
0.666399;0.727399;0.724399;0.417;0.614839
0.4307;0.2373;0.3947;0.692399;1.59591
0.357299;0.426199;0.460899;0.5581;1.21102
0.6028;1.0;0.6028;1.0;0.0360001
1.0;0.7532;1.0;0.4733;-0.606666
0.6505;0.489999;0.6505;0.656099;0.07657
0.571099;0.468;0.240499;0.1081;1.71892
0.294499;0.2222;0.4824;0.588899;0.196757
0.1181;0.3767;0.2608;0.1226;-0.28774
0.747799;0.485299;0.459199;0.596699;0.823157
0.2302;0.2604;0.390799;0.494;0.37589
0.537;0.690899;0.6429;0.6273;0.501512
0.670099;0.6796;0.4376;0.318899;0.893693
0.2815;0.1169;0.4148;0.5059;-0.802348
0.4952;0.5688;0.6261;0.530999;1.32185
0.499399;0.4262;0.4316;0.430199;0.233089
0.5248;0.647499;0.5212;0.7167;0.551774
0.616;0.5775;0.6408;0.5183;0.128152
0.5257;0.698499;0.5627;0.787099;-0.816471
0.804599;0.7004;0.804599;0.504999;0.555374
0.5396;0.5941;0.5396;0.6171;1.05441
0.6558;0.407399;0.5778;0.3576;0.950607
0.450499;0.476199;0.5285;0.598599;0.931116
0.4828;0.559;0.4828;0.5572;-0.718091
0.767099;1.0;0.767099;0.9544;-1.21424
0.8624;0.735099;0.783899;0.5363;-0.560574
0.4221;0.5221;0.4635;0.706399;0.681211
0.588999;0.2789;0.0;0.399899;0.0371386
0.4596;1.0;1.0;1.0;1.12039
1.0;1.0;1.0;0.811799;-0.765307
1.0;0.171299;0.392599;0.8559;0.313853
0.565299;0.238399;1.0;0.348499;1.02681
0.3273;0.2791;0.095299;0.0731;-0.134973
0.1235;0.2272;0.4331;0.4855;0.00441858
0.497;0.384;0.575999;0.523;-1.00725
0.2478;0.491199;0.2658;0.509399;0.0133623
0.625699;0.497799;0.5517;0.415399;2.00192
0.6953;0.5919;0.421499;0.3903;-0.494037
0.1207;0.146599;0.3373;0.2783;-1.09834
0.5566;0.582699;0.528599;0.550599;-1.18551
0.3521;0.424499;0.5113;0.4917;0.222837
0.492899;0.4458;0.172699;0.1494;0.827264
0.1076;0.077899;0.1754;0.165599;0.643279
0.3492;0.414999;0.529499;0.5187;0.25702
0.263299;0.2573;0.1961;0.362299;0.732492
0.4211;0.6121;0.5604;0.7321;0.281035
0.6938;0.913699;0.539299;0.882099;-0.0685763
1.0;0.668199;0.8583;0.1834;0.112127
0.2843;0.1522;0.4435;0.495099;-1.30082
0.446899;0.7221;0.5916;0.7705;-0.00332707
0.706299;0.555399;0.7073;0.540099;0.986539
0.6098;0.5042;0.381;0.389199;0.594216
0.2392;0.399;0.5008;0.614;0.830429
0.7391;0.584599;0.432199;0.2239;0.384362
0.148299;0.2648;0.404;0.6211;0.607513
0.5654;0.560299;0.5788;0.582099;-0.11809
0.6556;0.8119;0.6934;0.5629;-0.605072
0.666499;0.3808;0.6015;0.5518;0.134679
0.49;0.504;0.507999;0.559999;0.963299
0.632899;1.0;0.6799;1.0;0.999587
0.919699;0.495799;0.764199;0.2998;0.12701
0.369;0.332899;0.062599;0.1555;1.33169
0.0405;0.0849;0.099;0.005299;0.85124
0.0;0.0;0.0;0.2019;-0.301738
0.738699;0.6736;0.643599;0.432499;1.09356
0.595;0.305399;0.4695;0.5448;0.158425
0.553999;0.6352;0.4224;0.305199;-0.295739
0.1582;0.172699;0.4595;0.489899;-1.21632
0.3306;0.4098;0.381499;0.430099;0.458037
0.4923;0.3743;0.4055;0.3333;1.1587
0.483699;0.4894;0.465799;0.521899;1.22794
0.6448;0.6828;0.6702;0.7885;-0.326915
0.6059;0.4737;0.456;0.4116;1.25938
0.360999;0.6267;0.590199;0.527899;0.270178
0.4707;0.292999;0.4193;0.4357;1.34297
0.581199;0.5986;0.56;0.5871;0.336244
0.5102;0.550999;0.523699;0.526;0.649675
0.5062;0.4192;0.5119;0.388999;0.586705
0.529199;0.469999;0.582599;0.594799;0.655263
0.5053;0.5649;0.4514;0.4365;1.13124
0.114799;0.163999;0.1687;0.2669;0.627368
0.588999;0.7473;0.571999;0.707599;-1.0217
0.8481;0.5838;0.7059;0.576899;-0.41746
0.575199;0.6036;0.4581;0.3884;0.320308
0.1372;0.189599;0.3674;0.3413;1.0191
0.2557;0.268999;0.1509;0.2145;1.28346
0.4483;0.8207;0.5992;0.996399;0.778352
0.931999;0.5154;0.8059;0.4638;1.37859
0.3692;0.5912;0.448499;0.544999;0.677099
0.656799;0.4051;0.581;0.5115;0.453858
0.6724;0.8203;0.710699;0.369199;-0.142254
0.461499;0.371099;0.3516;0.312999;0.989174
0.2877;0.315999;0.4131;0.7775;-0.0663441
0.4465;0.569;0.5153;0.4626;1.22267
0.663;0.642999;0.559;0.4513;1.33236
0.406399;0.265;0.314999;0.337899;0.634955
0.3558;0.3344;0.4543;0.4182;1.0591
0.392599;0.5443;0.4875;0.6082;1.05788
0.8249;0.9513;0.8269;0.796299;1.00393
0.384799;0.072599;0.2303;0.0;1.63316
0.062799;0.2291;0.116399;0.062;0.795551
0.465299;0.377299;0.4542;0.8004;1.19724
0.3959;0.4725;0.507899;0.523599;0.585454
0.4877;0.338;0.0512;0.0;0.297164
0.0;0.087499;0.235599;0.6433;1.77933
0.555599;0.422;0.3073;0.0;1.51495
0.1745;0.1479;0.3138;0.7637;0.689806
0.493099;0.4742;0.6173;0.556899;0.801491
0.6592;0.6052;0.420299;0.1684;1.03772
0.002199;0.2925;0.0;0.190299;1.13548
0.3064;0.108699;0.9308;0.3947;0.558453
0.459;0.6187;0.654499;0.8178;0.230582
0.7466;0.5966;0.5527;0.417199;1.24625
0.404199;0.4438;0.591;0.7169;1.56079
0.7639;0.8124;0.747599;0.6889;0.185882
0.3426;0.481999;0.213699;0.241799;0.819888
0.4514;0.306999;0.5275;0.6454;0.490372
0.9229;0.7432;0.7325;0.532999;1.08146
0.213299;0.2728;0.245;0.239;-0.0107717
0.3022;0.2878;0.3627;0.368;-0.337092
0.4421;0.488199;0.5261;0.5717;0.645201
0.4176;0.489999;0.0122;0.471699;1.25307
0.5703;0.6072;0.923999;0.7312;0.933068
0.6644;0.998799;0.8199;0.5656;0.438793
0.593399;0.177199;0.524799;0.604799;-0.500865
0.413899;0.4514;0.379799;0.4457;0.705795
0.744;1.0;0.8455;1.0;0.966241
0.8298;0.4389;0.8;0.4239;0.120224
0.5046;0.818999;0.535599;0.559799;-0.883968
0.627399;0.491;0.5762;0.476199;1.87957
0.6841;0.606999;0.610599;0.5865;0.498341
0.3706;0.8038;0.4953;0.916399;1.05092
0.9877;0.438199;0.846;0.5463;0.634517
0.4489;0.7499;0.5906;0.6798;0.462966
0.712299;0.6751;0.712299;0.620999;1.71428
0.6517;0.5622;0.439399;0.3393;0.647079
0.3506;0.409799;0.4656;0.568099;0.545355
0.4726;0.2828;0.5699;0.5547;1.34216
0.586099;0.8942;0.586099;0.6872;0.200172
0.7174;0.573999;0.646699;0.4431;2.12739
0.377599;0.1171;0.2651;0.267199;1.28011
0.3553;0.6404;0.439399;0.808399;1.4031
0.8005;0.7635;0.7567;0.431;1.69747
0.311599;0.099;0.2635;0.123;0.852184
0.267499;0.507999;0.292899;0.218;1.00813
0.3353;0.135999;0.2667;0.413499;0.538217
0.1747;0.341;0.391999;0.3808;1.36348
0.4513;0.2224;0.320999;0.487299;1.5454
0.5211;0.7876;0.6683;0.6804;0.81888
0.7028;0.645;0.5594;0.4752;-0.261934
0.3806;0.456699;0.5102;0.7303;0.0624079
0.7988;0.6825;0.8126;0.604699;1.66258
0.523;0.320799;0.4177;0.2818;0.0968833
0.3919;0.418;0.432199;0.56;-0.106303
0.548099;0.898;0.613099;0.5886;-0.0455838
0.5017;0.256;0.4619;0.386799;1.01467
0.3908;0.550999;0.3497;0.4139;0.979953
0.5119;0.59;0.5928;0.5805;0.829183
0.590499;0.250399;0.420999;0.377499;0.91144
0.331099;0.4956;0.1648;0.1715;1.2955
0.1989;0.277999;0.3109;0.139199;0.334804
0.181999;0.097599;0.405799;0.7786;0.442244
0.716699;0.5425;0.6029;0.404699;-0.062735
0.4186;0.471899;0.271099;0.0207;1.55118
0.0487;0.249;0.2307;0.5563;0.965013
0.5089;0.244199;0.3614;0.480499;0.702973
0.560199;0.7773;0.7667;0.7404;1.07591
0.7021;0.666499;0.6171;0.4175;2.69536
0.248799;0.515699;0.354099;0.7667;1.7868
0.9217;0.6013;0.877099;0.539099;0.42889
0.549999;0.617999;0.4542;0.3851;-0.0136595
0.2937;0.15;0.2674;0.287199;0.807466
0.3066;0.445499;0.4695;0.6094;0.103464
0.64;0.630499;0.5581;0.3931;-0.0436198
0.223099;0.281;0.052299;0.0;0.883581
0.4;0.1766;0.218399;0.402699;1.60653
0.1369;0.273399;0.5129;0.564;1.95741
0.6084;0.664;0.5839;0.5766;2.106
0.4816;0.488;0.336099;0.229699;-0.0546884
0.285899;0.215999;0.3748;0.4373;-0.675343
0.4861;0.652;0.591799;0.7163;-0.276337
0.7146;0.751999;0.6371;0.2414;-0.517924
0.375299;0.267;0.4296;0.682599;0.241404
0.5792;0.609999;0.6399;0.8241;-0.652052
0.8382;0.625999;0.562;0.5062;-0.417776
0.436699;0.54;0.657899;0.529399;1.54301
0.5433;0.382899;0.3468;0.2498;-0.519616
0.224799;0.435099;0.354699;0.2539;-0.900738
0.3641;0.1655;0.3166;0.464199;0.43967
0.2653;0.503499;0.3727;0.4704;0.233563
0.5591;0.5192;0.7227;0.520399;1.24403
0.5626;0.557099;0.460699;0.6935;-0.940795
0.601399;0.591699;0.5395;0.4035;-0.893502
0.4257;0.58;0.424199;0.239999;1.222
0.355;0.135999;0.305499;0.597799;-1.47184
0.552199;0.4553;0.4489;0.3411;-0.605295
0.3355;0.617799;0.5459;0.6671;0.478955
0.762;0.4539;0.7638;0.657;0.0687141
0.4968;0.645;0.248899;0.271599;1.55122
0.309099;0.282999;0.0602;0.0;-0.518407
0.0;0.0;0.334699;0.669;0.640823
0.639499;0.6937;0.5324;0.4875;1.59261
0.381;0.2375;0.291899;0.2892;-0.451062
0.2335;0.4055;0.462;0.2593;-1.55585
0.624699;0.637;0.617;0.629999;-0.662098
0.3632;0.547;0.3672;0.475;1.10094
0.5046;0.37;0.480799;0.428899;1.51165
0.287399;0.059599;0.329499;0.3474;-1.29277
0.525;0.477799;0.4451;0.5228;-0.0391077
0.431099;0.421199;0.4473;0.2469;1.58697
0.4681;0.7424;0.543599;0.8504;1.47379
0.7931;1.0;0.7931;0.790599;0.572418
1.0;0.262;0.916599;0.617;-1.74154
0.3486;0.550999;0.507899;0.673;-0.153361
0.697099;0.625;0.639099;0.483999;1.16881
0.4554;0.5062;0.5308;0.513;-0.185163
0.407299;0.2828;0.350999;0.702999;0.727977
0.5886;0.389599;0.5668;0.201999;0.0266005
0.322199;0.295;0.3904;0.5441;1.06426
0.5573;0.729399;0.515899;0.4069;1.18604
0.451999;0.3416;0.4141;0.4871;0.424599
0.3641;0.445799;0.485299;0.5669;0.74886
0.5922;0.445899;0.5473;0.454599;-0.548355
0.4266;0.7197;0.4715;0.430399;0.482412
0.653699;0.495999;0.559899;0.489;-0.203387
0.2796;0.414999;0.2924;0.315999;-0.132461
0.4118;0.1547;0.278199;0.4189;0.165241
0.2514;0.2483;0.2498;0.2558;1.58786
0.3431;0.351699;0.515499;0.5669;0.198685
0.608;0.6819;0.2964;0.250699;0.0947554
0.190899;0.141299;0.5137;0.3987;0.658827
0.670999;0.6035;0.431799;0.427;0.367354
0.338;0.3561;0.4801;0.445999;0.495331
0.4041;0.402799;0.4753;0.6027;0.241818
0.4691;0.483899;0.280099;0.162299;-0.580807
0.258199;0.2877;0.4093;0.6081;0.801383
0.5402;0.7866;0.636499;0.8301;-0.819017
0.754299;0.7729;0.7488;0.3948;-0.432564
0.4819;0.4026;0.462599;0.661999;0.291162
0.7494;0.7793;0.7743;0.800999;0.822546
0.809999;0.7013;0.736799;0.507;1.75055
0.4916;0.823799;0.5641;0.544;-0.503079
0.671599;0.3135;0.4749;0.416999;0.144048
0.3893;0.291699;0.465199;0.464;0.244604
0.610699;0.7083;0.5348;0.535999;-0.873233
0.3893;0.291699;0.465199;0.464;0.2207
0.4377;0.433499;0.4147;0.5731;0.66952
0.334499;0.4288;0.3831;0.4924;0.49343
0.7748;0.755499;0.796099;0.7287;1.0021
0.480599;0.4204;0.380099;0.245799;-0.417722
0.319199;0.338799;0.4017;0.358;0.303348
0.2736;0.4723;0.564999;0.679099;1.07872
0.692;0.488099;0.433199;0.4729;0.283577
0.43;0.479;0.402;0.43;-0.413389
0.407;0.327999;0.494;0.489999;-0.622497
0.398;0.327999;0.399;0.355;0.276252
0.541699;0.809999;0.445599;0.331;1.60785
0.503299;0.259;0.3974;0.533999;0.97624
0.2633;0.4742;0.465299;0.5089;-0.118844
0.6015;0.5998;0.5542;0.6191;-1.1956
0.786899;0.725199;0.827099;0.689;0.0563909
0.664;0.7337;0.6497;0.6997;2.51666
0.543099;0.696899;0.564499;0.7593;0.597196
1.0;0.6853;0.8475;0.605;-1.09355
0.5225;0.910599;0.6597;0.841;-0.414045
0.772499;0.4311;0.6357;0.344;1.37029
0.1939;0.445899;0.3843;0.8183;1.44746
0.895499;0.7627;0.876199;0.412699;-0.0228267
0.4954;0.648599;0.4082;0.5618;-2.0083
0.323;0.0655;0.2909;0.2698;0.741099
0.3471;0.3972;0.425899;0.339399;0.708534
0.415799;0.488299;0.3936;0.625;-0.19951
0.6167;0.622399;0.6812;0.7621;-0.735883
0.891999;0.873799;0.864599;0.6989;0.627207
0.6136;0.5471;0.586399;0.5229;1.83197
0.470499;0.3648;0.2945;0.391099;1.17808
0.58;0.822399;0.716699;0.9459;-0.755663
0.7785;0.734;0.8291;0.703299;0.710129
0.7302;0.803599;0.712899;0.8026;1.41337
0.754899;0.7957;0.833;0.843599;0.306492
0.8874;0.8736;0.6265;0.6616;-0.674562
0.6282;0.505299;0.882899;0.6536;-0.616972
0.5713;0.7678;0.5775;0.6704;0.453283
0.8245;0.666899;0.820499;0.709;0.941988
0.814799;0.7894;0.724399;0.7007;-1.29236
0.0;0.2067;0.062;0.1313;-0.908888
1.0;0.6998;0.888099;0.811999;0.570734
0.375399;0.341699;0.446;0.4136;1.68593
0.291499;0.3079;0.264199;0.112399;-0.0773501
0.3884;0.4773;0.4991;0.6801;-0.666149
0.5044;0.6555;0.550899;0.6189;0.164242
0.794;0.6002;0.6048;0.503999;-0.00644439
0.3367;0.255099;0.332899;0.369;0.520413
0.2791;0.3418;0.4372;0.25;-1.42143
0.555599;0.575499;0.3163;0.4808;-1.31298
0.4382;0.5322;0.666399;0.8476;0.528931
0.7197;0.603;0.424299;0.1356;0.191488
0.1476;0.192499;0.347799;0.541999;-0.184141
0.8013;0.726099;0.7805;0.55;-1.59948
0.290799;0.3899;0.0967;0.158999;0.0389386
0.1018;0.021599;0.1811;0.352;0.546711
0.4833;0.664;0.717199;0.48;0.600641
0.5378;0.339099;0.436499;0.425;-1.10016
0.3081;0.5752;0.428;0.753999;-0.761123
0.798999;0.718899;0.793099;0.681;-0.631435
0.9722;0.9526;0.8729;0.8508;-0.290699
0.3597;0.279;0.3819;0.4109;-0.0276577
0.5655;0.555;0.672799;0.4463;-0.546868
0.4374;0.3378;0.296299;0.4206;0.535085
0.3061;0.427199;0.3925;0.4224;1.11184
0.480699;0.3567;0.2639;0.173999;0.13045
0.2862;0.614599;0.532999;0.837;0.0672985
0.891199;0.6201;0.8969;0.547999;-0.860832
0.542899;0.4932;0.3304;0.263;0.104909
0.2357;0.250299;0.410999;0.6676;0.23432
0.4522;0.427299;0.0804;0.0;-0.968714
0.1324;0.4205;0.5604;0.9557;0.0582714
0.513499;0.509899;0.5015;0.5123;1.13911
0.9793;0.697;0.527299;0.3043;1.57418
0.0945;0.322499;0.5222;0.3167;-0.378538
0.4528;0.3548;0.3672;0.5853;-1.26345
0.4236;0.523399;0.5455;0.5807;0.661581
0.9494;0.726;0.6815;0.562899;1.29737
0.365299;0.5443;0.6048;0.610599;0.241946
0.6096;0.558699;0.622799;0.6226;1.17574
0.6325;0.6781;0.637699;0.6689;0.223135
0.545;0.6769;0.555;0.623999;1.43977
0.654;0.433;0.590299;0.323;1.15772
0.236999;0.3828;0.300699;0.629999;0.768765
0.686;0.6532;0.6617;0.384;1.53233
0.384;0.418299;0.4083;0.591999;1.11098
0.591999;0.5946;0.591999;0.478;0.588336
0.6598;0.4101;0.4892;0.463;1.19348
0.318999;0.326499;0.1714;0.049999;1.00085
0.1307;0.2959;0.307599;0.5898;2.22272
0.3794;0.2515;0.3989;0.2536;1.88458
0.1219;0.1471;0.126799;0.025599;0.808941
0.4832;0.535699;0.5491;0.764;0.688084
0.579599;0.6104;0.630599;0.654999;0.106921
0.605399;0.633699;0.4922;0.255;1.06492
0.3659;0.2042;0.172699;0.232999;1.22143
0.2795;0.5079;0.5859;0.8045;0.128805
0.6294;0.487299;0.6064;0.451499;-0.741843
0.6463;0.5799;0.540699;0.443;0.4541
0.383199;0.386099;0.3065;0.364;1.44716
0.334499;0.3214;0.4275;0.361;0.841253
0.2462;0.414899;0.358499;0.487099;0.0452925
0.4997;0.497399;0.465499;0.660299;0.0454027
0.703499;0.7893;0.7377;0.7206;0.45629
0.9202;0.8621;0.8813;0.873899;0.732859
0.765699;0.616199;0.5337;0.2391;0.221299
0.23;0.275199;0.3982;0.689;0.254904
0.613199;0.5617;0.671299;0.366;0.0906844
0.2227;0.2059;0.193;0.163;0.195437
0.4483;0.4403;0.3108;0.42;0.761067
0.464;0.563599;0.505899;0.8263;1.5189
0.610699;0.4481;0.7226;0.447699;1.13987
0.3583;0.428;0.3239;0.384;0.232123
0.479299;0.5469;0.394199;0.4145;0.669419
0.388999;0.317799;0.3297;0.3915;1.10601
0.6945;0.7535;0.785999;0.8902;0.702502
0.746499;0.806799;0.8762;0.6768;0.0847209
0.7754;0.613;0.5009;0.4368;0.955452
0.2101;0.3351;0.4316;0.310199;-0.00451618
0.337199;0.4568;0.405799;0.626;0.473355
0.6379;0.601799;0.6379;0.613999;0.295051
0.741;0.5803;0.417499;0.3986;0.58909
0.185099;0.1432;0.3615;0.227399;0.485133
0.3716;0.503599;0.5017;0.777799;0.826489
0.654699;0.4995;0.545099;0.4238;1.39083
0.5759;0.637799;0.5602;0.4819;0.926625
0.3621;0.6197;0.5044;0.493499;-0.193755
0.551099;0.2862;0.5489;0.6018;-0.0479799
0.4748;0.430199;0.295099;0.307099;-0.644891
0.312799;0.352;0.4516;0.3301;0.0769872
0.5608;0.686799;0.4284;0.485399;-0.258945
0.365199;0.1973;0.372199;0.4157;-0.10923
0.3306;0.3946;0.456499;0.5378;0.370355
0.5326;0.597799;0.5752;0.6002;0.641452
0.523199;0.715299;0.523199;0.6829;-0.02429
0.8035;0.590299;0.6892;0.489799;1.05604
0.4605;0.3406;0.4039;0.339099;0.319936
0.451999;0.459499;0.427599;0.4824;-0.155322
0.3229;0.3878;0.2559;0.071699;0.882523
0.2317;0.175999;0.2477;0.4461;-0.283725
0.2186;0.3458;0.425899;0.406699;0.393109
0.560199;0.555399;0.532499;0.5106;-0.0176024
0.5499;0.4326;0.5836;0.5566;-0.511972
0.4559;0.450199;0.3828;0.3566;0.491645
0.466;0.5273;0.5225;0.637;-0.55248
0.469999;0.4146;0.2889;0.0604;1.03919
0.224399;0.3469;0.455099;0.590299;0.404956
0.596;0.617799;0.5364;0.495799;-0.171049
0.4009;0.4255;0.4056;0.675;1.15355
0.739599;0.6674;0.6089;0.3561;0.439461
0.1912;0.352399;0.376799;0.6613;0.0965584
0.679099;0.4936;0.6445;0.472099;-1.03052
0.5684;0.5473;0.344899;0.2445;-0.90952
0.2872;0.3884;0.5088;0.674299;0.287189
0.736699;0.669699;0.770699;0.646699;0.363727
0.538699;0.6694;0.425699;0.686199;0.933384
0.7453;0.6691;0.8114;0.4247;-0.417907
0.4891;0.3811;0.427799;0.463999;0.424956
0.4743;0.4161;0.4578;0.4878;0.312175
0.273199;0.3367;0.344799;0.3565;-0.614936
0.5809;0.5932;0.5376;0.457699;-0.0150722
0.4701;0.4475;0.4832;0.6967;-0.0873935
0.486699;0.6628;0.572499;0.449299;0.420301
0.503299;0.571999;0.503299;0.710699;0.740649
0.7202;0.5397;0.6538;0.4937;-0.889243
0.4268;0.364699;0.0941;0.0823;-0.0164043
0.0821;0.1568;0.4812;0.3433;1.40865
0.580099;0.5149;0.5444;0.6524;0.355886
0.5147;0.558699;0.540499;0.570999;-0.154851
0.536099;0.4482;0.44;0.4616;-0.684423
0.3876;0.410299;0.3047;0.089999;0.510006
0.212499;0.5588;0.401399;0.823;1.02083
0.7389;0.607299;0.7389;0.556999;-1.09038
0.683399;0.7302;0.6785;0.8516;-0.644122
0.6883;0.6601;0.6633;0.630199;0.0595916
0.5566;0.3449;0.468;0.2605;0.558447
0.399999;0.419899;0.4416;0.3277;0.423085
0.3487;0.6167;0.425599;0.7583;0.210365
0.622399;0.351499;0.5152;0.459199;0.48161
0.7146;1.0;0.820599;0.9937;0.141366
0.8959;0.667299;0.8523;0.4681;0.503938
0.5566;0.5181;0.4802;0.5807;0.156565
0.420999;0.2995;0.4296;0.3963;1.3441
0.0;0.631399;0.0;0.7377;1.07598
1.0;0.606;1.0;0.601799;0.240665
0.6209;0.551199;0.6038;0.4132;1.01589
0.477499;0.465199;0.4437;0.4625;0.570481
0.3794;0.4323;0.495699;0.538799;1.02117
0.5871;0.5563;0.5498;0.5344;1.33064
0.649799;0.634;0.678899;0.6048;0.980737
0.5352;0.5197;0.517199;0.563099;0.178524
0.5246;0.6358;0.504799;0.6125;-0.161524
0.4778;0.337599;0.4819;0.341999;0.21144
0.471499;0.455;0.338299;0.411999;0.0139732
0.399999;0.417299;0.5348;0.5396;1.69563
0.6138;0.8278;0.6643;0.8278;0.268878
0.8194;0.6927;0.8194;0.6299;-0.190176
0.5459;0.622499;0.5459;0.622599;0.671383
0.590999;0.5862;0.491499;0.646;1.04659
0.6964;0.8278;0.7959;0.7755;1.5561
0.7749;0.682199;0.733;0.604799;-0.651194
0.5383;0.4369;0.5285;0.5327;-1.83285
0.542199;0.4692;0.535299;0.415699;-0.336565
0.4514;0.449299;0.3045;0.3143;0.256943
0.604599;0.779;0.776899;0.8779;0.54857
0.4125;0.2918;0.3939;0.409499;-0.27958
0.577199;0.502199;0.4331;0.3849;0.100606
0.3763;0.3482;0.503399;0.416799;0.634362
0.4619;0.459199;0.3393;0.4814;0.838681
0.0;0.6289;0.0;0.512499;-0.192187
1.0;0.589299;1.0;0.7224;-0.310765
0.8742;0.6158;0.559799;0.2939;0.898453
0.2273;0.2193;0.4557;0.4737;1.37236
0.3792;0.3597;0.0;0.0;-0.162939
0.0;0.102899;0.5209;0.591899;-0.514398
0.5424;0.6016;0.4057;0.6404;0.333365
0.685399;0.7881;0.8061;0.770199;0.129931
0.8393;0.562899;0.642399;0.3597;0.351732
0.2913;0.7147;0.2494;0.9064;0.0172306
0.8763;0.4936;0.867599;0.323799;0.470736
0.357399;0.431999;0.624099;0.6195;1.6873
0.585699;0.9046;0.585699;0.6462;-0.499268
1.0;0.730499;0.7468;0.614799;0.0996579
0.3209;0.3032;0.3444;0.5824;-0.223843
0.624499;0.674299;0.8308;0.780899;0.139736
0.5418;0.4126;0.4861;0.2805;-0.776447
0.305;0.3718;0.0803;0.0465;-0.944466
0.2769;0.319199;0.537299;0.5961;0.763144
0.587599;0.6304;0.6308;0.784199;0.795712
0.710699;0.5121;0.619299;0.4895;-0.561226
0.4531;0.475999;0.4323;0.3799;-0.502036
0.311899;0.3432;0.303;0.269299;0.034513
0.3804;0.4886;0.471699;0.6869;0.35203
0.669799;0.587199;0.664899;0.474599;-0.587891
0.6654;0.628399;0.6441;0.6169;-1.054
0.319799;0.323399;0.347999;0.415399;0.561144
0.6501;0.6304;0.616199;0.553;-0.325341
0.4798;0.581599;0.5131;0.4431;-0.456504
0.395099;0.4757;0.407699;0.451;0.162234
0.451;0.3006;0.43;0.439999;0.414603
0.43;0.4057;0.18;0.27;0.30693
0.279999;0.469999;0.5456;0.7;0.163769
0.76;0.559999;0.6609;0.449999;0.000705212
0.39;0.44;0.431;0.52;0.734748
0.509999;0.4514;0.432499;0.37;-0.668858
0.38;0.3986;0.48;0.48;0.306015
0.48;0.435599;0.39;0.389999;-0.0112634
0.349699;0.4045;0.3;0.28;1.4862
0.3203;0.289899;0.419999;0.469999;0.840305
0.469999;0.563299;0.57;0.62;-0.2863
0.62;0.6467;0.5196;0.51;-0.517825
0.5;0.430099;0.6004;0.559999;0.30015
0.420999;0.8399;0.420999;0.84;0.0575353
1.0;0.64;0.999;0.51;1.29207
0.469999;0.424599;0.346399;0.389999;0.199344
0.399999;0.695399;0.543599;0.6;1.04655
0.58;0.3425;0.4277;0.52;0.725164
0.5;0.357499;0.299399;0.31;0.930725
0.32;0.4048;0.5619;0.439999;0.434496
0.419999;0.6352;0.530999;0.58;0.38866
0.58;0.364799;0.469;0.419999;0.0132758
0.419999;0.6352;0.530999;0.58;0.879352
0.63;0.379999;0.42;0.329999;0.50435
0.329999;0.329999;0.449999;0.55;0.824179
0.382999;0.69;0.472999;0.509999;0.672122
0.657;0.3;0.257;0.09;0.571977
0.12;0.239999;0.4556;0.599999;1.25816
0.58;0.57;0.5944;0.52;0.884267
0.509999;0.5627;0.559999;0.595;0.647639
0.5474;0.388;0.4033;0.334999;1.33215
0.3626;0.633299;0.506699;0.609999;0.876184
0.67;0.446;0.4768;0.48;-0.015549
0.447999;0.434999;0.5642;0.505;0.467478
0.492;0.5379;0.568999;0.311999;0.66378
0.337;0.5569;0.337;0.579;1.81784
0.753;0.5002;0.6634;0.734;0.224241
0.55;0.649999;0.6296;0.639999;-0.104288
0.64;0.6067;0.629999;0.51;0.556706
0.48;0.6733;0.4788;0.719999;1.35902
0.75;0.4802;0.616499;0.39;0.221314
0.39;0.3598;0.4947;0.43;0.536521
0.469999;0.554199;0.37;0.44;-0.0124585
0.43;0.5458;0.557599;0.739999;1.14776
0.699999;0.5648;0.5969;0.4;0.200577
0.449999;0.4554;0.465199;0.599999;-0.313152
0.57;0.529799;0.6143;0.4614;-0.403787
0.6448;0.65;0.6444;0.718599;0.449001
0.5252;0.739999;0.340199;0.58;-0.153221
0.579999;0.701599;0.831399;0.84;-0.763292
0.83;0.6796;0.82;0.449999;-0.680522
0.449999;0.343;0.4173;0.51;1.20851
0.55;0.4158;0.3427;0.43;0.575509
0.419999;0.43;0.489999;0.5;-0.652019
0.45;0.52;0.13;0.0;-0.10864
0.049999;0.08;0.16;0.18;1.27128
0.248;0.183999;0.513999;0.464;1.4927
0.422;0.5772;0.526;0.596;-0.106041
0.579999;0.740199;0.559999;0.609999;-0.383235
0.6;0.5186;0.64;0.8;-0.451131
0.789999;0.739999;0.789999;0.719999;0.498839
0.682;0.5;0.673;0.52;0.605686
0.468;0.94;0.477;0.84;0.633739
0.832999;0.585899;0.669999;0.5;1.83241
0.567;0.3519;0.553899;0.28;1.1735
0.3;0.392199;0.3259;0.46;0.391715
0.449999;0.3804;0.5489;0.552;0.909262
0.5804;0.5122;0.4294;0.398;-0.170456
0.3796;0.4374;0.541499;0.5;1.17191
0.5;0.48;0.4604;0.48;0.584741
0.52;0.509999;0.5141;0.549999;0.847386
0.5;0.4855;0.335899;0.22;1.61384
0.25;0.4648;0.401299;0.48;0.491514
0.469999;0.3127;0.517299;0.489999;0.632762
0.49;0.567;0.5307;0.6;0.730811
0.625999;0.526;0.579699;0.510999;0.940313
0.474;0.483999;0.460999;0.568999;1.9224
0.58;0.58;0.37;0.21;1.30875
0.189999;0.315999;0.469999;0.53;0.594782
0.54;0.404;0.139;0.149999;0.00330397
0.109999;0.131;0.311;0.399999;-0.34156
0.419999;0.489;0.565999;0.62;0.476043
0.64;0.593;0.599;0.43;0.306388
0.44;0.439;0.434999;0.379999;-0.244726
0.41;0.488;0.48;0.64;0.44529
0.609999;0.439999;0.629999;0.48;1.44144
0.469999;0.51;0.48;0.5;1.32552
0.51;0.76;0.51;0.81;0.325288
0.759999;0.579999;0.66;0.41;0.184311
0.45;0.42;0.449999;0.489999;0.363537
0.479999;0.539999;0.538;0.609999;0.533449
0.6;0.68;0.59;0.609999;-0.644432
0.59;0.359999;0.541999;0.39;-0.934298
0.43;0.8;0.53;0.66;1.29175
0.68;0.521999;0.652;0.609999;1.10549
0.609999;0.408;0.468;0.33;0.155445
0.3;0.43;0.405;0.609999;-0.927515
0.62;0.489999;0.574999;0.469999;-0.558681
0.484999;0.494;0.509999;0.44;1.16304
0.414999;0.616;0.438;0.66;0.753878
0.67;0.549999;0.532;0.289999;0.374909
0.289999;0.307;0.469999;0.51;0.214182
0.52;0.692999;0.539999;0.739999;0.460495
0.74;0.47;0.74;0.5;1.50497
0.479999;0.481999;0.299999;0.309999;0.272526
0.31;0.378;0.27;0.31;0.572874
0.329999;0.379999;0.539999;0.579999;0.338896
0.59;0.539999;0.529999;0.59;0.307684
0.63;0.56;0.56;0.449999;0.123065
0.389999;0.379999;0.529999;0.51;-0.195975
0.5;0.5;0.5;0.48;0.130494
0.51;0.68;0.46;0.64;0.31157
0.629999;0.53;0.56;0.579999;0.4671
0.56;0.690999;0.639999;0.65;1.52462
0.66;0.669;0.64;0.669999;0.749548
0.649999;0.44;0.449999;0.25;0.650262
0.27;0.279999;0.53;0.52;0.650122
0.5;0.48;0.5;0.48;0.815262
0.49;0.66;0.449999;0.609999;0.903129
0.609999;0.488;0.519;0.49;0.57201
0.509999;0.552;0.562999;0.509999;0.239291
0.5;0.705;0.577999;0.72;1.41617
0.72;0.555;0.69;0.5;0.578969
0.5;0.37;0.53;0.488;1.12723
0.48;0.509999;0.48;0.481999;1.64883
0.469999;0.55;0.414999;0.53;1.38588
0.53;0.553;0.555;0.539999;1.19399
0.559999;0.556999;0.506999;0.59;0.389557
0.609999;0.504;0.573;0.419999;0.788431
0.41;0.417999;0.32;0.35;1.55563
0.34;0.318;0.55;0.48;0.668131
0.489999;0.558;0.449999;0.509999;1.43533
0.48;0.481999;0.42;0.49;1.57331
0.5;0.419999;0.436;0.329999;1.25175
0.34;0.44;0.439;0.43;0.646173
0.45;0.495999;0.515;0.62;-0.322492
0.599999;0.454;0.599999;0.48;0.123792
0.48;0.5;0.48;0.51;0.335746
0.51;0.8;0.51;0.759999;-0.166057
0.759999;0.494;0.538999;0.46;0.0338186
0.47;0.548;0.661;0.57;1.01065
0.559999;0.597999;0.489999;0.419999;2.21613
0.39;0.361;0.49;0.5;0.968732
0.529999;0.488999;0.529999;0.58;-0.177528
0.56;0.5;0.55;0.46;0.118588
0.48;0.46;0.34;0.349999;1.42181
0.349999;0.539999;0.49;0.69;0.871303
0.69;0.55;0.66;0.489999;-0.326319
0.5;0.57;0.509;0.55;-0.925897
0.539999;0.43;0.460999;0.469999;0.657605
0.42;0.6;0.53;0.64;0.717341
0.68;0.539999;0.521999;0.32;0.397213
0.329999;0.34;0.455;0.46;0.498908
0.46;0.55;0.492999;0.59;1.03609
0.57;0.69;0.57;0.75;1.19842
0.77;0.549999;0.669999;0.52;0.818439
0.51;0.52;0.55;0.53;-0.0497203
0.539999;0.47;0.539;0.413999;0.381385
0.5;0.5;0.521;0.526;0.836571
0.419999;0.46;0.399999;0.49;0.402333
0.49;0.489999;0.474;0.46;0.626605
0.489999;0.587;0.545999;0.629999;0.929134
0.62;0.722999;0.64;0.71;1.0919
0.69;0.58;0.652999;0.609999;0.766118
0.599999;0.48;0.637;0.48;0.0788737
0.51;0.509999;0.51;0.489999;-0.0288766
0.489999;0.631;0.489999;0.58;1.5999
0.57;0.489;0.489;0.419999;0.898062
0.43;0.609999;0.501;0.69;0.492849
0.68;0.49;0.57;0.399999;0.198357
0.42;0.799999;0.537999;0.92;0.837578
0.91;0.53;0.825;0.55;1.21688
0.55;0.523;0.456999;0.379999;0.749712
0.389999;0.376999;0.25;0.189999;-0.357778
0.18;0.36;0.5;0.66;1.24869
0.65;0.634;0.65;0.65;1.22357
0.64;0.579999;0.55;0.43;1.94327
0.449999;0.335999;0.257999;0.23;0.729801
0.23;0.53;0.442;0.8;0.0803817
0.8;0.564;0.8;0.5;1.28496
0.509999;0.745999;0.579999;0.789999;2.07215
0.76;0.522;0.708;0.489999;-0.0600916
0.509999;0.477999;0.431999;0.449999;-0.107859
0.43;0.673;0.559999;0.69;0.167214
0.72;0.497;0.527;0.379999;1.48563
0.379999;0.39;0.452999;0.52;0.260504
0.44;0.460999;0.56;0.49;-0.371284
0.549999;0.798999;0.549999;0.789999;0.627779
0.78;0.69;0.76;0.67;2.38933
0.699999;0.64;0.719999;0.549999;0.405465
0.539999;0.469999;0.32;0.41;-0.243301
0.39;0.55;0.56;0.74;0.33622
0.73;0.62;0.779999;0.43;2.20555
0.46;0.399999;0.43;0.579999;1.23107
0.579999;0.75;0.46;0.77;0.621342
0.76;0.53;0.8;0.369999;0.537773
0.379999;0.506999;0.388999;0.53;1.48045
0.55;0.513;0.550999;0.64;0.609006
0.6;0.53;0.58;0.34;-0.479065
0.359999;0.410999;0.379;0.48;-0.186626
0.355;0.644;0.456;0.561999;0.609489
0.574999;0.331;0.574999;0.468;0.419103
0.609999;0.693999;0.609999;0.77;0.767424
0.76;0.681;0.75;0.669999;0.652327
0.669999;0.731999;0.649999;0.741;1.57791
0.629;0.782;0.659;0.743;0.918781
0.698;0.759;0.698;0.465999;0.831436
0.602999;0.456;0.512999;0.8;0.840538
0.76;0.952;0.727;0.57;0.441151
0.609999;0.378;0.713;0.699999;0.947644
0.69;0.799999;0.649;0.609999;0.894078
0.609999;0.45;0.550999;0.51;0.782358
0.52;0.329999;0.32;0.349999;0.718235
0.359999;0.34;0.405999;0.31;0.425412
0.309999;0.359999;0.434;0.469999;1.07499
0.45;0.41;0.408;0.32;1.14642
0.349999;0.91;0.541999;1.0;0.358738
1.0;0.635;0.97;0.559999;1.33026
0.59;0.564999;0.479999;0.4;2.10227
0.379999;0.42;0.45;0.469999;1.47514
0.48;0.419999;0.509999;0.55;0.539224
0.58;0.968;0.67;1.0;0.850545
0.850999;0.717;0.850999;0.535;2.06921
0.673999;0.574999;0.561;0.43;0.60684
0.391999;0.35;0.504999;0.689;-0.553988
0.723;0.759999;0.702999;0.449999;-0.0212561
0.509999;0.289999;0.336;0.449999;1.74939
0.35;0.31;0.0;0.0;1.18705
0.0;0.189999;0.579999;0.69;0.400474
0.689999;0.73;0.73;0.8;-0.0119072
0.78;0.56;0.21;0.0;1.70977
0.0;0.0;0.196999;0.34;0.872036
0.279999;0.497999;0.533;0.56;0.294422
0.58;0.38;0.475999;0.32;-0.766612
0.34;0.573999;0.423999;0.759999;0.0819344
0.739999;0.696;0.82;0.59;-0.284637
0.62;0.39;0.4;0.32;0.332676
0.27;0.25;0.0;0.03;0.0428934
0.059999;0.359999;0.559999;0.77;0.850569
0.78;0.55;0.55;0.3;0.72978
0.27;0.43;0.53;0.599999;0.768723
0.64;0.654;0.619999;0.74;0.366979
0.71;0.625999;0.64;0.669999;0.751655
0.66;0.66;0.56;0.26;0.452076
0.3;0.4;0.449999;0.68;0.458585
0.669999;0.515999;0.609999;0.532;0.3055
0.343;0.504999;0.396;0.315;-0.137318
0.334;0.339;0.390999;0.532999;0.066625
0.683;0.609999;0.632999;0.57;0.528528
0.57;0.379999;0.23;0.15;0.227617
0.16;0.272;0.48;0.619999;0.217407
0.609999;0.527999;0.576;0.46;-0.784705
0.47;0.8;0.564;0.82;0.12333
0.849999;0.489999;0.73;0.399999;1.05316
0.37;0.69;0.489999;0.71;0.927543
0.69;0.42;0.56;0.39;0.839784
0.0;0.479999;0.099999;0.57;0.589125
1.0;0.9;1.0;0.96;0.0231315
0.96;0.5;0.78;0.299999;0.35104
0.309999;0.559999;0.439999;0.58;0.414472
0.489999;0.379999;0.25;0.109999;0.646167
0.19;0.12;0.439;0.469999;-0.239928
0.48;0.94;0.311;0.36;-0.293426
0.34;0.169999;0.438;0.529999;0.611233
0.51;0.38;0.611999;0.699999;1.09501
0.699999;0.539999;0.399999;0.14;1.25561
0.0;0.149999;0.0;0.41;0.380539
1.0;0.51;0.94;0.66;0.704422
0.64;0.71;0.645999;0.64;1.00133
0.63;0.739999;0.854;0.82;0.603222
0.829999;0.51;0.559999;0.32;0.0258673
0.309999;0.43;0.39;0.359999;0.302829
0.37;0.439999;0.529999;0.649999;-0.832407
0.66;0.56;0.5;0.32;0.444399
0.309999;0.358999;0.42;0.5;0.628262
0.52;0.551;0.579999;0.65;1.09711
0.279999;0.789999;0.3;0.73;-0.127636
1.0;0.489999;0.97;0.379999;-0.20702
0.369999;0.4;0.459999;0.609999;0.936492
0.61;0.629999;0.616;0.53;0.861748
0.539999;0.41;0.264;0.23;0.0751365
0.23;0.359999;0.5;0.609999;-0.631539
0.609999;0.52;0.466999;0.378;-0.548206
0.238;0.69;0.401;0.841999;1.31332
0.972;0.579999;0.841999;0.37;0.307252
0.379999;0.343;0.46;0.53;0.524177
0.509999;0.537;0.559999;0.5;0.257917
0.53;0.610999;0.149;0.319999;0.508257
0.309999;0.363;0.545;0.48;1.4345
0.48;0.422999;0.0;0.24;0.625892
0.24;0.265;0.973;0.509999;-0.569264
0.5;0.600999;0.593999;0.59;0.274764
0.59;0.589;0.52;0.62;0.704088
0.629999;0.524999;0.58;0.43;0.387209
0.42;0.402;0.416999;0.57;-0.217788
0.579999;0.599;0.561;0.344;-0.27015
0.344;0.667999;0.482;0.885999;1.22114
0.885999;0.582;0.753;0.46;0.965746
0.449999;0.459;0.532;0.52;-0.573264
0.539999;0.706;0.540999;0.759999;1.11659
0.75;0.805;0.702;0.67;0.477522
0.69;0.408;0.687999;0.579999;1.10296
