<OPEN>;<HIGH>;<LOW>;<CLOSE>;(predicted -> )<LOW>
1.0;1.0;1.0;1.0;0.678449
1.0;1.0;1.0;1.0;-0.329072
1.0;1.0;1.0;1.0;0.214427
1.0;1.0;1.0;1.0;0.0119086
0.0;0.0;0.0;0.0;0.00516731
0.0;0.0;0.0;0.0;-0.0515763
0.0;0.0;0.0;0.0;0.206041
0.0;0.0;0.0;0.0;-0.0702743
0.5;0.5;0.5;0.5;0.19142
0.0;0.0;0.0;0.0;0.492316
0.519;0.519;0.519;0.519;-0.336719
0.494;0.494;0.494;0.494;0.118559
1.0;1.0;1.0;1.0;-0.0594501
1.0;1.0;1.0;1.0;-0.307894
1.0;1.0;1.0;1.0;0.214618
0.0;0.0;0.0;0.0;0.542372
0.0;0.0;0.0;0.0;-0.0231389
0.622;0.622;0.622;0.622;0.145977
0.822999;0.822999;0.822999;0.822999;0.105542
0.268;0.268;0.268;0.268;-0.346446
0.669;0.669;0.669;0.669;-0.0457768
0.442;0.442;0.442;0.442;0.273043
0.762;0.762;0.762;0.762;0.097185
0.597;0.597;0.597;0.597;-0.429535
0.262999;0.262999;0.262999;0.262999;0.642508
0.577999;0.577999;0.577999;0.577999;0.832736
1.0;1.0;1.0;1.0;-0.824577
0.689999;0.689999;0.689999;0.689999;-0.21149
0.513;0.513;0.513;0.513;0.704997
0.015;0.015;0.015;0.015;-0.56457
0.123999;0.123999;0.123999;0.123999;-0.614727
0.0;0.0;0.0;0.0;-0.37483
1.0;1.0;1.0;1.0;0.268459
1.0;1.0;1.0;1.0;0.408619
1.0;1.0;1.0;1.0;-0.719679
0.0;0.0;0.0;0.0;0.087225
0.0;0.0;0.0;0.0;0.748753
0.173;0.173;0.173;0.173;-0.818336
0.696999;0.696999;0.696999;0.696999;0.13163
0.289;0.289;0.289;0.289;0.650012
0.544;0.544;0.544;0.544;-0.274921
0.334999;0.334999;0.334999;0.334999;-0.374765
0.268;0.268;0.268;0.268;1.03291
0.555;0.555;0.555;0.555;0.669121
0.089999;0.089999;0.089999;0.089999;0.191462
0.0;0.0;0.0;0.0;0.850164
0.029;0.029;0.029;0.029;1.87487
0.312999;0.312999;0.312999;0.312999;0.0870343
1.0;1.0;1.0;1.0;-0.0719373
0.5;0.5;0.5;0.5;1.41031
0.215;0.215;0.215;0.215;0.581926
0.891999;0.891999;0.891999;0.891999;0.234657
0.508;0.508;0.508;0.508;-0.0173156
1.0;1.0;1.0;1.0;0.480216
0.658999;0.658999;0.658999;0.658999;-0.18664
1.0;1.0;1.0;1.0;0.316059
0.257999;0.257999;0.257999;0.257999;0.591188
0.486999;0.486999;0.486999;0.486999;-0.167644
0.0;0.0;0.0;0.0;0.581479
0.333;0.333;0.333;0.333;-0.952542
1.0;1.0;1.0;1.0;-0.165958
0.265;0.265;0.265;0.265;-0.433457
0.440999;0.440999;0.440999;0.440999;0.597459
0.63;0.63;0.63;0.63;-0.898207
0.498999;0.498999;0.498999;0.498999;0.297176
1.0;1.0;1.0;1.0;-0.377918
0.967;0.967;0.967;0.967;-0.484383
1.0;1.0;1.0;1.0;-0.681746
1.0;1.0;1.0;1.0;0.997406
1.0;1.0;1.0;1.0;-0.661379
0.309999;0.309999;0.309999;0.309999;0.253707
0.402;0.402;0.402;0.402;0.567746
0.245999;0.245999;0.245999;0.245999;-0.74519
1.0;1.0;1.0;1.0;-0.546915
0.942;0.942;0.942;0.942;1.67452
0.646;0.646;0.646;0.646;0.485307
0.87;0.87;0.87;0.87;-0.390911
0.739999;0.739999;0.739999;0.739999;1.29847
0.292;0.292;0.292;0.292;0.302457
0.509999;0.509999;0.509999;0.509999;-0.358498
0.0;0.0;0.0;0.0;0.0591035
0.0;0.0;0.0;0.0;1.23883
0.163999;0.163999;0.163999;0.163999;-0.408543
0.056;0.056;0.056;0.056;0.268882
1.0;1.0;1.0;1.0;0.361222
0.369;0.369;0.369;0.369;0.888109
0.332;0.332;0.332;0.332;-0.995076
0.0;0.0;0.0;0.0;1.06541
0.5;0.5;0.5;0.5;-0.768173
0.5;0.5;0.5;0.5;0.22673
0.5;0.5;0.5;0.5;-0.184805
0.5;0.5;0.5;0.5;-0.481576
0.5;0.5;0.5;0.5;-0.0372354
0.5;0.5;0.5;0.5;1.29722
0.5;0.5;0.5;0.5;0.50888
0.5;0.5;0.5;0.5;-1.11206
0.5;0.5;0.5;0.5;0.583916
0.5;0.5;0.5;0.5;0.948816
0.5;0.5;0.5;0.5;-1.00362
0.5;0.5;0.5;0.5;-0.199646
0.5;0.5;0.5;0.5;1.72005
0.5;0.5;0.5;0.5;0.487196
0.5;0.5;0.5;0.5;-0.767321
1.0;1.0;1.0;1.0;1.17446
0.3226;0.3018;0.3226;0.2997;1.28426
0.483999;0.483999;0.483999;0.493099;-0.0693921
0.080999;0.080999;0.080999;0.080999;-0.301981
0.6907;0.6907;0.6907;0.6907;1.35546
0.4021;0.4021;0.4021;0.4021;1.12904
0.6398;0.6398;0.6398;0.6398;-0.975371
0.523099;0.523099;0.523099;0.523099;0.358998
0.459299;0.459299;0.459299;0.459299;0.413143
0.442;0.442;0.442;0.442;0.111997
0.503499;0.503499;0.503499;0.503499;-0.624681
0.2972;0.2972;0.2972;0.2972;1.29768
0.4756;0.4756;0.4756;0.4756;0.595885
0.6336;0.6336;0.6336;0.6336;0.549274
0.468599;0.468599;0.468599;0.468599;-0.0688974
0.5286;0.6026;0.4726;0.5306;0.79078
0.2769;0.2029;0.3329;0.274899;-1.01982
0.6033;0.6033;0.6033;0.6033;0.132531
0.392099;0.392099;0.392099;0.392099;1.4457
0.1263;0.1263;0.1263;0.1263;1.3725
0.275199;0.275199;0.275199;0.275199;1.19941
0.4282;0.4282;0.4282;0.4282;0.982552
0.4953;0.4953;0.4953;0.4953;1.30532
0.6645;0.6645;0.6645;0.6645;-0.363249
0.3964;0.3964;0.3964;0.3964;0.572627
0.421099;0.421099;0.421099;0.421099;1.17758
0.6291;0.6291;0.6291;0.6291;0.409066
0.472799;0.472799;0.472799;0.472799;1.45932
0.6168;0.6168;0.6168;0.6168;0.377094
0.492599;0.492599;0.492599;0.492599;1.49612
0.525099;0.525099;0.525099;0.525099;-0.846297
0.486;0.486;0.486;0.486;0.664675
0.6226;0.6226;0.6226;0.6226;0.615102
0.451999;0.451999;0.451999;0.451999;0.121224
0.6442;0.6442;0.6442;0.6442;1.34163
0.091899;0.091899;0.091899;0.091899;1.09495
0.910399;0.910399;0.910399;0.910399;0.370609
0.9116;0.9116;0.9116;0.9116;-0.537831
1.0;1.0;1.0;1.0;1.25568
0.216;0.216;0.216;0.216;0.0972505
0.438599;0.7135;0.4025;0.7014;-0.071675
0.7494;0.793799;0.785499;0.793499;1.96158
0.782399;1.0;0.782399;1.0;1.71406
1.0;1.0;1.0;0.0;0.656145
1.0;0.450599;0.4004;1.0;-0.470215
0.0;0.0;0.0;0.0;1.06038
0.0;0.0;0.132;0.0;0.774127
0.068699;0.5499;0.2207;1.0;-0.0072245
1.0;1.0;1.0;1.0;1.50841
1.0;0.0;1.0;0.0;1.35996
1.0;1.0;1.0;0.8767;0.890582
0.2071;0.375;0.277999;0.549299;-0.435758
0.5909;0.509;0.655;0.173;1.0751
0.728999;0.509;0.739;1.0;-0.135428
0.459;0.459;0.459;0.459;1.23666
0.402999;0.402999;0.402999;0.402999;1.56003
0.108;0.108;0.108;0.108;1.05373
0.553999;0.553999;0.553999;0.553999;-0.402564
0.0;0.0;0.0;0.0;0.428301
0.441999;0.441999;0.441999;0.441999;0.859642
0.0;0.0;0.0;0.0;0.697583
0.495;0.495;0.495;0.495;0.845897
0.288999;0.288999;0.288999;0.288999;1.68966
0.535;0.535;0.535;0.535;1.49606
0.601;0.601;0.601;0.601;-0.541902
0.0;0.0;0.0;0.0;-0.0664119
0.702999;0.702999;0.702999;0.702999;0.655782
0.433;0.433;0.433;0.433;1.33415
0.111;0.111;0.111;0.111;1.03267
0.913999;0.913999;0.913999;0.913999;2.03699
0.594;0.594;0.594;0.594;1.61445
0.565;0.565;0.565;0.565;0.287365
0.518;0.518;0.518;0.518;-0.485868
0.241;0.241;0.241;0.241;1.01467
0.781199;0.781199;0.781199;0.781199;1.62016
0.425799;0.425799;0.425799;0.425799;1.15437
0.424;0.424;0.424;0.424;1.51299
1.0;1.0;1.0;1.0;2.28021
0.729499;0.729499;0.729499;0.729499;1.1914
0.2615;0.2615;0.2615;0.2615;-0.195259
0.0;0.0;0.0;0.0;1.56451
0.485;0.485;0.485;0.485;1.23762
0.7134;0.7134;0.7134;0.7134;1.79217
0.4376;0.4376;0.4376;0.4376;1.74317
0.326999;0.326999;0.326999;0.326999;1.64059
0.353899;0.353899;0.353899;0.353899;0.00837404
0.1731;0.1731;0.1731;0.1731;0.298529
0.3686;0.3686;0.3686;0.3686;1.09504
0.476399;0.476399;0.476399;0.476399;1.11237
0.6931;0.6931;0.6931;0.6931;0.584983
0.5959;0.759899;0.5029;0.533899;2.62978
0.3447;0.1807;0.4377;0.4067;1.08855
0.0013;0.0013;0.0013;0.0013;-0.0151698
0.6509;0.8441;0.572599;0.7028;-0.11614
0.603199;0.521899;0.4485;0.410999;2.16125
0.6011;0.4905;0.526699;0.2932;0.303477
0.2149;0.461599;0.5223;0.721999;-0.112236
0.9895;0.8249;0.6617;0.6056;1.12727
0.189599;0.270199;0.4878;0.401399;0.885295
0.603999;0.5501;0.633599;0.663;-0.300432
0.5491;0.480499;0.4388;0.401699;-0.0317816
0.3033;0.376899;0.3587;0.4123;1.63256
0.6096;0.5133;0.364599;0.224;0.97779
0.180899;0.459;0.4573;0.513999;0.742274
0.3499;0.3591;0.3734;0.487;0.503605
0.7696;0.505199;0.474999;0.416999;0.217145
0.3352;0.412199;0.498;0.718;0.321704
0.607299;0.4944;0.472;0.228;-0.540042
0.3823;0.439499;0.612099;0.778399;1.49054
0.680099;0.8378;0.6519;0.7374;1.10733
0.515899;0.410699;0.5668;0.393;0.820672
0.4147;0.312799;0.218999;0.1582;1.10117
0.334;0.4993;0.4649;0.518799;-0.265927
0.5762;0.407;0.266999;0.3061;0.0448282
0.1316;0.4037;0.5304;0.7745;-0.0661914
0.822099;0.587299;0.4259;0.4316;1.33959
0.4737;0.452099;0.805899;0.44;0.682616
0.481999;0.5699;0.4673;0.5717;1.12106
0.347;0.513999;0.387699;0.437199;0.361967
0.579099;0.342;0.3404;0.4091;0.523692
0.3281;0.349;0.157499;0.403099;-0.0148837
0.452299;0.4862;0.8172;0.5931;-0.180662
0.5102;0.503299;0.5;0.5058;1.05569
0.5815;0.5528;0.591;0.4895;1.48783
0.447899;0.441599;0.4845;0.4732;0.114679
0.3099;0.3609;0.079899;0.307299;0.00812966
0.8855;1.0;1.0;1.0;-0.177819
0.867799;0.5372;0.888999;0.679;-0.288356
0.606999;0.606999;0.606999;0.606999;-0.0951414
0.4588;0.578399;0.4588;0.337;1.22184
0.5468;0.9066;0.5468;0.9831;0.337606
0.814499;0.4428;0.156399;0.0;-0.452453
0.4566;0.526399;1.0;1.0;-0.453514
0.552099;0.5329;0.638;0.629799;-0.871373
0.616799;0.552699;0.563099;0.475;-0.87474
0.4511;0.3933;0.4457;0.4239;-0.13212
0.4845;0.516999;0.494699;0.622199;0.661081
0.6321;0.914;0.681;0.7239;0.806695
0.878699;0.6017;0.739799;0.533;-0.174344
0.41;0.802699;0.5195;0.867;1.13285
0.8227;1.0;0.716999;0.594999;0.263452
0.745799;0.0;0.8809;0.684999;0.0919815
0.5636;0.4397;0.0;0.1059;-0.158495
0.062;0.055599;0.8481;0.3001;1.78976
0.6205;0.8644;0.6949;0.430999;0.585728
0.308899;0.069;0.295999;0.5821;1.14607
0.3736;0.347999;0.1079;0.0249;1.2224
0.2315;0.209;0.0;0.526199;1.12582
0.3619;0.7577;0.8944;0.951699;1.2604
0.911299;0.8889;0.599399;0.053;-0.546658
0.666;0.3765;0.1171;0.574099;1.16976
0.0;0.0555;0.882999;0.312;1.45497
0.7195;0.498799;0.5577;0.535;1.65991
0.358;0.3594;0.0;0.338;0.0993188
0.443199;0.533199;1.0;0.863799;0.568616
0.5885;0.528;0.4779;0.4088;-0.156326
0.5347;1.0;0.644199;0.877399;-0.0114385
0.9097;0.650099;0.9108;1.0;0.900447
1.0;0.9506;1.0;0.9654;0.894141
0.9922;0.6113;0.967199;0.145199;0.365251
0.3553;0.1449;0.3303;0.634;0.489038
0.4206;0.4834;0.3504;0.398299;0.523573
0.505199;0.6006;0.581399;0.5179;-0.544358
0.520299;0.409299;0.4184;0.2008;0.0328179
0.2636;0.4767;0.105799;0.052999;2.17517
0.173;0.0;0.2515;0.7753;0.591749
0.564499;0.5383;0.4001;0.2501;-0.661338
0.079;0.1615;0.320499;0.113599;0.265002
0.608499;0.7564;0.7058;0.597;0.252288
0.418099;0.306999;0.396999;0.547;0.286924
0.5817;0.632;0.6157;0.379;-0.469512
0.3643;0.418899;0.4022;0.584999;1.47905
0.7192;0.5912;0.7192;0.9047;1.04437
0.424499;0.4169;0.287399;0.0;0.6603
0.6022;0.561199;0.6606;0.9583;0.399786
0.3953;0.3904;0.390499;0.1707;-0.131691
0.238099;0.367599;0.296399;0.495999;0.444173
0.7634;0.7118;0.6778;0.9308;-8.38637e-05
0.651399;0.847;0.7622;0.4312;0.336641
0.805099;0.997;0.805099;0.975999;1.08536
0.698499;0.741599;0.548;1.0;1.58559
0.9855;0.5913;0.267199;0.2281;-0.127727
0.561399;0.409099;1.0;0.498;0.172567
0.3506;0.4366;0.5837;0.547999;-0.391293
0.5468;0.474699;0.4314;0.5558;-0.00450057
0.279;0.3597;0.0;0.2332;0.438493
0.540599;0.6733;1.0;0.745999;0.609463
0.8453;0.616399;0.6749;0.698399;0.0950034
0.4323;0.548;0.0;0.4206;1.63214
0.6754;0.909399;1.0;0.95;-0.209272
0.826599;0.4741;0.646599;0.572999;-0.750429
0.2424;0.4858;0.0;0.4512;-0.283504
0.5117;0.9188;1.0;0.0;0.456112
0.351899;0.0;0.1663;0.641999;0.4085
0.5246;0.369899;0.504199;0.12;-0.424296
0.5274;0.485099;0.3868;0.691099;1.69051
0.1035;0.1113;0.3194;0.0569;-0.441265
0.2328;0.7475;0.505099;0.727;-0.238264
0.6855;0.4204;0.6855;0.8751;-0.913221
0.675799;0.566799;0.4194;0.4133;0.879871
0.1704;0.604;0.4268;0.5213;0.301563
0.782399;0.539999;0.782399;0.578699;0.502866
0.5946;0.2893;0.526199;0.2276;-0.0789468
0.4527;0.515699;0.4318;0.672499;-0.198722
0.2006;0.728999;0.279199;0.352999;-0.81591
0.641999;0.0767;0.476199;0.1485;-0.259734
0.3294;0.298699;0.4282;0.737199;0.350499
0.4773;0.5522;0.5473;0.6019;0.959491
0.5732;0.570399;0.559799;0.1849;-0.00974578
0.4553;0.4933;0.3835;0.689399;-0.110823
0.434799;0.350399;0.4161;0.407299;-1.03059
0.478;0.4981;0.5671;0.556799;-0.584531
0.472999;0.831199;0.4955;0.812;-0.369704
0.8171;0.4835;0.625799;0.0;0.882423
0.2803;0.2165;0.3982;0.575999;-0.151658
0.4757;0.783999;0.549099;0.646;0.751358
0.612099;0.3441;0.506499;0.588799;0.698584
0.3712;0.2972;0.186199;0.0;0.750988
0.314299;0.518699;0.5059;0.922999;-0.0682775
0.470099;0.387;0.0;0.2985;-0.0266258
0.3077;0.403499;1.0;0.4472;1.02298
0.5011;0.5161;0.4864;0.365299;1.17655
0.666399;0.727399;0.724399;0.417;0.72292
0.4307;0.2373;0.3947;0.692399;0.507253
0.357299;0.426199;0.460899;0.5581;2.3675
0.6028;1.0;0.6028;1.0;-0.367463
1.0;0.7532;1.0;0.4733;0.0641938
0.6505;0.489999;0.6505;0.656099;0.859946
0.571099;0.468;0.240499;0.1081;0.516772
0.294499;0.2222;0.4824;0.588899;0.45768
0.1181;0.3767;0.2608;0.1226;1.49575
0.747799;0.485299;0.459199;0.596699;-0.332749
0.2302;0.2604;0.390799;0.494;-0.0783805
0.537;0.690899;0.6429;0.6273;-0.187159
0.670099;0.6796;0.4376;0.318899;1.15003
0.2815;0.1169;0.4148;0.5059;0.511509
0.4952;0.5688;0.6261;0.530999;1.27262
0.499399;0.4262;0.4316;0.430199;0.838309
0.5248;0.647499;0.5212;0.7167;0.270438
0.616;0.5775;0.6408;0.5183;-0.256563
0.5257;0.698499;0.5627;0.787099;0.0447388
0.804599;0.7004;0.804599;0.504999;1.28216
0.5396;0.5941;0.5396;0.6171;1.13825
0.6558;0.407399;0.5778;0.3576;1.84339
0.450499;0.476199;0.5285;0.598599;1.40342
0.4828;0.559;0.4828;0.5572;0.40099
0.767099;1.0;0.767099;0.9544;0.370562
0.8624;0.735099;0.783899;0.5363;-0.319189
0.4221;0.5221;0.4635;0.706399;1.82236
0.588999;0.2789;0.0;0.399899;0.531131
0.4596;1.0;1.0;1.0;1.15216
1.0;1.0;1.0;0.811799;1.38622
1.0;0.171299;0.392599;0.8559;0.748086
0.565299;0.238399;1.0;0.348499;-0.293869
0.3273;0.2791;0.095299;0.0731;0.485438
0.1235;0.2272;0.4331;0.4855;1.12438
0.497;0.384;0.575999;0.523;0.60938
0.2478;0.491199;0.2658;0.509399;0.655162
0.625699;0.497799;0.5517;0.415399;1.78141
0.6953;0.5919;0.421499;0.3903;1.42279
0.1207;0.146599;0.3373;0.2783;0.143635
0.5566;0.582699;0.528599;0.550599;-0.240499
0.3521;0.424499;0.5113;0.4917;1.03807
0.492899;0.4458;0.172699;0.1494;0.582039
0.1076;0.077899;0.1754;0.165599;0.724756
0.3492;0.414999;0.529499;0.5187;1.79839
0.263299;0.2573;0.1961;0.362299;1.49441
0.4211;0.6121;0.5604;0.7321;0.630951
0.6938;0.913699;0.539299;0.882099;-0.0924353
1.0;0.668199;0.8583;0.1834;1.16799
0.2843;0.1522;0.4435;0.495099;0.12508
0.446899;0.7221;0.5916;0.7705;-0.471741
0.706299;0.555399;0.7073;0.540099;0.608575
0.6098;0.5042;0.381;0.389199;2.06705
0.2392;0.399;0.5008;0.614;0.674516
0.7391;0.584599;0.432199;0.2239;-0.156421
0.148299;0.2648;0.404;0.6211;1.678
0.5654;0.560299;0.5788;0.582099;0.569439
0.6556;0.8119;0.6934;0.5629;-0.717706
0.666499;0.3808;0.6015;0.5518;0.876689
0.49;0.504;0.507999;0.559999;1.00835
0.632899;1.0;0.6799;1.0;-0.0372295
0.919699;0.495799;0.764199;0.2998;0.0466045
0.369;0.332899;0.062599;0.1555;0.581443
0.0405;0.0849;0.099;0.005299;1.23966
0.0;0.0;0.0;0.2019;0.587576
0.738699;0.6736;0.643599;0.432499;1.04105
0.595;0.305399;0.4695;0.5448;0.248074
0.553999;0.6352;0.4224;0.305199;1.16422
0.1582;0.172699;0.4595;0.489899;-0.668502
0.3306;0.4098;0.381499;0.430099;1.02618
0.4923;0.3743;0.4055;0.3333;0.0178571
0.483699;0.4894;0.465799;0.521899;2.27275
0.6448;0.6828;0.6702;0.7885;-0.47111
0.6059;0.4737;0.456;0.4116;1.20059
0.360999;0.6267;0.590199;0.527899;-0.252462
0.4707;0.292999;0.4193;0.4357;0.0682946
0.581199;0.5986;0.56;0.5871;-0.32717
0.5102;0.550999;0.523699;0.526;0.599807
0.5062;0.4192;0.5119;0.388999;0.963962
0.529199;0.469999;0.582599;0.594799;0.574982
0.5053;0.5649;0.4514;0.4365;0.90816
0.114799;0.163999;0.1687;0.2669;0.612437
0.588999;0.7473;0.571999;0.707599;0.77635
0.8481;0.5838;0.7059;0.576899;-0.90319
0.575199;0.6036;0.4581;0.3884;0.500714
0.1372;0.189599;0.3674;0.3413;0.791001
0.2557;0.268999;0.1509;0.2145;1.31521
0.4483;0.8207;0.5992;0.996399;0.112283
0.931999;0.5154;0.8059;0.4638;1.78079
0.3692;0.5912;0.448499;0.544999;-0.239498
0.656799;0.4051;0.581;0.5115;0.0806924
0.6724;0.8203;0.710699;0.369199;-0.299311
0.461499;0.371099;0.3516;0.312999;0.802487
0.2877;0.315999;0.4131;0.7775;0.521594
0.4465;0.569;0.5153;0.4626;-0.419242
0.663;0.642999;0.559;0.4513;0.188314
0.406399;0.265;0.314999;0.337899;0.423789
0.3558;0.3344;0.4543;0.4182;-0.726813
0.392599;0.5443;0.4875;0.6082;-0.288052
0.8249;0.9513;0.8269;0.796299;1.47681
0.384799;0.072599;0.2303;0.0;0.154757
0.062799;0.2291;0.116399;0.062;-0.602264
0.465299;0.377299;0.4542;0.8004;0.309437
0.3959;0.4725;0.507899;0.523599;0.378972
0.4877;0.338;0.0512;0.0;-0.860447
0.0;0.087499;0.235599;0.6433;-0.176973
0.555599;0.422;0.3073;0.0;1.3186
0.1745;0.1479;0.3138;0.7637;0.78035
0.493099;0.4742;0.6173;0.556899;-0.781739
0.6592;0.6052;0.420299;0.1684;0.464874
0.002199;0.2925;0.0;0.190299;0.982767
0.3064;0.108699;0.9308;0.3947;-0.729335
0.459;0.6187;0.654499;0.8178;0.14069
0.7466;0.5966;0.5527;0.417199;0.605285
0.404199;0.4438;0.591;0.7169;0.852167
0.7639;0.8124;0.747599;0.6889;-0.498736
0.3426;0.481999;0.213699;0.241799;1.80143
0.4514;0.306999;0.5275;0.6454;0.381624
0.9229;0.7432;0.7325;0.532999;-0.395608
0.213299;0.2728;0.245;0.239;0.204312
0.3022;0.2878;0.3627;0.368;1.55094
0.4421;0.488199;0.5261;0.5717;-0.155783
0.4176;0.489999;0.0122;0.471699;0.0346299
0.5703;0.6072;0.923999;0.7312;1.92125
0.6644;0.998799;0.8199;0.5656;0.966972
0.593399;0.177199;0.524799;0.604799;-0.683898
0.413899;0.4514;0.379799;0.4457;1.00942
0.744;1.0;0.8455;1.0;0.243455
0.8298;0.4389;0.8;0.4239;1.19417
0.5046;0.818999;0.535599;0.559799;-0.70352
0.627399;0.491;0.5762;0.476199;0.823229
0.6841;0.606999;0.610599;0.5865;0.58245
0.3706;0.8038;0.4953;0.916399;-0.246531
0.9877;0.438199;0.846;0.5463;-0.00277799
0.4489;0.7499;0.5906;0.6798;1.42963
0.712299;0.6751;0.712299;0.620999;-0.0795607
0.6517;0.5622;0.439399;0.3393;-0.331295
0.3506;0.409799;0.4656;0.568099;0.0562842
0.4726;0.2828;0.5699;0.5547;0.0688131
0.586099;0.8942;0.586099;0.6872;-1.21954
0.7174;0.573999;0.646699;0.4431;0.123781
0.377599;0.1171;0.2651;0.267199;1.04546
0.3553;0.6404;0.439399;0.808399;-0.414968
0.8005;0.7635;0.7567;0.431;-0.583619
0.311599;0.099;0.2635;0.123;0.152486
0.267499;0.507999;0.292899;0.218;0.628048
0.3353;0.135999;0.2667;0.413499;-0.946147
0.1747;0.341;0.391999;0.3808;0.770646
0.4513;0.2224;0.320999;0.487299;0.988167
0.5211;0.7876;0.6683;0.6804;-0.102574
0.7028;0.645;0.5594;0.4752;0.59334
0.3806;0.456699;0.5102;0.7303;0.869458
0.7988;0.6825;0.8126;0.604699;0.965297
0.523;0.320799;0.4177;0.2818;0.0396665
0.3919;0.418;0.432199;0.56;1.81941
0.548099;0.898;0.613099;0.5886;-0.345457
0.5017;0.256;0.4619;0.386799;-0.088114
0.3908;0.550999;0.3497;0.4139;0.378042
0.5119;0.59;0.5928;0.5805;1.8529
0.590499;0.250399;0.420999;0.377499;-0.51499
0.331099;0.4956;0.1648;0.1715;0.484132
0.1989;0.277999;0.3109;0.139199;0.890356
0.181999;0.097599;0.405799;0.7786;0.355899
0.716699;0.5425;0.6029;0.404699;-1.10812
0.4186;0.471899;0.271099;0.0207;0.234741
0.0487;0.249;0.2307;0.5563;-0.186497
0.5089;0.244199;0.3614;0.480499;-0.884343
0.560199;0.7773;0.7667;0.7404;-0.658995
0.7021;0.666499;0.6171;0.4175;1.02668
0.248799;0.515699;0.354099;0.7667;1.14582
0.9217;0.6013;0.877099;0.539099;0.734853
0.549999;0.617999;0.4542;0.3851;0.504136
0.2937;0.15;0.2674;0.287199;-0.113708
0.3066;0.445499;0.4695;0.6094;-0.500769
0.64;0.630499;0.5581;0.3931;-0.413865
0.223099;0.281;0.052299;0.0;0.210279
0.4;0.1766;0.218399;0.402699;1.6242
0.1369;0.273399;0.5129;0.564;1.14617
0.6084;0.664;0.5839;0.5766;0.713855
0.4816;0.488;0.336099;0.229699;1.86054
0.285899;0.215999;0.3748;0.4373;0.0593598
0.4861;0.652;0.591799;0.7163;-0.576651
0.7146;0.751999;0.6371;0.2414;1.35071
0.375299;0.267;0.4296;0.682599;1.5653
0.5792;0.609999;0.6399;0.8241;1.14522
0.8382;0.625999;0.562;0.5062;0.727295
0.436699;0.54;0.657899;0.529399;0.907635
0.5433;0.382899;0.3468;0.2498;1.22751
0.224799;0.435099;0.354699;0.2539;-0.117141
0.3641;0.1655;0.3166;0.464199;0.910067
0.2653;0.503499;0.3727;0.4704;1.5843
0.5591;0.5192;0.7227;0.520399;1.09855
0.5626;0.557099;0.460699;0.6935;1.5508
0.601399;0.591699;0.5395;0.4035;0.591784
0.4257;0.58;0.424199;0.239999;0.265663
0.355;0.135999;0.305499;0.597799;1.07819
0.552199;0.4553;0.4489;0.3411;0.323909
0.3355;0.617799;0.5459;0.6671;0.265169
0.762;0.4539;0.7638;0.657;0.145059
0.4968;0.645;0.248899;0.271599;1.64356
0.309099;0.282999;0.0602;0.0;0.907695
0.0;0.0;0.334699;0.669;0.631415
0.639499;0.6937;0.5324;0.4875;0.231152
0.381;0.2375;0.291899;0.2892;1.6588
0.2335;0.4055;0.462;0.2593;0.592863
0.624699;0.637;0.617;0.629999;0.161701
0.3632;0.547;0.3672;0.475;-0.000185192
0.5046;0.37;0.480799;0.428899;1.52608
0.287399;0.059599;0.329499;0.3474;1.05758
0.525;0.477799;0.4451;0.5228;-0.700367
0.431099;0.421199;0.4473;0.2469;1.36552
0.4681;0.7424;0.543599;0.8504;1.43106
0.7931;1.0;0.7931;0.790599;0.335663
1.0;0.262;0.916599;0.617;0.552916
0.3486;0.550999;0.507899;0.673;0.597488
0.697099;0.625;0.639099;0.483999;0.292295
0.4554;0.5062;0.5308;0.513;-0.253892
0.407299;0.2828;0.350999;0.702999;1.35621
0.5886;0.389599;0.5668;0.201999;0.0260468
0.322199;0.295;0.3904;0.5441;-0.0165049
0.5573;0.729399;0.515899;0.4069;1.27397
0.451999;0.3416;0.4141;0.4871;0.797152
0.3641;0.445799;0.485299;0.5669;0.75311
0.5922;0.445899;0.5473;0.454599;-0.0464265
0.4266;0.7197;0.4715;0.430399;1.33847
0.653699;0.495999;0.559899;0.489;-0.61279
0.2796;0.414999;0.2924;0.315999;1.59267
0.4118;0.1547;0.278199;0.4189;0.444686
0.2514;0.2483;0.2498;0.2558;0.780147
0.3431;0.351699;0.515499;0.5669;0.664907
0.608;0.6819;0.2964;0.250699;0.676101
0.190899;0.141299;0.5137;0.3987;-0.255216
0.670999;0.6035;0.431799;0.427;1.07877
0.338;0.3561;0.4801;0.445999;1.45939
0.4041;0.402799;0.4753;0.6027;1.2283
0.4691;0.483899;0.280099;0.162299;0.612932
0.258199;0.2877;0.4093;0.6081;0.279975
0.5402;0.7866;0.636499;0.8301;0.428587
0.754299;0.7729;0.7488;0.3948;-0.362891
0.4819;0.4026;0.462599;0.661999;1.30997
0.7494;0.7793;0.7743;0.800999;0.742977
0.809999;0.7013;0.736799;0.507;1.93292
0.4916;0.823799;0.5641;0.544;1.09537
0.671599;0.3135;0.4749;0.416999;0.0331457
0.3893;0.291699;0.465199;0.464;-0.0634496
0.610699;0.7083;0.5348;0.535999;1.30428
0.3893;0.291699;0.465199;0.464;0.324213
0.4377;0.433499;0.4147;0.5731;0.226312
0.334499;0.4288;0.3831;0.4924;1.48591
0.7748;0.755499;0.796099;0.7287;0.550198
0.480599;0.4204;0.380099;0.245799;0.288009
0.319199;0.338799;0.4017;0.358;0.837856
0.2736;0.4723;0.564999;0.679099;0.81551
0.692;0.488099;0.433199;0.4729;-0.097913
0.43;0.479;0.402;0.43;0.467151
0.407;0.327999;0.494;0.489999;1.12491
0.398;0.327999;0.399;0.355;0.29453
0.541699;0.809999;0.445599;0.331;0.640326
0.503299;0.259;0.3974;0.533999;0.776541
0.2633;0.4742;0.465299;0.5089;0.683468
0.6015;0.5998;0.5542;0.6191;0.584238
0.786899;0.725199;0.827099;0.689;0.0987883
0.664;0.7337;0.6497;0.6997;0.495773
0.543099;0.696899;0.564499;0.7593;1.19947
1.0;0.6853;0.8475;0.605;1.27329
0.5225;0.910599;0.6597;0.841;-0.920189
0.772499;0.4311;0.6357;0.344;1.05725
0.1939;0.445899;0.3843;0.8183;0.836896
0.895499;0.7627;0.876199;0.412699;1.75793
0.4954;0.648599;0.4082;0.5618;0.345057
0.323;0.0655;0.2909;0.2698;0.718957
0.3471;0.3972;0.425899;0.339399;-0.127709
0.415799;0.488299;0.3936;0.625;1.20335
0.6167;0.622399;0.6812;0.7621;0.496733
0.891999;0.873799;0.864599;0.6989;0.393772
0.6136;0.5471;0.586399;0.5229;0.456625
0.470499;0.3648;0.2945;0.391099;1.13358
0.58;0.822399;0.716699;0.9459;0.99101
0.7785;0.734;0.8291;0.703299;-0.717235
0.7302;0.803599;0.712899;0.8026;0.342619
0.754899;0.7957;0.833;0.843599;1.75288
0.8874;0.8736;0.6265;0.6616;0.739485
0.6282;0.505299;0.882899;0.6536;0.161844
0.5713;0.7678;0.5775;0.6704;0.990569
0.8245;0.666899;0.820499;0.709;1.31797
0.814799;0.7894;0.724399;0.7007;-0.356132
0.0;0.2067;0.062;0.1313;1.42634
1.0;0.6998;0.888099;0.811999;0.816297
0.375399;0.341699;0.446;0.4136;0.83391
0.291499;0.3079;0.264199;0.112399;1.78613
0.3884;0.4773;0.4991;0.6801;1.38628
0.5044;0.6555;0.550899;0.6189;0.651127
0.794;0.6002;0.6048;0.503999;0.113183
0.3367;0.255099;0.332899;0.369;1.51635
0.2791;0.3418;0.4372;0.25;1.25841
0.555599;0.575499;0.3163;0.4808;0.915575
0.4382;0.5322;0.666399;0.8476;0.964295
0.7197;0.603;0.424299;0.1356;0.739652
0.1476;0.192499;0.347799;0.541999;1.56014
0.8013;0.726099;0.7805;0.55;-0.429315
0.290799;0.3899;0.0967;0.158999;1.55815
0.1018;0.021599;0.1811;0.352;1.03447
0.4833;0.664;0.717199;0.48;2.19955
0.5378;0.339099;0.436499;0.425;0.738215
0.3081;0.5752;0.428;0.753999;1.47885
0.798999;0.718899;0.793099;0.681;0.682002
0.9722;0.9526;0.8729;0.8508;-0.273806
0.3597;0.279;0.3819;0.4109;0.897723
0.5655;0.555;0.672799;0.4463;1.52807
0.4374;0.3378;0.296299;0.4206;0.658142
0.3061;0.427199;0.3925;0.4224;0.419986
0.480699;0.3567;0.2639;0.173999;2.37119
0.2862;0.614599;0.532999;0.837;0.832152
0.891199;0.6201;0.8969;0.547999;-0.282377
0.542899;0.4932;0.3304;0.263;0.0695105
0.2357;0.250299;0.410999;0.6676;1.22975
0.4522;0.427299;0.0804;0.0;0.224429
0.1324;0.4205;0.5604;0.9557;0.614005
0.513499;0.509899;0.5015;0.5123;1.42891
0.9793;0.697;0.527299;0.3043;0.761956
0.0945;0.322499;0.5222;0.3167;0.31104
0.4528;0.3548;0.3672;0.5853;0.730341
0.4236;0.523399;0.5455;0.5807;-0.264132
0.9494;0.726;0.6815;0.562899;0.894558
0.365299;0.5443;0.6048;0.610599;0.60153
0.6096;0.558699;0.622799;0.6226;0.315225
0.6325;0.6781;0.637699;0.6689;-0.538952
0.545;0.6769;0.555;0.623999;0.22369
0.654;0.433;0.590299;0.323;0.221824
0.236999;0.3828;0.300699;0.629999;0.385493
0.686;0.6532;0.6617;0.384;-0.381595
0.384;0.418299;0.4083;0.591999;-0.122416
0.591999;0.5946;0.591999;0.478;-0.666315
0.6598;0.4101;0.4892;0.463;-0.708521
0.318999;0.326499;0.1714;0.049999;0.117009
0.1307;0.2959;0.307599;0.5898;0.354176
0.3794;0.2515;0.3989;0.2536;0.225579
0.1219;0.1471;0.126799;0.025599;-0.1705
0.4832;0.535699;0.5491;0.764;0.813132
0.579599;0.6104;0.630599;0.654999;0.0840541
0.605399;0.633699;0.4922;0.255;0.46612
0.3659;0.2042;0.172699;0.232999;0.372052
0.2795;0.5079;0.5859;0.8045;1.45676
0.6294;0.487299;0.6064;0.451499;0.503987
0.6463;0.5799;0.540699;0.443;-0.13547
0.383199;0.386099;0.3065;0.364;0.868678
0.334499;0.3214;0.4275;0.361;1.68552
0.2462;0.414899;0.358499;0.487099;0.35392
0.4997;0.497399;0.465499;0.660299;0.0313218
0.703499;0.7893;0.7377;0.7206;1.65808
0.9202;0.8621;0.8813;0.873899;0.771564
0.765699;0.616199;0.5337;0.2391;-0.308341
0.23;0.275199;0.3982;0.689;0.621718
0.613199;0.5617;0.671299;0.366;0.7766
0.2227;0.2059;0.193;0.163;-0.558126
0.4483;0.4403;0.3108;0.42;-0.0765209
0.464;0.563599;0.505899;0.8263;1.17519
0.610699;0.4481;0.7226;0.447699;0.388151
0.3583;0.428;0.3239;0.384;-0.486941
0.479299;0.5469;0.394199;0.4145;0.434678
0.388999;0.317799;0.3297;0.3915;0.0464376
0.6945;0.7535;0.785999;0.8902;0.72413
0.746499;0.806799;0.8762;0.6768;0.14323
0.7754;0.613;0.5009;0.4368;1.49565
0.2101;0.3351;0.4316;0.310199;0.450241
0.337199;0.4568;0.405799;0.626;0.198298
0.6379;0.601799;0.6379;0.613999;-0.208968
0.741;0.5803;0.417499;0.3986;0.863951
0.185099;0.1432;0.3615;0.227399;0.515711
0.3716;0.503599;0.5017;0.777799;0.416791
0.654699;0.4995;0.545099;0.4238;1.17724
0.5759;0.637799;0.5602;0.4819;1.68846
0.3621;0.6197;0.5044;0.493499;0.120431
0.551099;0.2862;0.5489;0.6018;0.312441
0.4748;0.430199;0.295099;0.307099;1.2074
0.312799;0.352;0.4516;0.3301;0.588274
0.5608;0.686799;0.4284;0.485399;-0.0538294
0.365199;0.1973;0.372199;0.4157;1.8778
0.3306;0.3946;0.456499;0.5378;0.498926
0.5326;0.597799;0.5752;0.6002;0.249368
0.523199;0.715299;0.523199;0.6829;1.04041
0.8035;0.590299;0.6892;0.489799;0.651764
0.4605;0.3406;0.4039;0.339099;0.628626
0.451999;0.459499;0.427599;0.4824;0.180053
0.3229;0.3878;0.2559;0.071699;1.17626
0.2317;0.175999;0.2477;0.4461;0.652098
0.2186;0.3458;0.425899;0.406699;0.478577
0.560199;0.555399;0.532499;0.5106;1.18195
0.5499;0.4326;0.5836;0.5566;0.49721
0.4559;0.450199;0.3828;0.3566;0.527781
0.466;0.5273;0.5225;0.637;-0.144935
0.469999;0.4146;0.2889;0.0604;0.575709
0.224399;0.3469;0.455099;0.590299;0.935202
0.596;0.617799;0.5364;0.495799;1.25086
0.4009;0.4255;0.4056;0.675;1.21283
0.739599;0.6674;0.6089;0.3561;1.08812
0.1912;0.352399;0.376799;0.6613;0.91896
0.679099;0.4936;0.6445;0.472099;0.131821
0.5684;0.5473;0.344899;0.2445;0.0392194
0.2872;0.3884;0.5088;0.674299;1.2941
0.736699;0.669699;0.770699;0.646699;0.754076
0.538699;0.6694;0.425699;0.686199;1.24254
0.7453;0.6691;0.8114;0.4247;1.58552
0.4891;0.3811;0.427799;0.463999;0.379914
0.4743;0.4161;0.4578;0.4878;-0.0949447
0.273199;0.3367;0.344799;0.3565;1.41599
0.5809;0.5932;0.5376;0.457699;0.966531
0.4701;0.4475;0.4832;0.6967;0.343477
0.486699;0.6628;0.572499;0.449299;0.777572
0.503299;0.571999;0.503299;0.710699;0.789427
0.7202;0.5397;0.6538;0.4937;0.94484
0.4268;0.364699;0.0941;0.0823;-0.373537
0.0821;0.1568;0.4812;0.3433;0.716865
0.580099;0.5149;0.5444;0.6524;1.33872
0.5147;0.558699;0.540499;0.570999;1.08956
0.536099;0.4482;0.44;0.4616;0.443744
0.3876;0.410299;0.3047;0.089999;0.735712
0.212499;0.5588;0.401399;0.823;1.47023
0.7389;0.607299;0.7389;0.556999;0.0469025
0.683399;0.7302;0.6785;0.8516;0.703078
0.6883;0.6601;0.6633;0.630199;0.623524
0.5566;0.3449;0.468;0.2605;1.29843
0.399999;0.419899;0.4416;0.3277;0.886714
0.3487;0.6167;0.425599;0.7583;0.491267
0.622399;0.351499;0.5152;0.459199;1.03837
0.7146;1.0;0.820599;0.9937;-0.421954
0.8959;0.667299;0.8523;0.4681;0.482088
0.5566;0.5181;0.4802;0.5807;0.772625
0.420999;0.2995;0.4296;0.3963;0.392454
0.0;0.631399;0.0;0.7377;-0.0871424
1.0;0.606;1.0;0.601799;0.306791
0.6209;0.551199;0.6038;0.4132;-0.300706
0.477499;0.465199;0.4437;0.4625;-0.669223
0.3794;0.4323;0.495699;0.538799;1.24274
0.5871;0.5563;0.5498;0.5344;0.54835
0.649799;0.634;0.678899;0.6048;0.019234
0.5352;0.5197;0.517199;0.563099;1.06711
0.5246;0.6358;0.504799;0.6125;0.312858
0.4778;0.337599;0.4819;0.341999;0.56445
0.471499;0.455;0.338299;0.411999;0.278407
0.399999;0.417299;0.5348;0.5396;0.648719
0.6138;0.8278;0.6643;0.8278;0.319379
0.8194;0.6927;0.8194;0.6299;0.967371
0.5459;0.622499;0.5459;0.622599;0.947713
0.590999;0.5862;0.491499;0.646;1.10359
0.6964;0.8278;0.7959;0.7755;1.4276
0.7749;0.682199;0.733;0.604799;1.04043
0.5383;0.4369;0.5285;0.5327;0.410258
0.542199;0.4692;0.535299;0.415699;-0.121218
0.4514;0.449299;0.3045;0.3143;0.499886
0.604599;0.779;0.776899;0.8779;1.87274
0.4125;0.2918;0.3939;0.409499;1.1741
0.577199;0.502199;0.4331;0.3849;0.644201
0.3763;0.3482;0.503399;0.416799;0.360405
0.4619;0.459199;0.3393;0.4814;0.463795
0.0;0.6289;0.0;0.512499;-0.188208
1.0;0.589299;1.0;0.7224;1.18007
0.8742;0.6158;0.559799;0.2939;0.912529
0.2273;0.2193;0.4557;0.4737;0.460803
0.3792;0.3597;0.0;0.0;1.76052
0.0;0.102899;0.5209;0.591899;0.206798
0.5424;0.6016;0.4057;0.6404;-0.461096
0.685399;0.7881;0.8061;0.770199;0.414264
0.8393;0.562899;0.642399;0.3597;0.986713
0.2913;0.7147;0.2494;0.9064;0.73167
0.8763;0.4936;0.867599;0.323799;-0.176502
0.357399;0.431999;0.624099;0.6195;2.11979
0.585699;0.9046;0.585699;0.6462;1.01411
1.0;0.730499;0.7468;0.614799;0.661093
0.3209;0.3032;0.3444;0.5824;0.0206705
0.624499;0.674299;0.8308;0.780899;1.7812
0.5418;0.4126;0.4861;0.2805;0.835168
0.305;0.3718;0.0803;0.0465;0.322121
0.2769;0.319199;0.537299;0.5961;0.920671
0.587599;0.6304;0.6308;0.784199;1.91168
0.710699;0.5121;0.619299;0.4895;1.08125
0.4531;0.475999;0.4323;0.3799;-0.136382
0.311899;0.3432;0.303;0.269299;1.78724
0.3804;0.4886;0.471699;0.6869;0.841307
0.669799;0.587199;0.664899;0.474599;1.30759
0.6654;0.628399;0.6441;0.6169;0.440633
0.319799;0.323399;0.347999;0.415399;1.28126
0.6501;0.6304;0.616199;0.553;0.327199
0.4798;0.581599;0.5131;0.4431;0.486469
0.395099;0.4757;0.407699;0.451;0.451767
0.451;0.3006;0.43;0.439999;1.29499
0.43;0.4057;0.18;0.27;1.0574
0.279999;0.469999;0.5456;0.7;1.14683
0.76;0.559999;0.6609;0.449999;0.0466343
0.39;0.44;0.431;0.52;0.55893
0.509999;0.4514;0.432499;0.37;-0.373686
0.38;0.3986;0.48;0.48;0.7146
0.48;0.435599;0.39;0.389999;0.898629
0.349699;0.4045;0.3;0.28;1.26543
0.3203;0.289899;0.419999;0.469999;0.450551
0.469999;0.563299;0.57;0.62;1.58148
0.62;0.6467;0.5196;0.51;-0.501603
0.5;0.430099;0.6004;0.559999;0.110584
0.420999;0.8399;0.420999;0.84;0.370687
1.0;0.64;0.999;0.51;1.33091
0.469999;0.424599;0.346399;0.389999;-0.13327
0.399999;0.695399;0.543599;0.6;1.09713
0.58;0.3425;0.4277;0.52;0.407487
0.5;0.357499;0.299399;0.31;0.151467
0.32;0.4048;0.5619;0.439999;-0.188744
0.419999;0.6352;0.530999;0.58;1.18424
0.58;0.364799;0.469;0.419999;0.357794
0.419999;0.6352;0.530999;0.58;-0.31448
0.63;0.379999;0.42;0.329999;0.787282
0.329999;0.329999;0.449999;0.55;0.429493
0.382999;0.69;0.472999;0.509999;-0.214309
0.657;0.3;0.257;0.09;-0.191075
0.12;0.239999;0.4556;0.599999;1.0007
0.58;0.57;0.5944;0.52;0.415533
0.509999;0.5627;0.559999;0.595;0.306642
0.5474;0.388;0.4033;0.334999;-0.0307981
0.3626;0.633299;0.506699;0.609999;0.813275
0.67;0.446;0.4768;0.48;-0.35314
0.447999;0.434999;0.5642;0.505;0.372964
0.492;0.5379;0.568999;0.311999;0.388807
0.337;0.5569;0.337;0.579;0.876158
0.753;0.5002;0.6634;0.734;-0.0154976
0.55;0.649999;0.6296;0.639999;1.20881
0.64;0.6067;0.629999;0.51;-0.405616
0.48;0.6733;0.4788;0.719999;0.435257
0.75;0.4802;0.616499;0.39;0.642341
0.39;0.3598;0.4947;0.43;1.49382
0.469999;0.554199;0.37;0.44;-0.20094
0.43;0.5458;0.557599;0.739999;0.915318
0.699999;0.5648;0.5969;0.4;1.2065
0.449999;0.4554;0.465199;0.599999;0.903993
0.57;0.529799;0.6143;0.4614;0.205969
0.6448;0.65;0.6444;0.718599;1.16104
0.5252;0.739999;0.340199;0.58;1.46753
0.579999;0.701599;0.831399;0.84;1.06798
0.83;0.6796;0.82;0.449999;0.738656
0.449999;0.343;0.4173;0.51;0.427854
0.55;0.4158;0.3427;0.43;0.829088
0.419999;0.43;0.489999;0.5;0.187862
0.45;0.52;0.13;0.0;0.796747
0.049999;0.08;0.16;0.18;0.561094
0.248;0.183999;0.513999;0.464;2.10223
0.422;0.5772;0.526;0.596;0.594729
0.579999;0.740199;0.559999;0.609999;-0.196833
0.6;0.5186;0.64;0.8;-0.343192
0.789999;0.739999;0.789999;0.719999;-0.40713
0.682;0.5;0.673;0.52;0.386679
0.468;0.94;0.477;0.84;1.02678
0.832999;0.585899;0.669999;0.5;0.581896
0.567;0.3519;0.553899;0.28;0.962966
0.3;0.392199;0.3259;0.46;-0.179607
0.449999;0.3804;0.5489;0.552;-0.297898
0.5804;0.5122;0.4294;0.398;-0.268907
0.3796;0.4374;0.541499;0.5;0.66303
0.5;0.48;0.4604;0.48;0.803154
0.52;0.509999;0.5141;0.549999;0.662404
0.5;0.4855;0.335899;0.22;0.278538
0.25;0.4648;0.401299;0.48;-0.174183
0.469999;0.3127;0.517299;0.489999;-0.518763
0.49;0.567;0.5307;0.6;-0.24277
0.625999;0.526;0.579699;0.510999;0.66474
0.474;0.483999;0.460999;0.568999;0.65602
0.58;0.58;0.37;0.21;0.765764
0.189999;0.315999;0.469999;0.53;0.829041
0.54;0.404;0.139;0.149999;0.831496
0.109999;0.131;0.311;0.399999;-0.000793159
0.419999;0.489;0.565999;0.62;0.182056
0.64;0.593;0.599;0.43;0.701415
0.44;0.439;0.434999;0.379999;0.694787
0.41;0.488;0.48;0.64;0.212901
0.609999;0.439999;0.629999;0.48;0.254982
0.469999;0.51;0.48;0.5;1.98982
0.51;0.76;0.51;0.81;1.05308
0.759999;0.579999;0.66;0.41;0.253063
0.45;0.42;0.449999;0.489999;0.453144
0.479999;0.539999;0.538;0.609999;0.215697
0.6;0.68;0.59;0.609999;0.487858
0.59;0.359999;0.541999;0.39;0.651139
0.43;0.8;0.53;0.66;1.23965
0.68;0.521999;0.652;0.609999;0.786399
0.609999;0.408;0.468;0.33;0.830054
0.3;0.43;0.405;0.609999;0.559508
0.62;0.489999;0.574999;0.469999;-0.0332002
0.484999;0.494;0.509999;0.44;0.510948
0.414999;0.616;0.438;0.66;1.26179
0.67;0.549999;0.532;0.289999;0.703257
0.289999;0.307;0.469999;0.51;0.315129
0.52;0.692999;0.539999;0.739999;-0.356317
0.74;0.47;0.74;0.5;0.660896
0.479999;0.481999;0.299999;0.309999;0.523609
0.31;0.378;0.27;0.31;0.766736
0.329999;0.379999;0.539999;0.579999;0.677943
0.59;0.539999;0.529999;0.59;1.0308
0.63;0.56;0.56;0.449999;0.088739
0.389999;0.379999;0.529999;0.51;0.0764008
0.5;0.5;0.5;0.48;0.501209
0.51;0.68;0.46;0.64;0.976389
0.629999;0.53;0.56;0.579999;0.289076
0.56;0.690999;0.639999;0.65;0.38951
0.66;0.669;0.64;0.669999;1.00592
0.649999;0.44;0.449999;0.25;0.302088
0.27;0.279999;0.53;0.52;-0.294388
0.5;0.48;0.5;0.48;1.05219
0.49;0.66;0.449999;0.609999;0.43016
0.609999;0.488;0.519;0.49;0.0350471
0.509999;0.552;0.562999;0.509999;-0.628102
0.5;0.705;0.577999;0.72;0.0682529
0.72;0.555;0.69;0.5;-0.205994
0.5;0.37;0.53;0.488;-0.159526
0.48;0.509999;0.48;0.481999;0.470233
0.469999;0.55;0.414999;0.53;0.795936
0.53;0.553;0.555;0.539999;-0.13296
0.559999;0.556999;0.506999;0.59;-0.213671
0.609999;0.504;0.573;0.419999;-0.447506
0.41;0.417999;0.32;0.35;-0.343711
0.34;0.318;0.55;0.48;0.0955458
0.489999;0.558;0.449999;0.509999;0.577825
0.48;0.481999;0.42;0.49;0.594365
0.5;0.419999;0.436;0.329999;0.786882
0.34;0.44;0.439;0.43;1.1871
0.45;0.495999;0.515;0.62;0.422531
0.599999;0.454;0.599999;0.48;-0.0618879
0.48;0.5;0.48;0.51;0.254458
0.51;0.8;0.51;0.759999;0.823569
0.759999;0.494;0.538999;0.46;0.974249
0.47;0.548;0.661;0.57;0.240624
0.559999;0.597999;0.489999;0.419999;0.74948
0.39;0.361;0.49;0.5;0.778061
0.529999;0.488999;0.529999;0.58;0.607937
0.56;0.5;0.55;0.46;-0.461382
0.48;0.46;0.34;0.349999;1.15751
0.349999;0.539999;0.49;0.69;0.882744
0.69;0.55;0.66;0.489999;0.703972
0.5;0.57;0.509;0.55;-0.172681
0.539999;0.43;0.460999;0.469999;0.223851
0.42;0.6;0.53;0.64;0.116032
0.68;0.539999;0.521999;0.32;0.523126
0.329999;0.34;0.455;0.46;0.722807
0.46;0.55;0.492999;0.59;0.90053
0.57;0.69;0.57;0.75;0.695669
0.77;0.549999;0.669999;0.52;0.25779
0.51;0.52;0.55;0.53;0.680381
0.539999;0.47;0.539;0.413999;-0.225252
0.5;0.5;0.521;0.526;-0.042284
0.419999;0.46;0.399999;0.49;0.806379
0.49;0.489999;0.474;0.46;1.03511
0.489999;0.587;0.545999;0.629999;-0.23318
0.62;0.722999;0.64;0.71;0.626033
0.69;0.58;0.652999;0.609999;0.362449
0.599999;0.48;0.637;0.48;0.20284
0.51;0.509999;0.51;0.489999;-0.333894
0.489999;0.631;0.489999;0.58;0.667977
0.57;0.489;0.489;0.419999;0.582718
0.43;0.609999;0.501;0.69;0.518304
0.68;0.49;0.57;0.399999;0.150841
0.42;0.799999;0.537999;0.92;0.807285
0.91;0.53;0.825;0.55;-0.379247
0.55;0.523;0.456999;0.379999;0.47869
0.389999;0.376999;0.25;0.189999;0.338143
0.18;0.36;0.5;0.66;0.374084
0.65;0.634;0.65;0.65;-0.4798
0.64;0.579999;0.55;0.43;0.42597
0.449999;0.335999;0.257999;0.23;0.165325
0.23;0.53;0.442;0.8;0.465631
0.8;0.564;0.8;0.5;-0.659693
0.509999;0.745999;0.579999;0.789999;0.922006
0.76;0.522;0.708;0.489999;1.28758
0.509999;0.477999;0.431999;0.449999;0.0796314
0.43;0.673;0.559999;0.69;-0.708795
0.72;0.497;0.527;0.379999;1.04436
0.379999;0.39;0.452999;0.52;0.629264
0.44;0.460999;0.56;0.49;0.614214
0.549999;0.798999;0.549999;0.789999;0.273478
0.78;0.69;0.76;0.67;1.28111
0.699999;0.64;0.719999;0.549999;0.16039
0.539999;0.469999;0.32;0.41;0.276982
0.39;0.55;0.56;0.74;-0.616557
0.73;0.62;0.779999;0.43;0.334948
0.46;0.399999;0.43;0.579999;0.486087
0.579999;0.75;0.46;0.77;0.775796
0.76;0.53;0.8;0.369999;0.138592
0.379999;0.506999;0.388999;0.53;0.369167
0.55;0.513;0.550999;0.64;0.709348
0.6;0.53;0.58;0.34;0.378638
0.359999;0.410999;0.379;0.48;-0.141275
0.355;0.644;0.456;0.561999;0.416034
0.574999;0.331;0.574999;0.468;0.579392
0.609999;0.693999;0.609999;0.77;0.589287
0.76;0.681;0.75;0.669999;0.152707
0.669999;0.731999;0.649999;0.741;1.04656
0.629;0.782;0.659;0.743;0.784123
0.698;0.759;0.698;0.465999;-0.285423
0.602999;0.456;0.512999;0.8;0.122255
0.76;0.952;0.727;0.57;0.794756
0.609999;0.378;0.713;0.699999;-0.133068
0.69;0.799999;0.649;0.609999;-0.216085
0.609999;0.45;0.550999;0.51;1.13032
0.52;0.329999;0.32;0.349999;0.214272
0.359999;0.34;0.405999;0.31;-0.523496
0.309999;0.359999;0.434;0.469999;-0.252372
0.45;0.41;0.408;0.32;0.633579
0.349999;0.91;0.541999;1.0;-0.216061
1.0;0.635;0.97;0.559999;-0.548739
0.59;0.564999;0.479999;0.4;0.116622
0.379999;0.42;0.45;0.469999;0.756752
0.48;0.419999;0.509999;0.55;0.46736
0.58;0.968;0.67;1.0;-0.487954
0.850999;0.717;0.850999;0.535;0.703513
0.673999;0.574999;0.561;0.43;0.543058
0.391999;0.35;0.504999;0.689;0.378847
0.723;0.759999;0.702999;0.449999;-0.56566
0.509999;0.289999;0.336;0.449999;0.894117
0.35;0.31;0.0;0.0;-0.0611905
0.0;0.189999;0.579999;0.69;0.938266
0.689999;0.73;0.73;0.8;0.0468906
0.78;0.56;0.21;0.0;1.31695
0.0;0.0;0.196999;0.34;0.494134
0.279999;0.497999;0.533;0.56;1.64691
0.58;0.38;0.475999;0.32;0.180637
0.34;0.573999;0.423999;0.759999;0.546825
0.739999;0.696;0.82;0.59;0.433898
0.62;0.39;0.4;0.32;0.831097
0.27;0.25;0.0;0.03;0.479757
0.059999;0.359999;0.559999;0.77;0.74591
0.78;0.55;0.55;0.3;0.691425
0.27;0.43;0.53;0.599999;0.408804
0.64;0.654;0.619999;0.74;0.567257
0.71;0.625999;0.64;0.669999;0.334805
0.66;0.66;0.56;0.26;0.689077
0.3;0.4;0.449999;0.68;0.0470515
0.669999;0.515999;0.609999;0.532;0.293701
0.343;0.504999;0.396;0.315;1.05732
0.334;0.339;0.390999;0.532999;0.764906
0.683;0.609999;0.632999;0.57;0.848049
0.57;0.379999;0.23;0.15;0.635838
0.16;0.272;0.48;0.619999;0.898057
0.609999;0.527999;0.576;0.46;0.0363048
0.47;0.8;0.564;0.82;0.444221
0.849999;0.489999;0.73;0.399999;0.753122
0.37;0.69;0.489999;0.71;1.42844
0.69;0.42;0.56;0.39;0.300651
0.0;0.479999;0.099999;0.57;0.38287
1.0;0.9;1.0;0.96;0.813299
0.96;0.5;0.78;0.299999;0.691479
0.309999;0.559999;0.439999;0.58;-0.0189011
0.489999;0.379999;0.25;0.109999;0.773352
0.19;0.12;0.439;0.469999;1.22629
0.48;0.94;0.311;0.36;-0.676972
0.34;0.169999;0.438;0.529999;-0.0744049
0.51;0.38;0.611999;0.699999;0.751644
0.699999;0.539999;0.399999;0.14;0.662654
0.0;0.149999;0.0;0.41;-0.26871
1.0;0.51;0.94;0.66;1.42915
0.64;0.71;0.645999;0.64;0.551134
0.63;0.739999;0.854;0.82;0.671112
0.829999;0.51;0.559999;0.32;-0.190121
0.309999;0.43;0.39;0.359999;1.50623
0.37;0.439999;0.529999;0.649999;0.298345
0.66;0.56;0.5;0.32;0.371569
0.309999;0.358999;0.42;0.5;0.396943
0.52;0.551;0.579999;0.65;1.27284
0.279999;0.789999;0.3;0.73;0.849276
1.0;0.489999;0.97;0.379999;0.038987
0.369999;0.4;0.459999;0.609999;1.18934
0.61;0.629999;0.616;0.53;1.19566
0.539999;0.41;0.264;0.23;0.0794526
0.23;0.359999;0.5;0.609999;0.820434
0.609999;0.52;0.466999;0.378;0.698906
0.238;0.69;0.401;0.841999;0.0507172
0.972;0.579999;0.841999;0.37;0.166881
0.379999;0.343;0.46;0.53;1.53844
0.509999;0.537;0.559999;0.5;0.137269
0.53;0.610999;0.149;0.319999;0.0168856
0.309999;0.363;0.545;0.48;0.486558
0.48;0.422999;0.0;0.24;1.10769
0.24;0.265;0.973;0.509999;0.418192
0.5;0.600999;0.593999;0.59;-0.0425581
0.59;0.589;0.52;0.62;0.996536
0.629999;0.524999;0.58;0.43;0.799071
0.42;0.402;0.416999;0.57;0.314784
0.579999;0.599;0.561;0.344;0.685435
0.344;0.667999;0.482;0.885999;0.160306
0.885999;0.582;0.753;0.46;1.13637
0.449999;0.459;0.532;0.52;0.177776
0.539999;0.706;0.540999;0.759999;0.931727
0.75;0.805;0.702;0.67;0.490087
0.69;0.408;0.687999;0.579999;0.80192
0.55;0.738;0.53;0.56;0.385248
