<OPEN>;<HIGH>;<LOW>;<CLOSE>;(predicted -> )<LOW>
1.0;1.0;1.0;1.0;0.42236876
1.0;1.0;1.0;1.0;0.8299334
1.0;1.0;1.0;1.0;-0.001748085
1.0;1.0;1.0;1.0;0.7688744
0.0;0.0;0.0;0.0;0.102327585
0.0;0.0;0.0;0.0;0.4317267
0.0;0.0;0.0;0.0;0.63015056
0.0;0.0;0.0;0.0;1.3186557
0.5;0.5;0.5;0.5;1.1906965
0.0;0.0;0.0;0.0;0.78703594
0.519;0.519;0.519;0.519;0.3224535
0.494;0.494;0.494;0.494;0.6956084
1.0;1.0;1.0;1.0;0.3658874
1.0;1.0;1.0;1.0;0.41440558
1.0;1.0;1.0;1.0;0.5273266
0.0;0.0;0.0;0.0;0.4238708
0.0;0.0;0.0;0.0;0.5695386
0.622;0.622;0.622;0.622;0.94430876
0.822999;0.822999;0.822999;0.822999;0.61952305
0.268;0.268;0.268;0.268;0.50233436
0.669;0.669;0.669;0.669;0.599931
0.442;0.442;0.442;0.442;0.7360501
0.762;0.762;0.762;0.762;0.43350887
0.597;0.597;0.597;0.597;0.80033374
0.262999;0.262999;0.262999;0.262999;-0.2615528
0.577999;0.577999;0.577999;0.577999;0.44048858
1.0;1.0;1.0;1.0;0.44933987
0.689999;0.689999;0.689999;0.689999;1.8589718
0.513;0.513;0.513;0.513;0.37131143
0.015;0.015;0.015;0.015;0.9893162
0.123999;0.123999;0.123999;0.123999;0.32996368
0.0;0.0;0.0;0.0;0.72477293
1.0;1.0;1.0;1.0;0.4768653
1.0;1.0;1.0;1.0;1.0972066
1.0;1.0;1.0;1.0;-0.19080806
0.0;0.0;0.0;0.0;0.32481384
0.0;0.0;0.0;0.0;0.50694776
0.173;0.173;0.173;0.173;1.2408061
0.696999;0.696999;0.696999;0.696999;0.7464154
0.289;0.289;0.289;0.289;0.8410318
0.544;0.544;0.544;0.544;0.74316096
0.334999;0.334999;0.334999;0.334999;0.43432546
0.268;0.268;0.268;0.268;1.2561245
0.555;0.555;0.555;0.555;0.46979022
0.089999;0.089999;0.089999;0.089999;0.23825005
0.0;0.0;0.0;0.0;0.07110071
0.029;0.029;0.029;0.029;0.43849778
0.312999;0.312999;0.312999;0.312999;0.4719777
1.0;1.0;1.0;1.0;0.3845377
0.5;0.5;0.5;0.5;0.27950838
0.215;0.215;0.215;0.215;0.2053006
0.891999;0.891999;0.891999;0.891999;1.2559934
0.508;0.508;0.508;0.508;0.93225074
1.0;1.0;1.0;1.0;0.25614932
0.658999;0.658999;0.658999;0.658999;0.051496744
1.0;1.0;1.0;1.0;0.048021793
0.257999;0.257999;0.257999;0.257999;0.17387703
0.486999;0.486999;0.486999;0.486999;1.1116965
0.0;0.0;0.0;0.0;0.6943388
0.333;0.333;0.333;0.333;-0.017817497
1.0;1.0;1.0;1.0;0.7757647
0.265;0.265;0.265;0.265;0.27922228
0.440999;0.440999;0.440999;0.440999;0.751297
0.63;0.63;0.63;0.63;0.8431597
0.498999;0.498999;0.498999;0.498999;0.2744718
1.0;1.0;1.0;1.0;-0.28274226
0.967;0.967;0.967;0.967;0.09378028
1.0;1.0;1.0;1.0;0.016085625
1.0;1.0;1.0;1.0;1.0035319
1.0;1.0;1.0;1.0;0.38378072
0.309999;0.309999;0.309999;0.309999;1.6516311
0.402;0.402;0.402;0.402;0.3108604
0.245999;0.245999;0.245999;0.245999;0.6421132
1.0;1.0;1.0;1.0;0.66463184
0.942;0.942;0.942;0.942;0.061110973
0.646;0.646;0.646;0.646;-0.21408963
0.87;0.87;0.87;0.87;0.88605714
0.739999;0.739999;0.739999;0.739999;0.05005431
0.292;0.292;0.292;0.292;0.6937487
0.509999;0.509999;0.509999;0.509999;0.7728143
0.0;0.0;0.0;0.0;0.31372142
0.0;0.0;0.0;0.0;0.14826491
0.163999;0.163999;0.163999;0.163999;1.0356231
0.056;0.056;0.056;0.056;0.28759077
1.0;1.0;1.0;1.0;0.68275166
0.369;0.369;0.369;0.369;0.016383648
0.332;0.332;0.332;0.332;0.35487843
0.0;0.0;0.0;0.0;-0.043548822
0.5;0.5;0.5;0.5;1.4742179
0.5;0.5;0.5;0.5;0.1305683
0.5;0.5;0.5;0.5;0.8754773
0.5;0.5;0.5;0.5;-0.38483906
0.5;0.5;0.5;0.5;0.6964488
0.5;0.5;0.5;0.5;-0.28984118
0.5;0.5;0.5;0.5;1.1986716
0.5;0.5;0.5;0.5;0.12730792
0.5;0.5;0.5;0.5;0.6132705
0.5;0.5;0.5;0.5;-0.06559062
0.5;0.5;0.5;0.5;-0.12899208
0.5;0.5;0.5;0.5;-0.044609785
0.5;0.5;0.5;0.5;0.822757
0.5;0.5;0.5;0.5;0.16695693
0.5;0.5;0.5;0.5;0.5990429
1.0;1.0;1.0;1.0;0.04195404
0.3226;0.3018;0.3226;0.2997;-0.070794106
0.483999;0.483999;0.483999;0.493099;-0.010718584
0.080999;0.080999;0.080999;0.080999;0.29854015
0.6907;0.6907;0.6907;0.6907;0.84192586
0.4021;0.4021;0.4021;0.4021;-0.005556822
0.6398;0.6398;0.6398;0.6398;-1.1389152
0.523099;0.523099;0.523099;0.523099;-0.6788926
0.459299;0.459299;0.459299;0.459299;-0.30330586
0.442;0.442;0.442;0.442;0.29311016
0.503499;0.503499;0.503499;0.503499;1.01407
0.2972;0.2972;0.2972;0.2972;0.7801337
0.4756;0.4756;0.4756;0.4756;1.1327906
0.6336;0.6336;0.6336;0.6336;0.56093764
0.468599;0.468599;0.468599;0.468599;-0.29635
0.5286;0.6026;0.4726;0.5306;0.9069307
0.2769;0.2029;0.3329;0.274899;1.411037
0.6033;0.6033;0.6033;0.6033;0.039832115
0.392099;0.392099;0.392099;0.392099;-0.25501418
0.1263;0.1263;0.1263;0.1263;-1.0368543
0.275199;0.275199;0.275199;0.275199;0.26356414
0.4282;0.4282;0.4282;0.4282;0.06901455
0.4953;0.4953;0.4953;0.4953;1.628123
0.6645;0.6645;0.6645;0.6645;1.2991114
0.3964;0.3964;0.3964;0.3964;0.7494612
0.421099;0.421099;0.421099;0.421099;-1.1993483
0.6291;0.6291;0.6291;0.6291;1.6425116
0.472799;0.472799;0.472799;0.472799;0.081138134
0.6168;0.6168;0.6168;0.6168;1.113729
0.492599;0.492599;0.492599;0.492599;0.33227038
0.525099;0.525099;0.525099;0.525099;0.29916003
0.486;0.486;0.486;0.486;-0.6503122
0.6226;0.6226;0.6226;0.6226;2.168952
0.451999;0.451999;0.451999;0.451999;-0.3834443
0.6442;0.6442;0.6442;0.6442;2.062778
0.091899;0.091899;0.091899;0.091899;-0.49747396
0.910399;0.910399;0.910399;0.910399;-0.7584648
0.9116;0.9116;0.9116;0.9116;0.7310016
1.0;1.0;1.0;1.0;0.85400176
0.216;0.216;0.216;0.216;0.26557282
0.438599;0.7135;0.4025;0.7014;0.82856846
0.7494;0.793799;0.785499;0.793499;-0.42672324
0.782399;1.0;0.782399;1.0;0.7313771
1.0;1.0;1.0;0.0;1.9436879
1.0;0.450599;0.4004;1.0;0.20153955
0.0;0.0;0.0;0.0;0.9952946
0.0;0.0;0.132;0.0;0.47058296
0.068699;0.5499;0.2207;1.0;0.73773694
1.0;1.0;1.0;1.0;0.73215795
1.0;0.0;1.0;0.0;2.1409793
1.0;1.0;1.0;0.8767;-0.63219833
0.2071;0.375;0.277999;0.549299;1.2779517
0.5909;0.509;0.655;0.173;0.77253413
0.728999;0.509;0.739;1.0;1.1256142
0.459;0.459;0.459;0.459;-0.21280217
0.402999;0.402999;0.402999;0.402999;0.82430077
0.108;0.108;0.108;0.108;0.0008983612
0.553999;0.553999;0.553999;0.553999;0.8006973
0.0;0.0;0.0;0.0;0.7286949
0.441999;0.441999;0.441999;0.441999;1.0990901
0.0;0.0;0.0;0.0;0.28412774
0.495;0.495;0.495;0.495;1.186101
0.288999;0.288999;0.288999;0.288999;0.8534653
0.535;0.535;0.535;0.535;0.8986218
0.601;0.601;0.601;0.601;0.27364925
0.0;0.0;0.0;0.0;0.6537242
0.702999;0.702999;0.702999;0.702999;-0.21661091
0.433;0.433;0.433;0.433;1.0758562
0.111;0.111;0.111;0.111;0.5943103
0.913999;0.913999;0.913999;0.913999;0.69104266
0.594;0.594;0.594;0.594;0.028578758
0.565;0.565;0.565;0.565;0.8585973
0.518;0.518;0.518;0.518;0.08887482
0.241;0.241;0.241;0.241;0.21533206
0.781199;0.781199;0.781199;0.781199;0.3221197
0.425799;0.425799;0.425799;0.425799;0.46006274
0.424;0.424;0.424;0.424;0.105009794
1.0;1.0;1.0;1.0;1.1597736
0.729499;0.729499;0.729499;0.729499;0.6433053
0.2615;0.2615;0.2615;0.2615;0.061861992
0.0;0.0;0.0;0.0;0.9667201
0.485;0.485;0.485;0.485;-0.5426245
0.7134;0.7134;0.7134;0.7134;0.66229534
0.4376;0.4376;0.4376;0.4376;0.05579424
0.326999;0.326999;0.326999;0.326999;1.1504633
0.353899;0.353899;0.353899;0.353899;-1.0763899
0.1731;0.1731;0.1731;0.1731;0.8368833
0.3686;0.3686;0.3686;0.3686;-0.55174994
0.476399;0.476399;0.476399;0.476399;0.10164213
0.6931;0.6931;0.6931;0.6931;0.8175893
0.5959;0.759899;0.5029;0.533899;-0.12421775
0.3447;0.1807;0.4377;0.4067;1.0622246
0.0013;0.0013;0.0013;0.0013;-0.44077206
0.6509;0.8441;0.572599;0.7028;0.99844766
0.603199;0.521899;0.4485;0.410999;-0.3216164
0.6011;0.4905;0.526699;0.2932;1.2781425
0.2149;0.461599;0.5223;0.721999;-0.13921428
0.9895;0.8249;0.6617;0.6056;0.55909586
0.189599;0.270199;0.4878;0.401399;0.06251764
0.603999;0.5501;0.633599;0.663;-0.12176204
0.5491;0.480499;0.4388;0.401699;1.0902746
0.3033;0.376899;0.3587;0.4123;1.262079
0.6096;0.5133;0.364599;0.224;1.1753006
0.180899;0.459;0.4573;0.513999;0.1113458
0.3499;0.3591;0.3734;0.487;0.34980607
0.7696;0.505199;0.474999;0.416999;-0.15071201
0.3352;0.412199;0.498;0.718;1.3435526
0.607299;0.4944;0.472;0.228;-0.37096906
0.3823;0.439499;0.612099;0.778399;2.0850048
0.680099;0.8378;0.6519;0.7374;-0.35230088
0.515899;0.410699;0.5668;0.393;0.5627377
0.4147;0.312799;0.218999;0.1582;1.4474196
0.334;0.4993;0.4649;0.518799;0.777982
0.5762;0.407;0.266999;0.3061;0.67921114
0.1316;0.4037;0.5304;0.7745;0.5390389
0.822099;0.587299;0.4259;0.4316;-0.3029244
0.4737;0.452099;0.805899;0.44;-0.20579267
0.481999;0.5699;0.4673;0.5717;2.0277126
0.347;0.513999;0.387699;0.437199;-0.5758004
0.579099;0.342;0.3404;0.4091;0.8862598
0.3281;0.349;0.157499;0.403099;0.9624703
0.452299;0.4862;0.8172;0.5931;0.17671421
0.5102;0.503299;0.5;0.5058;1.1219902
0.5815;0.5528;0.591;0.4895;0.6686492
0.447899;0.441599;0.4845;0.4732;-0.23383665
0.3099;0.3609;0.079899;0.307299;0.8397682
0.8855;1.0;1.0;1.0;0.15468433
0.867799;0.5372;0.888999;0.679;0.65573883
0.606999;0.606999;0.606999;0.606999;0.010673523
0.4588;0.578399;0.4588;0.337;0.454746
0.5468;0.9066;0.5468;0.9831;0.09329152
0.814499;0.4428;0.156399;0.0;0.5038781
0.4566;0.526399;1.0;1.0;0.7602675
0.552099;0.5329;0.638;0.629799;-0.10926294
0.616799;0.552699;0.563099;0.475;0.5395932
0.4511;0.3933;0.4457;0.4239;0.23034051
0.4845;0.516999;0.494699;0.622199;1.0012968
0.6321;0.914;0.681;0.7239;-0.5375819
0.878699;0.6017;0.739799;0.533;2.0343704
0.41;0.802699;0.5195;0.867;-0.8464472
0.8227;1.0;0.716999;0.594999;0.87324214
0.745799;0.0;0.8809;0.684999;1.1593027
0.5636;0.4397;0.0;0.1059;0.3767116
0.062;0.055599;0.8481;0.3001;-0.2600627
0.6205;0.8644;0.6949;0.430999;1.1119587
0.308899;0.069;0.295999;0.5821;-0.62737036
0.3736;0.347999;0.1079;0.0249;0.56009126
0.2315;0.209;0.0;0.526199;1.1606975
0.3619;0.7577;0.8944;0.951699;0.49403146
0.911299;0.8889;0.599399;0.053;0.5091114
0.666;0.3765;0.1171;0.574099;0.6239815
0.0;0.0555;0.882999;0.312;0.021491766
0.7195;0.498799;0.5577;0.535;0.7823689
0.358;0.3594;0.0;0.338;0.85322094
0.443199;0.533199;1.0;0.863799;0.008307219
0.5885;0.528;0.4779;0.4088;0.8546097
0.5347;1.0;0.644199;0.877399;0.24831727
0.9097;0.650099;0.9108;1.0;0.74881744
1.0;0.9506;1.0;0.9654;-0.19893217
0.9922;0.6113;0.967199;0.145199;1.2443347
0.3553;0.1449;0.3303;0.634;0.8330269
0.4206;0.4834;0.3504;0.398299;0.8728726
0.505199;0.6006;0.581399;0.5179;-0.14408994
0.520299;0.409299;0.4184;0.2008;0.8206172
0.2636;0.4767;0.105799;0.052999;0.08554292
0.173;0.0;0.2515;0.7753;0.77536535
0.564499;0.5383;0.4001;0.2501;0.65890384
0.079;0.1615;0.320499;0.113599;-0.15741158
0.608499;0.7564;0.7058;0.597;0.21264985
0.418099;0.306999;0.396999;0.547;0.65210295
0.5817;0.632;0.6157;0.379;0.23075774
0.3643;0.418899;0.4022;0.584999;1.4465196
0.7192;0.5912;0.7192;0.9047;0.3639741
0.424499;0.4169;0.287399;0.0;0.35046768
0.6022;0.561199;0.6606;0.9583;0.9090586
0.3953;0.3904;0.390499;0.1707;0.7192893
0.238099;0.367599;0.296399;0.495999;0.14960006
0.7634;0.7118;0.6778;0.9308;0.77480507
0.651399;0.847;0.7622;0.4312;0.3460629
0.805099;0.997;0.805099;0.975999;0.51802826
0.698499;0.741599;0.548;1.0;0.9945853
0.9855;0.5913;0.267199;0.2281;-0.020702362
0.561399;0.409099;1.0;0.498;-0.15643406
0.3506;0.4366;0.5837;0.547999;-0.22906232
0.5468;0.474699;0.4314;0.5558;0.5358143
0.279;0.3597;0.0;0.2332;0.012354374
0.540599;0.6733;1.0;0.745999;1.1902733
0.8453;0.616399;0.6749;0.698399;0.17078355
0.4323;0.548;0.0;0.4206;0.91841054
0.6754;0.909399;1.0;0.95;0.48535895
0.826599;0.4741;0.646599;0.572999;1.0402961
0.2424;0.4858;0.0;0.4512;0.6471379
0.5117;0.9188;1.0;0.0;0.076274395
0.351899;0.0;0.1663;0.641999;0.69750977
0.5246;0.369899;0.504199;0.12;-0.09073186
0.5274;0.485099;0.3868;0.691099;0.39275718
0.1035;0.1113;0.3194;0.0569;0.10414553
0.2328;0.7475;0.505099;0.727;0.7514758
0.6855;0.4204;0.6855;0.8751;-0.550236
0.675799;0.566799;0.4194;0.4133;1.8594964
0.1704;0.604;0.4268;0.5213;0.7557852
0.782399;0.539999;0.782399;0.578699;1.1814816
0.5946;0.2893;0.526199;0.2276;0.2806349
0.4527;0.515699;0.4318;0.672499;0.78911614
0.2006;0.728999;0.279199;0.352999;0.0017447472
0.641999;0.0767;0.476199;0.1485;1.3757749
0.3294;0.298699;0.4282;0.737199;0.882463
0.4773;0.5522;0.5473;0.6019;-1.0481791
0.5732;0.570399;0.559799;0.1849;-0.30442643
0.4553;0.4933;0.3835;0.689399;0.48696232
0.434799;0.350399;0.4161;0.407299;1.3384206
0.478;0.4981;0.5671;0.556799;1.0127051
0.472999;0.831199;0.4955;0.812;0.8355899
0.8171;0.4835;0.625799;0.0;-0.2103107
0.2803;0.2165;0.3982;0.575999;0.38505626
0.4757;0.783999;0.549099;0.646;1.0083003
0.612099;0.3441;0.506499;0.588799;0.8214934
0.3712;0.2972;0.186199;0.0;0.15951827
0.314299;0.518699;0.5059;0.922999;-0.16832519
0.470099;0.387;0.0;0.2985;0.02461505
0.3077;0.403499;1.0;0.4472;-0.5428033
0.5011;0.5161;0.4864;0.365299;1.082514
0.666399;0.727399;0.724399;0.417;0.013832569
0.4307;0.2373;0.3947;0.692399;0.56333375
0.357299;0.426199;0.460899;0.5581;0.08109045
0.6028;1.0;0.6028;1.0;0.36758018
1.0;0.7532;1.0;0.4733;0.077299595
0.6505;0.489999;0.6505;0.656099;0.9202583
0.571099;0.468;0.240499;0.1081;0.9731753
0.294499;0.2222;0.4824;0.588899;0.41476917
0.1181;0.3767;0.2608;0.1226;0.6093366
0.747799;0.485299;0.459199;0.596699;0.37619305
0.2302;0.2604;0.390799;0.494;0.60348344
0.537;0.690899;0.6429;0.6273;0.53571296
0.670099;0.6796;0.4376;0.318899;0.30461386
0.2815;0.1169;0.4148;0.5059;-0.063587904
0.4952;0.5688;0.6261;0.530999;0.73010755
0.499399;0.4262;0.4316;0.430199;0.4460199
0.5248;0.647499;0.5212;0.7167;0.50329995
0.616;0.5775;0.6408;0.5183;0.46693516
0.5257;0.698499;0.5627;0.787099;0.58529806
0.804599;0.7004;0.804599;0.504999;0.8022232
0.5396;0.5941;0.5396;0.6171;1.1039717
0.6558;0.407399;0.5778;0.3576;0.64760876
0.450499;0.476199;0.5285;0.598599;-0.11522937
0.4828;0.559;0.4828;0.5572;1.1281474
0.767099;1.0;0.767099;0.9544;0.40902328
0.8624;0.735099;0.783899;0.5363;0.9765668
0.4221;0.5221;0.4635;0.706399;0.5205436
0.588999;0.2789;0.0;0.399899;0.98649096
0.4596;1.0;1.0;1.0;-0.4563825
1.0;1.0;1.0;0.811799;0.9207411
1.0;0.171299;0.392599;0.8559;0.45342875
0.565299;0.238399;1.0;0.348499;0.48851207
0.3273;0.2791;0.095299;0.0731;0.45945477
0.1235;0.2272;0.4331;0.4855;0.40824246
0.497;0.384;0.575999;0.523;0.6624801
0.2478;0.491199;0.2658;0.509399;-0.023867369
0.625699;0.497799;0.5517;0.415399;1.3028426
0.6953;0.5919;0.421499;0.3903;0.6335838
0.1207;0.146599;0.3373;0.2783;0.30401185
0.5566;0.582699;0.528599;0.550599;1.0493977
0.3521;0.424499;0.5113;0.4917;0.33995342
0.492899;0.4458;0.172699;0.1494;-0.6223159
0.1076;0.077899;0.1754;0.165599;1.2753589
0.3492;0.414999;0.529499;0.5187;-0.24014878
0.263299;0.2573;0.1961;0.362299;1.5334232
0.4211;0.6121;0.5604;0.7321;-0.075538635
0.6938;0.913699;0.539299;0.882099;0.84890556
1.0;0.668199;0.8583;0.1834;-0.45654345
0.2843;0.1522;0.4435;0.495099;0.8524699
0.446899;0.7221;0.5916;0.7705;0.38350654
0.706299;0.555399;0.7073;0.540099;1.2629075
0.6098;0.5042;0.381;0.389199;0.55546594
0.2392;0.399;0.5008;0.614;0.3021939
0.7391;0.584599;0.432199;0.2239;0.19723609
0.148299;0.2648;0.404;0.6211;0.65982175
0.5654;0.560299;0.5788;0.582099;0.13474658
0.6556;0.8119;0.6934;0.5629;0.906132
0.666499;0.3808;0.6015;0.5518;0.071529865
0.49;0.504;0.507999;0.559999;0.04347396
0.632899;1.0;0.6799;1.0;-0.218256
0.919699;0.495799;0.764199;0.2998;-0.36513376
0.369;0.332899;0.062599;0.1555;0.09851885
0.0405;0.0849;0.099;0.005299;1.5942676
0.0;0.0;0.0;0.2019;0.5978091
0.738699;0.6736;0.643599;0.432499;0.7309778
0.595;0.305399;0.4695;0.5448;0.28667882
0.553999;0.6352;0.4224;0.305199;0.2489908
0.1582;0.172699;0.4595;0.489899;0.1594527
0.3306;0.4098;0.381499;0.430099;0.9571655
0.4923;0.3743;0.4055;0.3333;-0.8723335
0.483699;0.4894;0.465799;0.521899;-0.37248898
0.6448;0.6828;0.6702;0.7885;-0.5753772
0.6059;0.4737;0.456;0.4116;0.26143625
0.360999;0.6267;0.590199;0.527899;0.20411447
0.4707;0.292999;0.4193;0.4357;1.0311885
0.581199;0.5986;0.56;0.5871;0.84616375
0.5102;0.550999;0.523699;0.526;1.0428889
0.5062;0.4192;0.5119;0.388999;1.3642056
0.529199;0.469999;0.582599;0.594799;0.18253759
0.5053;0.5649;0.4514;0.4365;0.14014676
0.114799;0.163999;0.1687;0.2669;0.26591256
0.588999;0.7473;0.571999;0.707599;0.23082331
0.8481;0.5838;0.7059;0.576899;-0.16929674
0.575199;0.6036;0.4581;0.3884;0.81659985
0.1372;0.189599;0.3674;0.3413;0.2765818
0.2557;0.268999;0.1509;0.2145;-0.27209687
0.4483;0.8207;0.5992;0.996399;1.4258964
0.931999;0.5154;0.8059;0.4638;1.1370106
0.3692;0.5912;0.448499;0.544999;0.18719867
0.656799;0.4051;0.581;0.5115;1.0150297
0.6724;0.8203;0.710699;0.369199;1.034276
0.461499;0.371099;0.3516;0.312999;-0.065024376
0.2877;0.315999;0.4131;0.7775;0.7938905
0.4465;0.569;0.5153;0.4626;0.4400952
0.663;0.642999;0.559;0.4513;-0.015588284
0.406399;0.265;0.314999;0.337899;1.1557026
0.3558;0.3344;0.4543;0.4182;0.73203874
0.392599;0.5443;0.4875;0.6082;0.32013488
0.8249;0.9513;0.8269;0.796299;0.65343213
0.384799;0.072599;0.2303;0.0;0.7505102
0.062799;0.2291;0.116399;0.062;0.17049745
0.465299;0.377299;0.4542;0.8004;0.79802704
0.3959;0.4725;0.507899;0.523599;0.43393207
0.4877;0.338;0.0512;0.0;0.31080675
0.0;0.087499;0.235599;0.6433;0.029955626
0.555599;0.422;0.3073;0.0;0.24118856
0.1745;0.1479;0.3138;0.7637;0.69809985
0.493099;0.4742;0.6173;0.556899;0.92742276
0.6592;0.6052;0.420299;0.1684;0.36563706
0.002199;0.2925;0.0;0.190299;-0.22772717
0.3064;0.108699;0.9308;0.3947;-0.33407974
0.459;0.6187;0.654499;0.8178;0.14035538
0.7466;0.5966;0.5527;0.417199;0.6237371
0.404199;0.4438;0.591;0.7169;0.38771462
0.7639;0.8124;0.747599;0.6889;-0.14605689
0.3426;0.481999;0.213699;0.241799;-0.78223515
0.4514;0.306999;0.5275;0.6454;-0.33213663
0.9229;0.7432;0.7325;0.532999;0.57435465
0.213299;0.2728;0.245;0.239;1.1166496
0.3022;0.2878;0.3627;0.368;-0.59687066
0.4421;0.488199;0.5261;0.5717;-0.04710126
0.4176;0.489999;0.0122;0.471699;0.03207159
0.5703;0.6072;0.923999;0.7312;0.31698775
0.6644;0.998799;0.8199;0.5656;0.4222436
0.593399;0.177199;0.524799;0.604799;0.8055372
0.413899;0.4514;0.379799;0.4457;-0.21588373
0.744;1.0;0.8455;1.0;-0.4175501
0.8298;0.4389;0.8;0.4239;-0.029309273
0.5046;0.818999;0.535599;0.559799;-0.18767285
0.627399;0.491;0.5762;0.476199;-0.24361181
0.6841;0.606999;0.610599;0.5865;-0.13551879
0.3706;0.8038;0.4953;0.916399;0.61239433
0.9877;0.438199;0.846;0.5463;0.9440286
0.4489;0.7499;0.5906;0.6798;0.5770607
0.712299;0.6751;0.712299;0.620999;1.0693057
0.6517;0.5622;0.439399;0.3393;0.8293433
0.3506;0.409799;0.4656;0.568099;0.5663378
0.4726;0.2828;0.5699;0.5547;0.64546895
0.586099;0.8942;0.586099;0.6872;-0.3161447
0.7174;0.573999;0.646699;0.4431;-0.7488446
0.377599;0.1171;0.2651;0.267199;1.060508
0.3553;0.6404;0.439399;0.808399;-0.026990652
0.8005;0.7635;0.7567;0.431;0.7360859
0.311599;0.099;0.2635;0.123;0.6470187
0.267499;0.507999;0.292899;0.218;0.5056186
0.3353;0.135999;0.2667;0.413499;0.90315175
0.1747;0.341;0.391999;0.3808;1.211576
0.4513;0.2224;0.320999;0.487299;1.2109919
0.5211;0.7876;0.6683;0.6804;0.02884698
0.7028;0.645;0.5594;0.4752;0.03952813
0.3806;0.456699;0.5102;0.7303;-0.24000573
0.7988;0.6825;0.8126;0.604699;0.59930515
0.523;0.320799;0.4177;0.2818;0.96044374
0.3919;0.418;0.432199;0.56;0.7550819
0.548099;0.898;0.613099;0.5886;-0.14648008
0.5017;0.256;0.4619;0.386799;0.8268995
0.3908;0.550999;0.3497;0.4139;1.0726018
0.5119;0.59;0.5928;0.5805;0.87748003
0.590499;0.250399;0.420999;0.377499;0.49857333
0.331099;0.4956;0.1648;0.1715;0.4415853
0.1989;0.277999;0.3109;0.139199;-0.18935966
0.181999;0.097599;0.405799;0.7786;0.5050404
0.716699;0.5425;0.6029;0.404699;-0.116713524
0.4186;0.471899;0.271099;0.0207;-0.6283777
0.0487;0.249;0.2307;0.5563;0.4425807
0.5089;0.244199;0.3614;0.480499;0.3519578
0.560199;0.7773;0.7667;0.7404;0.6831331
0.7021;0.666499;0.6171;0.4175;0.34857225
0.248799;0.515699;0.354099;0.7667;-0.061567307
0.9217;0.6013;0.877099;0.539099;0.41275454
0.549999;0.617999;0.4542;0.3851;0.41512084
0.2937;0.15;0.2674;0.287199;0.69187117
0.3066;0.445499;0.4695;0.6094;0.65362287
0.64;0.630499;0.5581;0.3931;-0.23905206
0.223099;0.281;0.052299;0.0;-0.38836765
0.4;0.1766;0.218399;0.402699;-0.27610826
0.1369;0.273399;0.5129;0.564;0.30203298
0.6084;0.664;0.5839;0.5766;0.38246346
0.4816;0.488;0.336099;0.229699;0.15169814
0.285899;0.215999;0.3748;0.4373;0.27023986
0.4861;0.652;0.591799;0.7163;0.44826102
0.7146;0.751999;0.6371;0.2414;0.6726308
0.375299;0.267;0.4296;0.682599;0.6937487
0.5792;0.609999;0.6399;0.8241;0.22335485
0.8382;0.625999;0.562;0.5062;0.3600223
0.436699;0.54;0.657899;0.529399;0.36770535
0.5433;0.382899;0.3468;0.2498;-0.07299948
0.224799;0.435099;0.354699;0.2539;0.240819
0.3641;0.1655;0.3166;0.464199;0.7213516
0.2653;0.503499;0.3727;0.4704;-0.15628505
0.5591;0.5192;0.7227;0.520399;0.8601649
0.5626;0.557099;0.460699;0.6935;0.5258603
0.601399;0.591699;0.5395;0.4035;0.8273227
0.4257;0.58;0.424199;0.239999;-0.10716486
0.355;0.135999;0.305499;0.597799;0.976984
0.552199;0.4553;0.4489;0.3411;0.3389759
0.3355;0.617799;0.5459;0.6671;0.49887732
0.762;0.4539;0.7638;0.657;0.3510816
0.4968;0.645;0.248899;0.271599;0.19013122
0.309099;0.282999;0.0602;0.0;0.2537234
0.0;0.0;0.334699;0.669;0.50353837
0.639499;0.6937;0.5324;0.4875;1.3600869
0.381;0.2375;0.291899;0.2892;-0.02311039
0.2335;0.4055;0.462;0.2593;0.8108599
0.624699;0.637;0.617;0.629999;0.754617
0.3632;0.547;0.3672;0.475;0.6880207
0.5046;0.37;0.480799;0.428899;0.9232862
0.287399;0.059599;0.329499;0.3474;1.383887
0.525;0.477799;0.4451;0.5228;-0.20693707
0.431099;0.421199;0.4473;0.2469;0.9837849
0.4681;0.7424;0.543599;0.8504;0.696115
0.7931;1.0;0.7931;0.790599;1.0653777
1.0;0.262;0.916599;0.617;0.7377131
0.3486;0.550999;0.507899;0.673;0.2748175
0.697099;0.625;0.639099;0.483999;-0.07406044
0.4554;0.5062;0.5308;0.513;0.96518826
0.407299;0.2828;0.350999;0.702999;0.6677551
0.5886;0.389599;0.5668;0.201999;0.9798391
0.322199;0.295;0.3904;0.5441;-0.15958714
0.5573;0.729399;0.515899;0.4069;0.82744193
0.451999;0.3416;0.4141;0.4871;-0.5242603
0.3641;0.445799;0.485299;0.5669;1.3821287
0.5922;0.445899;0.5473;0.454599;0.6971164
0.4266;0.7197;0.4715;0.430399;0.54834914
0.653699;0.495999;0.559899;0.489;-0.17726588
0.2796;0.414999;0.2924;0.315999;0.6085558
0.4118;0.1547;0.278199;0.4189;0.5038662
0.2514;0.2483;0.2498;0.2558;0.64359736
0.3431;0.351699;0.515499;0.5669;0.12420848
0.608;0.6819;0.2964;0.250699;-0.07351804
0.190899;0.141299;0.5137;0.3987;0.6293161
0.670999;0.6035;0.431799;0.427;-0.004710436
0.338;0.3561;0.4801;0.445999;0.3220303
0.4041;0.402799;0.4753;0.6027;-0.12088585
0.4691;0.483899;0.280099;0.162299;1.187001
0.258199;0.2877;0.4093;0.6081;0.4580183
0.5402;0.7866;0.636499;0.8301;1.1373265
0.754299;0.7729;0.7488;0.3948;-0.43652225
0.4819;0.4026;0.462599;0.661999;0.46685767
0.7494;0.7793;0.7743;0.800999;-0.1125412
0.809999;0.7013;0.736799;0.507;1.2309296
0.4916;0.823799;0.5641;0.544;0.48596096
0.671599;0.3135;0.4749;0.416999;0.33913684
0.3893;0.291699;0.465199;0.464;-0.2697842
0.610699;0.7083;0.5348;0.535999;0.74462724
0.3893;0.291699;0.465199;0.464;0.6799383
0.4377;0.433499;0.4147;0.5731;0.68118405
0.334499;0.4288;0.3831;0.4924;0.10186267
0.7748;0.755499;0.796099;0.7287;0.7209523
0.480599;0.4204;0.380099;0.245799;0.66457224
0.319199;0.338799;0.4017;0.358;0.78233314
0.2736;0.4723;0.564999;0.679099;0.30902457
0.692;0.488099;0.433199;0.4729;-0.20569134
0.43;0.479;0.402;0.43;1.2990756
0.407;0.327999;0.494;0.489999;-0.0013487339
0.398;0.327999;0.399;0.355;1.5356882
0.541699;0.809999;0.445599;0.331;-0.66009927
0.503299;0.259;0.3974;0.533999;0.752954
0.2633;0.4742;0.465299;0.5089;-0.10382104
0.6015;0.5998;0.5542;0.6191;0.97586346
0.786899;0.725199;0.827099;0.689;0.24611786
0.664;0.7337;0.6497;0.6997;0.62504244
0.543099;0.696899;0.564499;0.7593;-0.035096884
1.0;0.6853;0.8475;0.605;0.22952393
0.5225;0.910599;0.6597;0.841;1.0625286
0.772499;0.4311;0.6357;0.344;0.3911121
0.1939;0.445899;0.3843;0.8183;-0.040747404
0.895499;0.7627;0.876199;0.412699;1.35781
0.4954;0.648599;0.4082;0.5618;-0.31475592
0.323;0.0655;0.2909;0.2698;1.207052
0.3471;0.3972;0.425899;0.339399;-0.16910005
0.415799;0.488299;0.3936;0.625;-0.5522089
0.6167;0.622399;0.6812;0.7621;0.7617934
0.891999;0.873799;0.864599;0.6989;-0.77190566
0.6136;0.5471;0.586399;0.5229;0.49491957
0.470499;0.3648;0.2945;0.391099;-0.07845926
0.58;0.822399;0.716699;0.9459;0.9665532
0.7785;0.734;0.8291;0.703299;-0.6886797
0.7302;0.803599;0.712899;0.8026;1.3493342
0.754899;0.7957;0.833;0.843599;-0.14974642
0.8874;0.8736;0.6265;0.6616;0.6395323
0.6282;0.505299;0.882899;0.6536;0.124285966
0.5713;0.7678;0.5775;0.6704;0.60316753
0.8245;0.666899;0.820499;0.709;0.2903922
0.814799;0.7894;0.724399;0.7007;0.24183229
0.0;0.2067;0.062;0.1313;0.016699553
1.0;0.6998;0.888099;0.811999;0.1540406
0.375399;0.341699;0.446;0.4136;0.21187499
0.291499;0.3079;0.264199;0.112399;0.28678015
0.3884;0.4773;0.4991;0.6801;0.28329328
0.5044;0.6555;0.550899;0.6189;-0.044276
0.794;0.6002;0.6048;0.503999;1.1041863
0.3367;0.255099;0.332899;0.369;-0.36290455
0.2791;0.3418;0.4372;0.25;1.7187936
0.555599;0.575499;0.3163;0.4808;0.30577016
0.4382;0.5322;0.666399;0.8476;0.9050412
0.7197;0.603;0.424299;0.1356;-0.19599366
0.1476;0.192499;0.347799;0.541999;1.0820134
0.8013;0.726099;0.7805;0.55;0.40284824
0.290799;0.3899;0.0967;0.158999;0.92591476
0.1018;0.021599;0.1811;0.352;-0.08642244
0.4833;0.664;0.717199;0.48;0.23904875
0.5378;0.339099;0.436499;0.425;-0.010420561
0.3081;0.5752;0.428;0.753999;0.6390853
0.798999;0.718899;0.793099;0.681;0.5574031
0.9722;0.9526;0.8729;0.8508;0.2563162
0.3597;0.279;0.3819;0.4109;0.24638608
0.5655;0.555;0.672799;0.4463;0.7497413
0.4374;0.3378;0.296299;0.4206;0.65644217
0.3061;0.427199;0.3925;0.4224;1.0677321
0.480699;0.3567;0.2639;0.173999;0.3697617
0.2862;0.614599;0.532999;0.837;0.22505954
0.891199;0.6201;0.8969;0.547999;1.0767264
0.542899;0.4932;0.3304;0.263;-0.052990198
0.2357;0.250299;0.410999;0.6676;0.14904574
0.4522;0.427299;0.0804;0.0;-0.09228158
0.1324;0.4205;0.5604;0.9557;0.36212635
0.513499;0.509899;0.5015;0.5123;-0.060875893
0.9793;0.697;0.527299;0.3043;0.804518
0.0945;0.322499;0.5222;0.3167;-0.35017896
0.4528;0.3548;0.3672;0.5853;0.73457193
0.4236;0.523399;0.5455;0.5807;0.5895419
0.9494;0.726;0.6815;0.562899;0.29635265
0.365299;0.5443;0.6048;0.610599;-0.22771525
0.6096;0.558699;0.622799;0.6226;0.54347944
0.6325;0.6781;0.637699;0.6689;-0.06290245
0.545;0.6769;0.555;0.623999;-0.26176143
0.654;0.433;0.590299;0.323;-0.6126003
0.236999;0.3828;0.300699;0.629999;0.22399858
0.686;0.6532;0.6617;0.384;0.0074489117
0.384;0.418299;0.4083;0.591999;0.47391486
0.591999;0.5946;0.591999;0.478;0.48459005
0.6598;0.4101;0.4892;0.463;0.26311114
0.318999;0.326499;0.1714;0.049999;-0.41586924
0.1307;0.2959;0.307599;0.5898;0.9669645
0.3794;0.2515;0.3989;0.2536;0.29089287
0.1219;0.1471;0.126799;0.025599;0.71196985
0.4832;0.535699;0.5491;0.764;-0.23783016
0.579599;0.6104;0.630599;0.654999;-0.6116705
0.605399;0.633699;0.4922;0.255;-0.31063724
0.3659;0.2042;0.172699;0.232999;0.46511126
0.2795;0.5079;0.5859;0.8045;0.28151706
0.6294;0.487299;0.6064;0.451499;0.42946172
0.6463;0.5799;0.540699;0.443;0.7323427
0.383199;0.386099;0.3065;0.364;-0.50367284
0.334499;0.3214;0.4275;0.361;-0.30921268
0.2462;0.414899;0.358499;0.487099;0.10738206
0.4997;0.497399;0.465499;0.660299;1.3051732
0.703499;0.7893;0.7377;0.7206;0.63729715
0.9202;0.8621;0.8813;0.873899;-0.28625894
0.765699;0.616199;0.5337;0.2391;-0.40979552
0.23;0.275199;0.3982;0.689;-0.22128391
0.613199;0.5617;0.671299;0.366;0.17458633
0.2227;0.2059;0.193;0.163;1.0812206
0.4483;0.4403;0.3108;0.42;0.23416713
0.464;0.563599;0.505899;0.8263;0.43968987
0.610699;0.4481;0.7226;0.447699;-0.5672233
0.3583;0.428;0.3239;0.384;-0.294693
0.479299;0.5469;0.394199;0.4145;0.4454894
0.388999;0.317799;0.3297;0.3915;0.2873762
0.6945;0.7535;0.785999;0.8902;-1.0633723
0.746499;0.806799;0.8762;0.6768;0.24812654
0.7754;0.613;0.5009;0.4368;-0.3535347
0.2101;0.3351;0.4316;0.310199;0.5111737
0.337199;0.4568;0.405799;0.626;0.7407172
0.6379;0.601799;0.6379;0.613999;0.38843584
0.741;0.5803;0.417499;0.3986;-0.23228097
0.185099;0.1432;0.3615;0.227399;-0.15358496
0.3716;0.503599;0.5017;0.777799;0.11979774
0.654699;0.4995;0.545099;0.4238;-0.13556647
0.5759;0.637799;0.5602;0.4819;0.425045
0.3621;0.6197;0.5044;0.493499;-0.20431447
0.551099;0.2862;0.5489;0.6018;-0.6557541
0.4748;0.430199;0.295099;0.307099;0.7479532
0.312799;0.352;0.4516;0.3301;1.1319442
0.5608;0.686799;0.4284;0.485399;0.6389482
0.365199;0.1973;0.372199;0.4157;0.9954555
0.3306;0.3946;0.456499;0.5378;0.44228864
0.5326;0.597799;0.5752;0.6002;0.35607052
0.523199;0.715299;0.523199;0.6829;-0.07075238
0.8035;0.590299;0.6892;0.489799;0.54790807
0.4605;0.3406;0.4039;0.339099;0.70877504
0.451999;0.459499;0.427599;0.4824;1.1861188
0.3229;0.3878;0.2559;0.071699;1.2589974
0.2317;0.175999;0.2477;0.4461;0.5434377
0.2186;0.3458;0.425899;0.406699;-0.14128256
0.560199;0.555399;0.532499;0.5106;-0.06991196
0.5499;0.4326;0.5836;0.5566;1.8107457
0.4559;0.450199;0.3828;0.3566;2.4484916
0.466;0.5273;0.5225;0.637;0.6955905
0.469999;0.4146;0.2889;0.0604;0.33509564
0.224399;0.3469;0.455099;0.590299;-0.81003475
0.596;0.617799;0.5364;0.495799;1.9796653
0.4009;0.4255;0.4056;0.675;1.1771543
0.739599;0.6674;0.6089;0.3561;1.4475567
0.1912;0.352399;0.376799;0.6613;-0.32572317
0.679099;0.4936;0.6445;0.472099;-0.56028533
0.5684;0.5473;0.344899;0.2445;0.21379426
0.2872;0.3884;0.5088;0.674299;0.2808018
0.736699;0.669699;0.770699;0.646699;1.156543
0.538699;0.6694;0.425699;0.686199;0.62877965
0.7453;0.6691;0.8114;0.4247;0.023244143
0.4891;0.3811;0.427799;0.463999;-0.29339957
0.4743;0.4161;0.4578;0.4878;1.3131006
0.273199;0.3367;0.344799;0.3565;1.1651022
0.5809;0.5932;0.5376;0.457699;0.26438072
0.4701;0.4475;0.4832;0.6967;-0.12284088
0.486699;0.6628;0.572499;0.449299;0.057320118
0.503299;0.571999;0.503299;0.710699;-0.59119034
0.7202;0.5397;0.6538;0.4937;0.42129588
0.4268;0.364699;0.0941;0.0823;0.37967992
0.0821;0.1568;0.4812;0.3433;0.41709375
0.580099;0.5149;0.5444;0.6524;-0.9740727
0.5147;0.558699;0.540499;0.570999;0.16330317
0.536099;0.4482;0.44;0.4616;1.1382086
0.3876;0.410299;0.3047;0.089999;1.0668678
0.212499;0.5588;0.401399;0.823;1.5033228
0.7389;0.607299;0.7389;0.556999;-0.31610298
0.683399;0.7302;0.6785;0.8516;0.49137905
0.6883;0.6601;0.6633;0.630199;0.15205577
0.5566;0.3449;0.468;0.2605;1.0518236
0.399999;0.419899;0.4416;0.3277;0.13990834
0.3487;0.6167;0.425599;0.7583;1.0462208
0.622399;0.351499;0.5152;0.459199;-0.17193723
0.7146;1.0;0.820599;0.9937;0.931607
0.8959;0.667299;0.8523;0.4681;0.54223967
0.5566;0.5181;0.4802;0.5807;1.0995252
0.420999;0.2995;0.4296;0.3963;1.3627512
0.0;0.631399;0.0;0.7377;1.6371591
1.0;0.606;1.0;0.601799;0.79241824
0.6209;0.551199;0.6038;0.4132;0.64683986
0.477499;0.465199;0.4437;0.4625;-0.40165353
0.3794;0.4323;0.495699;0.538799;1.0206206
0.5871;0.5563;0.5498;0.5344;1.2221081
0.649799;0.634;0.678899;0.6048;1.7346127
0.5352;0.5197;0.517199;0.563099;0.66363645
0.5246;0.6358;0.504799;0.6125;0.80687237
0.4778;0.337599;0.4819;0.341999;1.0919197
0.471499;0.455;0.338299;0.411999;1.1076732
0.399999;0.417299;0.5348;0.5396;1.5916808
0.6138;0.8278;0.6643;0.8278;1.2081606
0.8194;0.6927;0.8194;0.6299;0.81813765
0.5459;0.622499;0.5459;0.622599;-0.07468629
0.590999;0.5862;0.491499;0.646;0.5159302
0.6964;0.8278;0.7959;0.7755;-0.0015454292
0.7749;0.682199;0.733;0.604799;0.23912624
0.5383;0.4369;0.5285;0.5327;-0.29226112
0.542199;0.4692;0.535299;0.415699;1.2193723
0.4514;0.449299;0.3045;0.3143;0.8138819
0.604599;0.779;0.776899;0.8779;1.0410471
0.4125;0.2918;0.3939;0.409499;0.54166746
0.577199;0.502199;0.4331;0.3849;1.7925723
0.3763;0.3482;0.503399;0.416799;0.05284977
0.4619;0.459199;0.3393;0.4814;0.9550078
0.0;0.6289;0.0;0.512499;0.098226786
1.0;0.589299;1.0;0.7224;0.5984111
0.8742;0.6158;0.559799;0.2939;0.20708278
0.2273;0.2193;0.4557;0.4737;0.30013755
0.3792;0.3597;0.0;0.0;0.29944018
0.0;0.102899;0.5209;0.591899;-0.31734872
0.5424;0.6016;0.4057;0.6404;1.1185987
0.685399;0.7881;0.8061;0.770199;0.3051145
0.8393;0.562899;0.642399;0.3597;1.1356099
0.2913;0.7147;0.2494;0.9064;0.0069959164
0.8763;0.4936;0.867599;0.323799;0.65008235
0.357399;0.431999;0.624099;0.6195;0.7884486
0.585699;0.9046;0.585699;0.6462;1.3891621
1.0;0.730499;0.7468;0.614799;0.22260383
0.3209;0.3032;0.3444;0.5824;0.80330205
0.624499;0.674299;0.8308;0.780899;0.5566759
0.5418;0.4126;0.4861;0.2805;1.7558677
0.305;0.3718;0.0803;0.0465;1.0378404
0.2769;0.319199;0.537299;0.5961;0.26147202
0.587599;0.6304;0.6308;0.784199;-0.28390455
0.710699;0.5121;0.619299;0.4895;0.25561288
0.4531;0.475999;0.4323;0.3799;0.65769386
0.311899;0.3432;0.303;0.269299;1.0441048
0.3804;0.4886;0.471699;0.6869;-0.9510057
0.669799;0.587199;0.664899;0.474599;-0.6597774
0.6654;0.628399;0.6441;0.6169;1.3557477
0.319799;0.323399;0.347999;0.415399;0.8338554
0.6501;0.6304;0.616199;0.553;0.93421173
0.4798;0.581599;0.5131;0.4431;0.99456143
0.395099;0.4757;0.407699;0.451;0.22664502
0.451;0.3006;0.43;0.439999;1.2092037
0.43;0.4057;0.18;0.27;1.5140576
0.279999;0.469999;0.5456;0.7;-0.377007
0.76;0.559999;0.6609;0.449999;-0.064487934
0.39;0.44;0.431;0.52;-0.36263037
0.509999;0.4514;0.432499;0.37;-0.15947986
0.38;0.3986;0.48;0.48;0.46954584
0.48;0.435599;0.39;0.389999;0.8861048
0.349699;0.4045;0.3;0.28;-0.38404632
0.3203;0.289899;0.419999;0.469999;-0.13489294
0.469999;0.563299;0.57;0.62;0.67913365
0.62;0.6467;0.5196;0.51;0.92335176
0.5;0.430099;0.6004;0.559999;0.5763991
0.420999;0.8399;0.420999;0.84;1.0566874
1.0;0.64;0.999;0.51;0.70786905
0.469999;0.424599;0.346399;0.389999;-0.24811792
0.399999;0.695399;0.543599;0.6;0.31168294
0.58;0.3425;0.4277;0.52;0.6965978
0.5;0.357499;0.299399;0.31;-0.08946824
0.32;0.4048;0.5619;0.439999;0.06552172
0.419999;0.6352;0.530999;0.58;0.44432116
0.58;0.364799;0.469;0.419999;-0.895782
0.419999;0.6352;0.530999;0.58;0.07638168
0.63;0.379999;0.42;0.329999;0.34655762
0.329999;0.329999;0.449999;0.55;0.72880816
0.382999;0.69;0.472999;0.509999;0.7572694
0.657;0.3;0.257;0.09;0.14691785
0.12;0.239999;0.4556;0.599999;0.6125672
0.58;0.57;0.5944;0.52;-0.2083497
0.509999;0.5627;0.559999;0.595;-0.17353463
0.5474;0.388;0.4033;0.334999;0.7132752
0.3626;0.633299;0.506699;0.609999;0.7250471
0.67;0.446;0.4768;0.48;0.056908846
0.447999;0.434999;0.5642;0.505;0.61887336
0.492;0.5379;0.568999;0.311999;-0.16579795
0.337;0.5569;0.337;0.579;0.73389244
0.753;0.5002;0.6634;0.734;0.4652424
0.55;0.649999;0.6296;0.639999;0.043968678
0.64;0.6067;0.629999;0.51;0.1208289
0.48;0.6733;0.4788;0.719999;0.17316177
0.75;0.4802;0.616499;0.39;0.7222755
0.39;0.3598;0.4947;0.43;0.8360071
0.469999;0.554199;0.37;0.44;0.66366625
0.43;0.5458;0.557599;0.739999;0.7333858
0.699999;0.5648;0.5969;0.4;0.9236796
0.449999;0.4554;0.465199;0.599999;0.41057897
0.57;0.529799;0.6143;0.4614;1.2084825
0.6448;0.65;0.6444;0.718599;-0.15121269
0.5252;0.739999;0.340199;0.58;-0.33692884
0.579999;0.701599;0.831399;0.84;0.19776657
0.83;0.6796;0.82;0.449999;0.37429762
0.449999;0.343;0.4173;0.51;-0.14609861
0.55;0.4158;0.3427;0.43;1.816891
0.419999;0.43;0.489999;0.5;1.003061
0.45;0.52;0.13;0.0;0.8264406
0.049999;0.08;0.16;0.18;0.5502863
0.248;0.183999;0.513999;0.464;0.9976132
0.422;0.5772;0.526;0.596;0.3067417
0.579999;0.740199;0.559999;0.609999;0.74719024
0.6;0.5186;0.64;0.8;0.089488745
0.789999;0.739999;0.789999;0.719999;-1.0124998
0.682;0.5;0.673;0.52;-1.1447922
0.468;0.94;0.477;0.84;-0.20221639
0.832999;0.585899;0.669999;0.5;0.3138764
0.567;0.3519;0.553899;0.28;1.5771372
0.3;0.392199;0.3259;0.46;0.036756516
0.449999;0.3804;0.5489;0.552;0.27360156
0.5804;0.5122;0.4294;0.398;0.72674584
0.3796;0.4374;0.541499;0.5;1.1644108
0.5;0.48;0.4604;0.48;0.18168524
0.52;0.509999;0.5141;0.549999;0.4010005
0.5;0.4855;0.335899;0.22;-0.87428856
0.25;0.4648;0.401299;0.48;0.79576206
0.469999;0.3127;0.517299;0.489999;0.27099684
0.49;0.567;0.5307;0.6;-0.5158441
0.625999;0.526;0.579699;0.510999;-1.0324197
0.474;0.483999;0.460999;0.568999;0.39383602
0.58;0.58;0.37;0.21;-0.6139355
0.189999;0.315999;0.469999;0.53;1.3961418
0.54;0.404;0.139;0.149999;0.5220516
0.109999;0.131;0.311;0.399999;-0.92548895
0.419999;0.489;0.565999;0.62;0.18074349
0.64;0.593;0.599;0.43;1.010154
0.44;0.439;0.434999;0.379999;0.78864527
0.41;0.488;0.48;0.64;0.035779
0.609999;0.439999;0.629999;0.48;-0.40233302
0.469999;0.51;0.48;0.5;-1.182516
0.51;0.76;0.51;0.81;0.8237345
0.759999;0.579999;0.66;0.41;0.084112406
0.45;0.42;0.449999;0.489999;0.079481125
0.479999;0.539999;0.538;0.609999;-0.7813411
0.6;0.68;0.59;0.609999;0.035230637
0.59;0.359999;0.541999;0.39;0.2039595
0.43;0.8;0.53;0.66;0.46549273
0.68;0.521999;0.652;0.609999;-0.20252633
0.609999;0.408;0.468;0.33;-0.11741686
0.3;0.43;0.405;0.609999;-0.4354732
0.62;0.489999;0.574999;0.469999;-0.05326438
0.484999;0.494;0.509999;0.44;0.8982284
0.414999;0.616;0.438;0.66;-0.9232359
0.67;0.549999;0.532;0.289999;-0.6220834
0.289999;0.307;0.469999;0.51;0.74586105
0.52;0.692999;0.539999;0.739999;-0.33501554
0.74;0.47;0.74;0.5;-0.74868965
0.479999;0.481999;0.299999;0.309999;0.38554502
0.31;0.378;0.27;0.31;-0.61310697
0.329999;0.379999;0.539999;0.579999;0.18637612
0.59;0.539999;0.529999;0.59;0.35385323
0.63;0.56;0.56;0.449999;0.2554579
0.389999;0.379999;0.529999;0.51;-0.29148626
0.5;0.5;0.5;0.48;-1.2416617
0.51;0.68;0.46;0.64;-0.5129533
0.629999;0.53;0.56;0.579999;0.31647515
0.56;0.690999;0.639999;0.65;-0.77620316
0.66;0.669;0.64;0.669999;-0.13400483
0.649999;0.44;0.449999;0.25;-0.1328783
0.27;0.279999;0.53;0.52;-0.17300415
0.5;0.48;0.5;0.48;0.4822476
0.49;0.66;0.449999;0.609999;0.15559033
0.609999;0.488;0.519;0.49;0.9511454
0.509999;0.552;0.562999;0.509999;0.416152
0.5;0.705;0.577999;0.72;-2.4661558
0.72;0.555;0.69;0.5;0.60090256
0.5;0.37;0.53;0.488;1.2786849
0.48;0.509999;0.48;0.481999;-0.36884117
0.469999;0.55;0.414999;0.53;1.8101437
0.53;0.553;0.555;0.539999;-0.24874377
0.559999;0.556999;0.506999;0.59;-0.019581795
0.609999;0.504;0.573;0.419999;1.9159956
0.41;0.417999;0.32;0.35;1.3049645
0.34;0.318;0.55;0.48;-0.119950056
0.489999;0.558;0.449999;0.509999;0.0033242702
0.48;0.481999;0.42;0.49;-1.7491477
0.5;0.419999;0.436;0.329999;0.03797245
0.34;0.44;0.439;0.43;0.6066544
0.45;0.495999;0.515;0.62;-1.2331263
0.599999;0.454;0.599999;0.48;1.7828627
0.48;0.5;0.48;0.51;-0.8030789
0.51;0.8;0.51;0.759999;2.7109487
0.759999;0.494;0.538999;0.46;-0.18497276
0.47;0.548;0.661;0.57;0.25317505
0.559999;0.597999;0.489999;0.419999;0.02193284
0.39;0.361;0.49;0.5;0.9955449
0.529999;0.488999;0.529999;0.58;-1.9816296
0.56;0.5;0.55;0.46;-0.15308428
0.48;0.46;0.34;0.349999;-1.9658821
0.349999;0.539999;0.49;0.69;-1.5974061
0.69;0.55;0.66;0.489999;-0.058885098
0.5;0.57;0.509;0.55;0.92065763
0.539999;0.43;0.460999;0.469999;-0.7476227
0.42;0.6;0.53;0.64;-0.41466522
0.68;0.539999;0.521999;0.32;0.8231385
0.329999;0.34;0.455;0.46;-0.3954606
0.46;0.55;0.492999;0.59;1.2398047
0.57;0.69;0.57;0.75;0.46889615
0.77;0.549999;0.669999;0.52;0.40783715
0.51;0.52;0.55;0.53;-1.7037349
0.539999;0.47;0.539;0.413999;2.045123
0.5;0.5;0.521;0.526;-0.85278916
0.419999;0.46;0.399999;0.49;-1.019706
0.49;0.489999;0.474;0.46;-0.49864817
0.489999;0.587;0.545999;0.629999;1.5117629
0.62;0.722999;0.64;0.71;-1.9931929
0.69;0.58;0.652999;0.609999;1.3804896
0.599999;0.48;0.637;0.48;-1.5918331
0.51;0.509999;0.51;0.489999;0.6501479
0.489999;0.631;0.489999;0.58;1.2762768
0.57;0.489;0.489;0.419999;1.571743
0.43;0.609999;0.501;0.69;-0.6641762
0.68;0.49;0.57;0.399999;0.15799835
0.42;0.799999;0.537999;0.92;0.95298123
0.91;0.53;0.825;0.55;-1.2790695
0.55;0.523;0.456999;0.379999;0.32865238
0.389999;0.376999;0.25;0.189999;-0.46698618
0.18;0.36;0.5;0.66;-0.13305712
0.65;0.634;0.65;0.65;-1.535775
0.64;0.579999;0.55;0.43;1.4866753
0.449999;0.335999;0.257999;0.23;0.81882906
0.23;0.53;0.442;0.8;-1.4881746
0.8;0.564;0.8;0.5;0.67592096
0.509999;0.745999;0.579999;0.789999;1.9362493
0.76;0.522;0.708;0.489999;-0.038071156
0.509999;0.477999;0.431999;0.449999;-0.48548746
0.43;0.673;0.559999;0.69;0.23673609
0.72;0.497;0.527;0.379999;1.2357755
0.379999;0.39;0.452999;0.52;0.5839212
0.44;0.460999;0.56;0.49;0.20083621
0.549999;0.798999;0.549999;0.789999;-0.35559106
0.78;0.69;0.76;0.67;-0.018735409
0.699999;0.64;0.719999;0.549999;-0.38125682
0.539999;0.469999;0.32;0.41;0.8395834
0.39;0.55;0.56;0.74;-0.60795116
0.73;0.62;0.779999;0.43;0.40899944
0.46;0.399999;0.43;0.579999;-1.9685047
0.579999;0.75;0.46;0.77;2.3614511
0.76;0.53;0.8;0.369999;1.8695338
0.379999;0.506999;0.388999;0.53;1.4018102
0.55;0.513;0.550999;0.64;-0.08610058
0.6;0.53;0.58;0.34;0.32324028
0.359999;0.410999;0.379;0.48;0.574152
0.355;0.644;0.456;0.561999;0.5534096
0.574999;0.331;0.574999;0.468;0.81099105
0.609999;0.693999;0.609999;0.77;-1.151152
0.76;0.681;0.75;0.669999;0.67540836
0.669999;0.731999;0.649999;0.741;-0.076164484
0.629;0.782;0.659;0.743;1.7734153
0.698;0.759;0.698;0.465999;1.3390644
0.602999;0.456;0.512999;0.8;0.60508084
0.76;0.952;0.727;0.57;2.425818
0.609999;0.378;0.713;0.699999;-0.69527197
0.69;0.799999;0.649;0.609999;1.9119127
0.609999;0.45;0.550999;0.51;-0.37547517
0.52;0.329999;0.32;0.349999;-0.071413994
0.359999;0.34;0.405999;0.31;0.8738382
0.309999;0.359999;0.434;0.469999;0.6625397
0.45;0.41;0.408;0.32;1.660238
0.349999;0.91;0.541999;1.0;0.27108625
1.0;0.635;0.97;0.559999;2.2851334
0.59;0.564999;0.479999;0.4;0.5981965
0.379999;0.42;0.45;0.469999;0.9534342
0.48;0.419999;0.509999;0.55;0.5180104
0.58;0.968;0.67;1.0;1.1920733
0.850999;0.717;0.850999;0.535;1.0288341
0.673999;0.574999;0.561;0.43;-0.5225496
0.391999;0.35;0.504999;0.689;1.4024479
0.723;0.759999;0.702999;0.449999;0.9781046
0.509999;0.289999;0.336;0.449999;-0.2218442
0.35;0.31;0.0;0.0;1.1978192
0.0;0.189999;0.579999;0.69;0.15128091
0.689999;0.73;0.73;0.8;1.2143059
0.78;0.56;0.21;0.0;1.3178391
0.0;0.0;0.196999;0.34;2.377586
0.279999;0.497999;0.533;0.56;-0.3243165
0.58;0.38;0.475999;0.32;0.6799145
0.34;0.573999;0.423999;0.759999;-0.70700216
0.739999;0.696;0.82;0.59;2.126597
0.62;0.39;0.4;0.32;1.4938517
0.27;0.25;0.0;0.03;1.0657175
0.059999;0.359999;0.559999;0.77;0.63211155
0.78;0.55;0.55;0.3;1.2333138
0.27;0.43;0.53;0.599999;0.23211673
0.64;0.654;0.619999;0.74;0.84014964
0.71;0.625999;0.64;0.669999;0.88105035
0.66;0.66;0.56;0.26;0.16631916
0.3;0.4;0.449999;0.68;2.8976126
0.669999;0.515999;0.609999;0.532;1.1463625
0.343;0.504999;0.396;0.315;1.1281295
0.334;0.339;0.390999;0.532999;-0.93896556
0.683;0.609999;0.632999;0.57;0.71317387
0.57;0.379999;0.23;0.15;1.2247009
0.16;0.272;0.48;0.619999;2.9396338
0.609999;0.527999;0.576;0.46;-0.1277225
0.47;0.8;0.564;0.82;0.66150856
0.849999;0.489999;0.73;0.399999;1.2787921
0.37;0.69;0.489999;0.71;1.4015062
0.69;0.42;0.56;0.39;1.3495429
0.0;0.479999;0.099999;0.57;1.7833693
1.0;0.9;1.0;0.96;1.8033309
0.96;0.5;0.78;0.299999;0.88370275
0.309999;0.559999;0.439999;0.58;1.9692285
0.489999;0.379999;0.25;0.109999;0.8996053
0.19;0.12;0.439;0.469999;1.8107755
0.48;0.94;0.311;0.36;-0.20320582
0.34;0.169999;0.438;0.529999;3.117512
0.51;0.38;0.611999;0.699999;2.4135156
0.699999;0.539999;0.399999;0.14;2.5314374
0.0;0.149999;0.0;0.41;1.3623161
1.0;0.51;0.94;0.66;0.745116
0.64;0.71;0.645999;0.64;-0.6638961
0.63;0.739999;0.854;0.82;1.8384798
0.829999;0.51;0.559999;0.32;1.8049641
0.309999;0.43;0.39;0.359999;2.0395024
0.37;0.439999;0.529999;0.649999;0.5797727
0.66;0.56;0.5;0.32;2.2565112
0.309999;0.358999;0.42;0.5;0.44430923
0.52;0.551;0.579999;0.65;1.9743545
0.279999;0.789999;0.3;0.73;2.2903247
1.0;0.489999;0.97;0.379999;1.8737776
0.369999;0.4;0.459999;0.609999;1.4797969
0.61;0.629999;0.616;0.53;-0.49073267
0.539999;0.41;0.264;0.23;1.0627253
0.23;0.359999;0.5;0.609999;-0.5814152
0.609999;0.52;0.466999;0.378;-0.45738983
0.238;0.69;0.401;0.841999;-0.37743616
0.972;0.579999;0.841999;0.37;1.4805598
0.379999;0.343;0.46;0.53;2.1709666
0.509999;0.537;0.559999;0.5;1.0502918
0.53;0.610999;0.149;0.319999;1.7361684
0.309999;0.363;0.545;0.48;0.24366811
0.48;0.422999;0.0;0.24;1.2169523
0.24;0.265;0.973;0.509999;1.1860533
0.5;0.600999;0.593999;0.59;-0.028987408
0.59;0.589;0.52;0.62;0.8635504
0.629999;0.524999;0.58;0.43;-1.0039644
0.42;0.402;0.416999;0.57;-0.15903878
0.579999;0.599;0.561;0.344;0.011686802
0.344;0.667999;0.482;0.885999;1.3909919
0.885999;0.582;0.753;0.46;-0.5258994
0.449999;0.459;0.532;0.52;2.0768685
0.539999;0.706;0.540999;0.759999;1.4696522
0.75;0.805;0.702;0.67;0.73481035
0.69;0.408;0.687999;0.579999;1.3931675
0.55;0.738;0.53;0.56;-0.31823683
0.539999;0.387;0.506;0.609999;0.17860368
0.71;0.777;0.548999;0.69;2.0741386
0.289999;0.222999;0.451;0.309999;0.30818415
0.71;0.777;0.548999;0.69;1.1588378
0.59;0.668999;0.866;0.619999;-1.1516944
0.68;0.609;0.599;0.45;-1.5914576
0.409999;0.356;0.401999;0.549999;0.42633843
0.56;0.460999;0.439;0.359999;-0.18829274
0.38;0.277;0.0;0.38;0.30366018
0.349999;0.529999;0.461;0.659999;1.2767656
0.66;0.57;0.481999;0.49;0.5825324
0.509999;0.58;0.452999;0.34;-0.7374542
0.31;0.182999;0.565;0.477;0.44339132
0.372;0.608999;1.0;0.367;-0.11065173
0.609999;0.485;0.437;0.44;-0.58478284
0.26;0.283999;0.292999;0.415999;1.3224108
0.436;0.436;0.511;0.436;-0.7993238
0.364;0.506;0.410999;0.43;-0.20795035
0.568999;0.56;0.551;0.662;-1.2327031
0.515999;0.483999;0.582999;0.459;1.2990041
0.58;0.452999;0.302;0.623;0.91678333
0.623;0.676;0.834;0.469999;1.8794162
0.469999;0.614;0.564;0.64;-0.23968387
0.64;0.473999;0.464;0.5;-0.14793444
0.489999;0.815;0.545999;0.8;0.8119447
0.81;0.483999;0.768;0.519999;-0.29456782
0.519999;0.579;0.515999;0.41;1.7034812
0.43;0.356;0.468;0.53;-0.4550712
0.51;0.82;0.559;0.829999;0.82771015
0.799999;0.710999;0.79;0.659999;-0.41989255
0.68;0.448999;0.559999;0.45;2.392499
0.45;0.769;0.551;0.689999;1.5042944
0.689999;0.329999;0.576999;0.46;2.529232
0.479999;0.650999;0.414999;0.5;-0.5853014
0.48;0.352;0.5;0.5;0.001512289
0.509999;0.585999;0.481999;0.39;0.6259723
0.399999;0.393999;0.732;0.64;0.37700963
0.63;0.516;0.596999;0.57;2.539955
0.56;0.634;0.613;0.67;1.6654415
0.68;0.786999;0.057999;0.71;-1.2528018
0.71;0.750999;1.0;0.769999;-0.05431342
0.789999;0.532;0.872999;0.53;0.7383926
0.5;0.5;0.539;0.49;0.68766904
0.509999;0.479999;0.091999;0.079999;2.482967
0.049999;0.271;0.509;0.64;0.41673017
0.67;0.628999;0.680999;0.63;-0.029362917
0.609999;0.399999;0.44;0.339999;-1.1161999
0.359999;0.72;0.396;0.77;1.3710244
0.77;0.524999;0.773999;0.479999;0.14073685
0.469999;0.614999;0.59;0.71;0.042114973
0.74;0.5;0.6;0.39;-0.6437199
0.369999;0.524;0.53;0.539999;0.45014453
0.539999;0.475999;0.379999;0.509999;0.8873267
0.53;0.59;0.649999;0.66;0.799994
0.63;0.68;0.64;0.71;1.3432546
0.71;0.549999;0.63;0.489999;-0.07460284
0.519999;0.62;0.49;0.69;1.8111153
0.649999;0.53;0.659999;0.5;-0.12085605
0.49;0.599999;0.53;0.519999;0.3048582
0.82;0.74;0.63;0.78;0.4195912
0.479999;0.66;0.659999;0.579999;0.36390257
0.59;0.32;0.21;0.39;-0.9769993
0.39;0.649999;0.869999;0.56;-0.080271244
0.519999;0.369999;0.13;0.449999;-0.08711982
0.5;0.471;0.63;0.36;1.5810115
0.35;0.398999;0.425999;0.57;-0.12426543
0.539999;0.83;0.704;0.799999;1.3136072
0.83;0.591;0.38;0.149999;-0.5548732
0.149999;0.228999;0.64;0.67;0.13218358
0.649999;0.419999;0.379999;0.49;2.068554
0.49;0.47;0.47;0.149999;-1.2742356
0.17;0.209999;0.259999;0.479999;1.3302786
0.479999;0.48;0.5;0.26;-0.60448813
0.28;0.7;0.46;0.899999;-0.19316244
0.89;0.479999;0.719999;0.369999;-1.126732
0.359999;0.289999;0.167999;0.21;2.3245559
0.18;0.503999;0.472;0.359999;-2.2101538
0.43;0.346;0.46;0.729999;-0.11972952
0.699999;0.68;0.739999;0.66;-0.6516473
0.68;0.579999;0.53;0.38;1.33792
0.369999;0.34;0.359999;0.579999;1.8709464
0.579999;0.649999;0.69;0.479999;0.13872817
0.49;0.466999;0.439999;0.51;-1.3214425
0.509999;0.533;0.49;0.369999;-1.0340528
0.359999;0.406999;0.479999;0.689999;-0.5853729
0.71;0.813;0.63;0.829999;0.8376641
0.799999;0.6;0.829999;0.46;0.2662106
0.5;0.719999;0.549999;0.71;0.09339285
0.7;0.509999;0.64;0.55;-1.3334945
0.52;0.64;0.58;0.589999;-0.8405762
0.559999;0.5;0.559999;0.649999;0.17518237
0.68;0.49;0.469999;0.333;0.33535194
0.5;0.311;0.35;0.276999;0.109653026
0.109999;0.289;0.0;0.0;0.24802521
0.0;0.0;0.238999;0.39;-0.5064683
0.4;0.57;0.171;0.099999;-0.311275
0.109999;0.0;0.439;0.58;0.8447988
0.579999;0.49;0.440999;0.25;1.0553939
0.24;0.523;0.48;0.649999;1.3919635
0.649999;0.346999;0.469999;0.246;-0.3223734
0.536;0.66;0.707999;0.823999;1.1317952
0.543999;0.68;0.552;0.549999;-0.9222703
0.549999;0.42;0.494999;0.64;1.2946291
0.65;0.64;0.665;0.5;-0.4991727
0.469999;0.669999;0.489999;0.78;0.5527122
0.769999;0.9;0.789999;0.93;-1.0091321
0.92;0.479999;0.72;0.359999;0.40813518
0.399999;0.49;0.139999;0.07;1.5426977
0.06;0.006999;0.285;0.469999;2.4737282
0.479999;0.433;0.525999;0.399999;-0.82253385
0.38;0.38;0.081;0.35;1.4235301
0.359999;0.46;0.758;0.59;0.28105214
0.6;0.68;0.609999;0.689999;0.5045397
0.67;0.649999;0.75;0.549999;1.2171371
0.549999;0.39;0.286;0.36;0.73667
0.41;0.479999;0.532999;0.519999;-0.08013415
0.489999;0.52;0.514;0.57;2.3541555
0.55;0.799999;0.656999;0.829999;1.6710622
0.859999;0.64;0.76;0.42;-1.0747508
0.399999;0.31;0.469999;0.469999;1.2940867
0.49;0.509999;0.289999;0.37;-0.80810356
0.329999;0.71;0.57;0.849999;1.2293978
0.859999;0.436;0.74;0.45;2.7737958
0.43;0.694;0.549999;0.719999;-0.6394105
0.759999;0.509999;0.56;0.53;0.9863956
0.52;0.57;0.549999;0.339999;-0.63916016
0.32;0.53;0.369;0.78;1.3508363
0.789999;0.839999;0.901;0.83;2.5163336
0.859999;0.777;0.789999;0.68;2.5359018
0.66;0.482999;0.63;0.469999;-0.16204882
0.449999;0.58;0.529999;0.68;-0.33688116
0.719999;0.979999;0.72;0.979999;0.26478007
0.95;0.46;0.659999;0.23;1.7739577
0.219999;0.7;0.435;0.879999;1.2662752
0.899999;0.589999;0.918999;0.51;0.17462805
0.64;0.773;0.625999;0.619999;1.1599226
0.49;0.186999;0.32;0.399999;1.2979848
0.399999;0.399999;0.51;0.32;1.2930615
0.31;0.35;0.189999;0.189999;3.1463308
0.219999;0.729999;0.433999;1.0;0.014035225
1.0;0.920999;1.0;0.66;-0.31373072
0.5;0.459;0.449999;0.699999;1.8459125
0.699999;0.57;0.539999;0.27;1.0043426
0.28;0.335;0.392;0.56;1.9818587
0.55;0.765;0.538;0.859999;-1.0626272
0.829999;0.609999;0.924999;0.57;-0.40151048
0.589999;0.67;0.515;0.359999;1.0714753
0.35;0.239999;0.1;0.21;1.5119655
0.23;0.72;0.529999;1.0;0.80343914
1.0;0.5;0.64;0.1;2.4410648
0.0;0.0;0.22;0.35;0.8938713
0.472999;0.613;0.686;0.56;0.24831131
0.557;0.504999;0.283999;0.18;1.3850911
0.149999;0.695;0.439999;1.0;0.66021514
1.0;0.407;0.543999;0.0;0.52583647
0.009999;0.192999;0.384;0.549999;0.0064713955
0.52;0.37;0.611;0.42;0.7302208
0.439999;0.586999;0.481;0.63;1.5236123
0.649999;0.57;0.529999;0.539999;0.3369136
0.509999;0.719999;0.59;0.829999;1.1085911
0.82;0.57;0.64;0.229999;1.7725809
0.24;0.27;0.31;0.34;-0.9514587
0.34;0.28;0.189999;0.21;-0.10358262
0.219999;0.299999;0.259999;0.6;-0.8235531
0.579999;0.49;0.34;0.099999;1.9537015
0.089999;0.14;0.439999;0.4;0.70090723
0.41;0.339999;0.32;0.299999;3.027038
0.31;0.619999;0.549999;0.579999;-1.6454117
0.599999;0.27;0.27;0.16;2.7128918
0.15;0.32;0.487;0.559999;-0.5199628
0.579999;0.619999;0.472999;0.74;1.7325087
0.74;0.7;0.808999;0.57;0.09979439
0.559999;0.38;0.441;0.39;1.0074658
0.37;0.43;0.304;0.439999;-2.6729243
0.43;0.379999;0.555999;0.49;0.79354477
0.489999;0.48;0.13;0.0;1.5671535
0.02;0.199999;0.43;0.619999;0.015114069
0.589999;0.507;0.599999;0.55;1.1263771
0.55;0.602999;0.5;0.6;-1.1832134
0.619999;0.46;0.452;0.219999;2.5793536
0.219999;0.396;0.407999;0.579999;0.1790686
0.59;0.625999;0.32;0.189999;2.6253505
0.17;0.148;0.359999;0.63;-0.49284863
0.659999;0.531999;0.59;0.409999;1.722507
0.41;0.578;0.52;0.64;-1.1822716
0.659999;0.609999;0.672999;0.67;2.1973653
0.64;0.527;0.627;0.43;-0.7084923
0.439999;0.863;0.53;0.98;0.99526477
0.97;0.564999;0.82;0.379999;-2.5278883
0.449999;0.545;0.521;0.64;0.6939573
0.56;0.399999;0.468999;0.369999;0.4527433
0.379999;0.52;0.43;0.36;-0.03003645
0.36;0.247;0.229999;0.259999;1.4985306
0.269999;0.232999;0.159999;0.129999;0.9920938
0.1;0.41;0.341;0.8;1.018904
0.829999;0.689999;0.869;0.649999;-0.21289754
0.63;0.57;0.6;0.579999;0.5351229
0.589999;0.575;0.539999;0.32;-0.8908706
0.31;0.515;0.49;0.68;0.33652616
0.7;0.461999;0.53;0.37;-0.6573634
0.369999;0.428;0.339999;0.57;1.3670726
0.56;0.482999;0.58;0.289999;0.6485565
0.279999;0.387;0.324999;0.6;-1.2553827
0.62;0.53;0.515;0.369999;-0.31078625
0.339999;0.327999;0.5;0.43;1.2017889
0.37;0.422;0.149999;0.149999;-0.9763913
0.239999;0.14;0.28;0.5;0.77581835
0.49;0.479999;0.569;0.399999;0.6404383
0.41;0.41;0.0;0.0;-1.0756985
0.0;0.0;0.239999;0.329999;0.38232636
0.27;0.427;0.539999;0.469999;-0.3699379
0.5;0.53;0.41;0.58;1.3563676
0.599999;0.629999;0.67;0.609999;-0.50795245
0.61;0.51;0.549999;0.579999;0.61777663
0.579999;0.785999;0.67;0.82;-0.32740998
0.839999;0.548;0.784999;0.469999;0.7404072
0.359999;0.292;0.105;0.07;-0.9918468
0.18;0.344;0.379999;0.619999;1.9223673
0.6;0.82;0.65;0.88;0.4812522
0.88;1.0;0.928999;1.0;-0.1980381
1.0;0.511;0.861;0.34;0.7911904
0.399999;0.829;0.529999;0.96;0.5929215
0.96;0.479999;0.817;0.449999;0.50776434
0.43;0.649999;0.51;0.51;1.0884626
0.52;0.72;0.436;0.839999;-0.4391508
0.759999;0.43;0.869999;0.43;0.8841796
0.519999;0.519999;0.237;0.18;-0.7423477
0.16;0.39;0.43;0.77;1.8760784
0.759999;0.57;0.649999;0.329999;0.8494301
0.329999;0.56;0.508;0.85;0.49748257
0.859999;0.839999;0.861999;0.689999;0.3085239
0.71;0.517;0.63;0.39;0.44863653
0.4;0.363;0.439999;0.589999;0.06194544
0.579999;0.659999;0.58;0.55;-0.07074046
0.509999;0.49;0.549999;0.549999;-0.41321087
0.549999;0.89;0.479999;0.98;0.42474103
1.0;0.869999;1.0;0.659999;1.5482767
0.58;0.42;0.67;0.62;-0.49742627
0.649999;0.609999;0.41;0.309999;-0.33621955
0.299999;0.27;0.18;0.16;0.8545203
0.18;0.509999;0.439999;0.93;-0.81075597
0.89;0.67;0.979999;0.589999;-0.20224023
0.609999;0.595999;0.609999;0.56;2.1214232
0.56;0.474;0.006;0.07;-2.2674458
0.049999;0.25;0.526;0.63;0.66135955
0.609999;0.42;0.298;0.389999;-0.6335275
0.41;0.345999;0.484999;0.44;0.25062397
0.439999;0.423999;0.384999;0.129999;1.2879295
0.14;0.313;0.43;0.4;0.3708942
0.399999;0.427;0.386;0.699999;0.5882187
0.69;0.609999;0.564999;0.26;-1.5168207
0.289999;0.281999;0.485999;0.579999;1.0496957
0.579999;0.878;0.593;0.869999;0.6635709
0.88;0.55;0.799999;0.5;1.6747994
0.469999;0.53;0.5;0.439999;-0.728287
0.469999;0.449999;0.39;0.56;1.1411769
0.52;0.37;0.329999;0.1;-1.6141253
0.159999;0.289999;0.39;0.39;0.5579276
0.35;0.546999;0.48;0.56;0.63283277
0.539999;0.288;0.39;0.369999;0.90722275
0.399999;0.324999;0.0;0.019999;-1.4527396
0.009999;0.14;0.500999;0.59;0.88330936
0.57;0.454;0.39;0.25;0.3572924
0.26;0.347999;0.405;0.42;1.3659401
0.449999;0.698;0.465;0.829999;1.0071082
0.55;0.302;0.534999;0.17;0.29106572
0.449999;0.698;0.465;0.829999;0.04860592
0.83;0.53;0.78;0.369999;-1.1336044
0.379999;0.451999;0.439999;0.6;-0.0061588287
0.6;0.948;0.649999;0.93;-0.15017557
0.88;0.71;0.447;0.75;0.7054789
0.809999;0.68;1.0;0.63;0.10670853
0.59;0.63;0.46;0.399999;0.9411199
0.39;0.849999;0.519999;1.0;0.8663578
1.0;0.52;0.92;0.24;0.5950732
0.23;0.45;0.48;0.589999;-1.0129588
0.609999;0.439999;0.469999;0.51;-0.05724001
0.5;0.45;0.129999;0.0;0.37832093
0.0;0.111999;0.49;0.55;0.055907488
0.57;0.878;0.56;0.96;-0.8792417
0.939999;0.5;0.829999;0.399999;0.25498703
0.399999;0.705;0.539999;0.75;1.8996937
0.75;0.574999;0.585999;0.409999;1.5763922
0.42;0.609999;0.495;0.82;2.1797104
0.789999;0.6;0.875;0.57;2.845542
0.579999;0.579999;0.375999;0.42;0.1103504
0.43;0.48;0.535;0.66;0.23587182
0.67;0.595999;0.680999;0.57;0.8831961
0.56;0.597999;0.561999;0.609999;-0.33665466
0.579999;0.446;0.396;0.359999;0.94094706
0.369999;0.359999;0.234;0.329999;1.7226322
0.33;0.609999;0.74;0.71;0.21528438
0.71;0.53;0.309999;0.559999;1.8926663
0.599999;0.579999;0.829;0.38;1.0204477
0.35;0.539999;0.460999;0.759999;0.34920406
0.77;0.549999;0.685;0.377;2.3961468
0.497999;0.52;0.499;0.542999;2.1771774
0.421999;0.509999;0.525999;0.53;0.8049114
0.51;0.423;0.539999;0.49;1.6684456
0.5;0.634;0.46;0.649999;-1.5181677
0.64;0.473999;0.687;0.509999;1.8321438
0.509999;0.643;0.512999;0.57;0.501488
0.57;0.731;0.56;0.73;0.74489546
0.769999;0.465;0.579999;0.479999;1.213388
0.45;0.689999;0.589999;0.609999;0.39482546
0.63;0.35;0.366;0.369999;1.6629381
0.359999;0.601999;0.654;0.62;2.1980987
0.609999;0.719;0.64;0.729999;0.7706387
0.78;0.789;0.78;0.719999;0.37368965
0.649999;0.339999;0.399999;0.2;-0.36987233
0.21;0.42;0.135999;0.68;-1.0866956
0.719999;0.536999;0.771;0.576999;2.572344
0.521999;0.512999;0.463;0.153;1.3582392
0.178;0.202;0.38;0.509999;-0.6107049
0.509999;0.467999;0.299999;0.18;0.55772495
0.18;0.2;0.289999;0.28;1.5235825
0.289999;0.32;0.0;0.0;1.9886417
0.0;0.0;0.446;0.41;0.5302174
0.38;0.939999;0.533999;1.0;0.27220085
1.0;0.789999;1.0;0.7;-0.1622932
0.72;0.59;0.628999;0.529999;-1.073809
0.519999;0.38;0.081;0.02;3.091423
0.0;0.009999;0.209999;0.17;-1.1400834
0.189999;0.539999;0.44;0.909999;2.2999687
0.939999;0.52;0.549999;0.079999;0.3065033
0.0;0.139999;0.227;0.32;0.96770954
0.48;0.45;0.452999;0.7;0.14126733
0.729999;0.549999;0.73;0.46;2.1108136
0.44;0.833;0.57;0.78;0.25586918
0.82;0.366999;0.619;0.409999;0.46463442
0.369999;0.7;0.550999;0.579999;0.060979843
0.589999;0.732999;0.53;0.93;0.0571115
0.94;0.576999;0.75;0.44;-0.03348756
0.439999;0.564;0.579999;0.359999;0.8258147
0.35;0.656;0.48;1.0;2.884446
1.0;0.529999;0.882999;0.329999;0.1669927
0.32;0.51;0.278;0.32;2.1656675
0.31;0.263999;0.497999;0.62;0.017164469
0.64;0.765999;0.651;0.729999;1.1256797
0.719999;0.64;0.25;0.07;-0.1890676
0.079999;0.0;0.5;0.579999;2.7194185
0.57;0.594999;0.079999;0.0;-0.69375205
0.009999;0.03;0.359999;0.589999;1.7800732
0.54;0.859999;0.699999;0.89;0.08771253
0.919999;0.469999;0.35;0.0;-0.6417291
0.0;0.0;0.27;0.359999;1.8037183
0.379999;0.5;0.439999;0.64;1.8552227
0.65;0.6;0.676;0.43;1.7969055
0.399999;0.31;0.0;0.0;0.14520124
0.0;0.0;0.23;0.6;0.23574069
0.59;0.561;0.705999;0.479999;-0.29183793
0.489999;0.939;0.614;0.88;0.24831727
0.85;0.43;0.869999;0.589999;2.1780596
0.6;0.7;0.529;0.57;2.2231445
0.223999;0.088999;0.109999;0.0;-1.133658
0.316;0.641;0.381;0.799999;0.1709266
0.829999;0.479999;0.448999;0.07;1.1791034
0.07;0.289999;0.551;0.542999;1.6193314
0.673999;0.66;0.68;0.617;1.8124504
0.496;0.279999;0.309999;0.419999;-0.81057715
0.399999;0.859999;0.63;0.9;-1.7988639
0.899999;0.46;0.57;0.219999;2.1289392
0.25;0.456;0.399999;0.619999;1.4596207
0.57;0.411999;0.594;0.469999;1.792757
0.51;0.481999;0.082;0.0;-0.84715056
0.0;0.03;0.454;0.51;0.2850397
0.489999;0.622999;0.421999;0.5;-0.62768626
0.5;0.5;0.497999;0.559999;2.6866121
0.57;0.467;0.71;0.55;1.2654884
0.55;0.779999;0.55;0.949999;0.9546144
0.702999;0.69;0.702999;0.62;-0.33929515
0.5;0.449999;0.157;0.0;2.3151383
0.5;0.113;0.192999;0.199999;0.2342625
0.0;0.217;0.502;0.759999;0.47494006
1.0;0.782999;0.667;0.64;1.55441
0.327;0.447;0.517999;0.26;-1.0757462
0.239999;0.219999;0.49;0.519999;0.61828923
0.53;0.530999;0.511;0.55;0.33396316
0.539999;0.478999;0.195;0.18;-0.09342599
0.17;0.2;0.384;0.509999;0.57773423
0.52;0.561;0.568999;0.57;2.0386143
0.599999;0.680999;0.611;0.56;1.2042148
0.56;0.667999;0.689999;0.629999;1.3835533
0.6;0.32;0.369999;0.259999;2.1223588
0.259999;0.39;0.42;0.44;1.1899276
0.439999;0.65;0.41;0.82;1.5170856
0.85;0.579999;0.573999;0.239999;-0.63169765
0.219999;0.229999;0.396;0.53;0.80322456
0.55;0.612;0.656999;0.64;1.8701
0.619999;0.536;0.483;0.3;-0.5333142
0.32;0.711999;0.46;0.949999;0.694607
0.92;0.63;0.918999;0.59;0.24320915
0.619999;0.49;0.551;0.39;1.1908813
0.37;0.823999;0.519999;0.989999;1.8993719
1.0;0.576;0.88;0.49;1.5015287
0.449999;0.449999;0.389;0.289999;1.4808161
0.0;0.303;0.010999;0.02;1.3931079
0.369999;0.0;0.316;0.309999;3.7598355
0.31;0.710999;0.448;0.58;-0.517972
0.579999;0.548999;0.595999;0.799999;1.858948
0.759999;0.46;0.5;0.219999;-0.2156632
0.219999;0.417999;0.52;0.71;1.6409917
0.75;0.871;0.769999;0.789999;2.5577588
0.79;0.430999;0.56;0.32;1.3063891
0.319999;0.503999;0.52;0.67;-0.04465151
0.66;0.426;0.384999;0.35;1.7560346
0.35;0.640999;0.644999;0.67;2.1509929
0.67;0.386;0.45;0.439999;0.4217131
0.439999;0.787999;0.649999;0.769999;2.0203395
0.78;0.554;0.77;0.54;0.31317902
0.53;0.932;0.519999;0.989999;0.76967907
1.0;0.536999;0.879;0.35;-0.108774185
0.349999;0.391999;0.390999;0.39;1.9593043
0.39;0.54;0.439999;0.719999;1.003371
0.69;0.629999;0.71;0.41;1.8668635
0.409999;0.37;0.39;0.539999;0.8578582
0.579999;0.611999;0.447;0.619999;1.58606
0.62;0.618;0.823;0.66;0.14312103
0.629999;0.549999;0.445;0.309999;2.036242
0.31;0.25;0.0;0.0;0.8396847
0.0;0.03;0.449;0.66;-0.040514946
0.7;0.48;0.326;0.219999;-0.5554395
0.21;0.440999;0.454999;0.629999;0.5207641
0.639999;0.728999;0.71;0.8;0.8739693
0.79;0.497;0.359999;0.049999;1.990108
0.059999;0.225;0.549999;0.6;0.1775308
0.609999;0.718;0.445;0.789999;-0.9354012
0.783999;0.489999;0.798999;0.41;-1.2508229
0.386;0.44;0.465;0.509999;0.84726644
0.53;0.693999;0.503;0.43;1.0413094
0.42;0.487;0.417999;0.759999;0.08631182
0.769999;0.499;0.699999;0.49;0.92300606
0.49;0.622;0.539;0.53;-0.83897877
0.539999;0.397999;0.371;0.199999;-0.7663624
0.21;0.58;0.472999;0.87;0.21257833
0.829999;0.519999;0.707;0.339999;1.0205967
0.359999;0.78;0.509999;0.969999;0.025878668
0.969999;0.539999;0.89;0.43;0.43613744
0.43;0.512;0.42;0.44;-2.6186602
0.43;0.671999;0.52;0.829999;1.1525912
0.849999;0.61;0.829999;0.609999;1.3219817
0.62;0.558999;0.598999;0.6;1.1994464
0.579999;0.586999;0.420999;0.49;0.44995975
0.479999;0.4;0.399;0.299999;-0.49201417
0.289999;0.483999;0.561;0.579999;-0.25022793
0.6;0.406;0.478;0.41;0.4727645
0.42;0.719999;0.491999;0.789999;1.1686904
0.805;0.494999;0.705;0.439999;0.54914784
0.423999;0.481;0.234999;0.19;-0.7122712
0.191;0.193999;0.225999;0.369999;-0.7170217
0.339999;0.34;0.567999;0.43;2.1888003
0.45;0.43;0.066;0.019999;1.6288741
0.019999;0.21;0.489999;0.64;0.11601284
0.64;0.551;0.35;0.26;0.3403349
0.26;0.178999;0.42;0.479999;0.8028312
0.489999;0.55;0.479999;0.46;-0.06239581
0.47;0.589999;0.53;0.45;1.4027817
0.43;0.469999;0.51;0.57;0.4938765
0.559999;0.505;0.559999;0.619999;0.30161574
0.63;0.465;0.428;0.509999;-0.9788947
0.509999;0.532999;0.68;0.539999;1.2045367
0.53;1.0;0.561999;1.0;0.070749044
1.0;0.55;1.0;0.519999;1.6020639
0.519999;0.600999;0.439999;0.38;0.21573737
0.399999;0.298999;0.45;0.509999;0.8815272
0.5;0.619999;0.549999;0.6;0.57088566
0.58;0.75;0.39;0.829999;0.670187
0.829999;0.52;0.859999;0.41;-0.5694704
0.399999;0.469999;0.48;0.479999;0.34255815
0.5;0.439999;0.43;0.46;0.7288618
0.479999;0.539999;0.629999;0.609999;-0.3433125
0.58;0.51;0.34;0.339999;0.63741636
0.329999;0.32;0.07;0.0;1.151268
0.0;0.052999;0.299999;0.349999;-0.12126732
0.329999;0.347;0.48;0.52;1.6776724
0.53;0.508899;0.488;0.53;2.1924481
0.539999;0.5511;0.372;0.24;1.4840169
0.23;0.318999;0.467999;0.644999;0.9519203
0.519999;0.89;0.542;0.875;0.3968997
0.5;0.551;0.5;0.52;0.64852667
1.0;0.43;0.91;0.449999;-0.6083088
0.44;0.46;0.18;0.109999;1.3226254
0.129999;0.18;0.489999;0.539999;0.33122134
0.539999;0.609999;0.539999;0.65;0.2715929
0.63;0.719999;0.42;0.699999;0.9198351
0.719999;0.619999;0.89;0.63;1.3138993
0.64;0.712;0.619999;0.619999;0.90345573
0.57;0.438;0.571;0.469999;1.3308508
0.52;0.529999;0.501999;0.48;1.820497
0.46;0.4;0.227;0.199999;0.20164087
0.209999;0.329999;0.487;0.61;2.0730839
0.63;0.57;0.595999;0.509999;0.36643577
0.469999;0.369999;0.399;0.439999;-0.46932268
0.469999;0.98;0.607999;0.96;1.1890574
0.95;0.46;0.686;0.32;0.4584117
0.299999;0.5;0.564;0.509999;1.1141641
0.52;0.568999;0.46;0.53;1.7197115
0.589999;0.373;0.539999;0.549999;0.21819904
0.49;0.606999;0.593;0.59;1.1732144
0.609999;0.470999;0.530999;0.52;0.94370675
0.52;0.81;0.57;0.799999;2.30128
0.789999;0.479999;0.701999;0.42;0.97762775
0.439999;0.43;0.091999;0.109999;0.193481
0.1;0.25;0.522;0.619999;0.7222755
0.6;0.48;0.497999;0.41;0.12475684
0.42;0.478;0.561999;0.5;0.71065855
0.5;0.841999;0.51;0.859999;1.5044196
0.567;0.43;0.567;0.259999;2.594684
0.518;0.225;0.363;0.329999;0.30734968
0.344999;0.484999;0.308;0.6;0.9211762
0.599999;0.699999;0.771999;0.6;0.41427445
0.63;0.73;0.589999;0.78;0.5280478
0.77;0.609999;0.82;0.549999;1.2242241
0.539999;0.469999;0.47;0.57;1.3239248
0.579999;0.799999;0.639999;0.7;0.3950758
0.689999;0.56;0.7;0.579999;0.7860286
0.59;0.463999;0.38;0.5;1.4769537
0.479999;0.736;0.699999;0.769999;0.6788535
0.76;0.529999;0.4;0.15;2.989797
0.18;0.3;0.459999;0.39;-0.29726195
0.409999;0.339999;0.359999;0.609999;-0.019110918
0.6;0.58;0.65;0.609999;2.0251257
0.619999;0.589999;0.539999;0.439999;0.52913857
0.41;0.32;0.369999;0.469999;1.2009425
0.5;0.71;0.5;0.73;-0.2763884
0.689999;0.689;0.84;0.589999;-0.0130729675
0.619999;0.591;0.339999;0.67;0.11983946
0.67;0.539999;0.859999;0.38;1.0129673
0.359999;0.35;0.439;0.439999;1.1560364
0.45;0.68;0.420999;0.49;0.78162384
0.509999;0.299999;0.52;0.549999;0.4057033
0.539999;0.689999;0.566;0.7;-0.5710738
0.67;0.52;0.613999;0.419999;0.16251639
0.46;0.494999;0.5;0.53;0.80746245
0.509999;0.628;0.579999;0.67;1.3227088
0.68;0.497;0.31;0.159999;1.837848
0.149999;0.39;0.49;0.67;-1.3164774
0.66;0.46;0.689999;0.55;0.5139036
0.539999;0.609999;0.345999;0.57;0.78567696
0.59;0.56;0.734;0.619999;1.1947079
0.629999;0.609999;0.605;0.6;1.900111
0.66;0.729999;0.523999;0.64;-0.25512743
0.57;0.41;0.418;0.239999;-2.0490186
0.25;0.351999;0.509;0.48;-0.25395918
0.46;0.488;0.372999;0.43;1.7601116
0.449999;0.445;0.454999;0.359999;0.91436934
0.35;0.655;0.442;0.92;1.6558213
0.92;0.5;0.783999;0.28;0.6146772
0.28;0.463999;0.49;0.599999;-0.2486484
0.589999;0.416;0.17;0.39;2.787356
0.39;0.43;0.64;0.469999;1.8823309
0.469999;0.43;0.367999;0.35;1.1655731
0.359999;0.619999;0.602;0.75;0.70875716
0.74;0.48;0.5;0.289999;-0.19368696
0.299999;0.5;0.509999;0.63;0.2338393
0.609999;0.489999;0.219999;0.1;0.5250497
0.1;0.27;0.57;0.75;0.6300552
0.77;0.732999;0.759999;0.71;1.2494428
0.719999;0.487;0.56;0.339999;1.7607732
0.329999;0.395;0.45;0.539999;0.24628475
0.55;0.805;0.6;0.82;0.9520216
0.809999;0.585;0.769999;0.53;1.2371166
0.539999;0.684999;0.536999;0.689999;-0.19328761
0.7;0.539999;0.691;0.53;2.3578448
0.5;0.54;0.461999;0.55;1.0087771
0.57;0.509999;0.488;0.469999;0.4060669
0.469999;0.43;0.281999;0.21;-1.0229306
0.2;0.24;0.149999;0.239999;2.1732612
0.25;0.259999;0.109999;0.0;0.09003115
0.0;0.149999;0.416;0.63;1.5650911
0.64;0.439999;0.393999;0.109999;1.283638
0.08;0.28;0.109999;0.18;0.9224756
0.199999;0.172;0.539999;0.63;2.0630107
0.62;0.867999;0.62;0.78;0.45121145
0.799999;0.67;0.543999;0.75;1.4242811
0.729999;0.471;0.5;0.469999;0.64536166
0.5;0.428999;0.5;0.262;1.3384743
0.247;0.364;0.722999;0.519999;-0.9357052
0.529;0.518999;0.402999;0.483;2.7269645
0.444;0.627;0.49;0.475;1.0526164
0.5;0.280999;0.43;0.434999;2.3237867
0.419999;0.509;0.481;0.585;0.22954181
0.59;0.489999;0.579;0.439999;2.1846933
0.439999;0.42;0.32;0.297;0.55777264
0.32;0.642;0.539999;0.820999;1.166789
0.768999;0.494;0.67;0.43;0.28659537
0.483;0.494;0.459999;0.514;1.1673553
0.485999;0.433;0.427;0.402999;1.1021299
0.432;0.447;0.463;0.453;1.5923245
0.589999;0.562999;0.548999;0.471999;-0.054730654
0.31;0.367;0.301;0.397;1.2679322
0.41;0.405999;0.259999;0.125999;-0.06798673
0.122999;0.257999;0.36;0.421999;1.3568504
0.417;0.382;0.539999;0.6;1.5757365
0.588;0.457999;0.46;0.527;1.3935311
0.538999;0.705999;0.532999;0.647999;-0.35761166
0.643;0.46;0.697;0.458;0.78142715
0.46;0.69;0.527;0.731999;-0.12734699
0.73;0.64;0.713;0.626999;1.6340835
0.633999;0.539999;0.489999;0.493;1.1847777
0.496;0.540999;0.66;0.569;0.95025134
0.579999;0.466;0.42;0.481;-1.4232174
0.45;0.453;0.548999;0.459999;0.14526084
0.491;0.829999;0.546999;0.847;1.1050625
0.856;0.53;0.692;0.389;-0.42711067
0.363999;0.424999;0.408999;0.384;1.433353
0.392;0.435;0.451;0.628;0.6310506
0.626999;0.589999;0.582;0.366;0.8345587
0.366;0.28;0.359999;0.396;0.22254422
0.394;0.39;0.344999;0.445999;1.4067633
0.449999;0.478999;0.515;0.407;-0.5316453
0.398;0.721;0.5;0.833999;0.5783422
0.811999;0.479999;0.689;0.408999;-1.15899
0.44;0.813;0.571;0.865;1.2045248
0.849999;0.486999;0.648999;0.442999;-0.16789007
0.446;0.56;0.561;0.442;0.9687407
0.443999;0.445;0.506;0.585999;-0.5067067
0.597;0.503;0.356999;0.316;0.44729543
0.302999;0.314999;0.375;0.311999;-0.4871564
0.31;0.612;0.482;0.807;2.0599349
0.814;0.454999;0.671999;0.405999;-0.08430648
0.404;0.41;0.316;0.386;1.2273414
0.393999;0.402;0.230999;0.116;-0.8281665
0.118;0.247999;0.271;0.277;0.4896982
0.299999;0.238;0.398;0.423999;0.27178362
0.39;0.389;0.388999;0.335;0.90533924
0.335999;0.372999;0.489;0.579;0.52048993
0.587;0.56;0.443999;0.469999;0.9323759
0.486999;0.549999;0.612;0.664999;-0.23241806
0.63;0.611;0.628;0.445;0.81536007
0.459;0.654999;0.489;0.667;1.805572
0.661999;0.544;0.349999;0.256999;0.5611999
0.211999;0.0;0.524;0.445999;1.722656
0.5;0.594999;0.427;0.538;0.46820474
0.536999;0.518999;0.515;0.509999;1.2835546
0.5;0.521999;0.453;0.34;0.86254907
0.345;0.554;0.411999;0.771999;2.1325693
0.784999;0.56;0.789999;0.518;-0.6197469
0.509999;0.529999;0.346;0.369;0.9976728
0.372;0.361;0.453999;0.544999;-1.1638001
0.538;0.448999;0.392;0.237;0.99741054
0.241999;0.66;0.497999;0.861;1.3954086
0.852;0.648999;0.749;0.657999;2.149026
0.68;0.551;0.710999;0.552;0.5501909
0.535999;0.55;0.49;0.564;-0.05005169
0.57;0.519999;0.533;0.357;0.9364171
0.348;0.411999;0.497;0.541999;1.51249
0.591999;0.468;0.359999;0.343;0.75484943
0.289999;0.381999;0.49;0.509999;0.56629014
0.519999;0.438;0.387999;0.285;-0.28056073
0.28;0.39;0.481999;0.516999;-0.15697646
0.53;0.579999;0.399;0.402;-0.11127758
0.407;0.24;0.457999;0.442;0.23678973
0.422999;0.619999;0.478;0.619999;0.35924745
0.62;0.701999;0.655;0.661999;1.219873
0.674999;0.481999;0.609999;0.508;1.0307951
0.494999;0.445;0.231999;0.218;-0.7165806
0.226;0.280999;0.446999;0.580999;0.7640643
0.558;0.55;0.566;0.544;-0.9665506
0.545999;0.53;0.454999;0.334999;-0.43546128
0.349999;0.309999;0.219;0.169;0.7399423
0.19;0.225999;0.431;0.430999;0.76252055
0.409999;0.504;0.43;0.603999;0.5636556
0.609999;0.504999;0.57;0.429;0.009272814
0.414;0.613;0.479999;0.691;-0.62082577
0.701999;0.5;0.537999;0.359999;1.7483516
0.359999;0.353;0.312;0.286;1.4903827
0.338;0.435;0.497;0.604999;0.97851586
0.55;0.545;0.603;0.511;1.2494249
0.5;0.509999;0.494999;0.571999;-0.5827801
0.576999;0.469;0.402;0.305;-0.23332405
0.308;0.497;0.521999;0.548999;-0.4168229
0.657;0.475;0.360999;0.386;0.35632682
0.290999;0.277999;0.25;0.161999;1.0451598
0.183999;0.296999;0.301;0.429;0.46689343
0.369;0.48;0.567999;0.662999;1.0750754
0.7;0.608999;0.535;0.372;0.5403979
0.360999;0.45;0.533999;0.66;0.9337528
0.636;0.545;0.622;0.53;1.8368704
0.564999;0.534999;0.346;0.308999;2.2284732
0.3;0.329;0.513999;0.588;0.30125216
0.598999;0.500999;0.337;0.265;-0.32575893
0.255;0.203;0.232999;0.472999;-0.036288977
0.461999;0.646999;0.614;0.325;1.0242267
0.407;0.532;0.517999;0.875999;1.7348571
0.722999;0.518;0.601;0.396;1.4666302
0.439999;0.794999;0.589999;0.925999;-1.2769297
0.765;0.395;0.515999;0.089;0.22313431
0.295;0.402;0.433;0.677;-0.16485023
0.674999;0.534999;0.597;0.367999;1.3185782
0.351;0.342;0.3749;0.303;1.0547442
0.323999;0.456999;0.366099;0.64;0.7796569
0.635999;0.637;0.783999;0.64;0.9919567
0.644;0.466;0.385;0.271999;1.3264282
0.265999;0.46;0.448;0.591999;0.8943064
0.579;0.463;0.580999;0.521;0.28053954
0.512;0.484;0.167999;0.055999;0.85998607
0.073;0.227999;0.394;0.575;1.0561748
0.57;0.488;0.607999;0.579999;-0.36514568
0.605999;0.525999;0.600999;0.548;-0.2436595
0.528;0.753999;0.554;0.540999;-0.40872264
0.558;0.316;0.387;0.516;-0.12995172
0.459999;0.698999;0.669999;0.669999;0.07418227
0.708;0.829;0.658;0.853;1.2312455
0.832999;0.448;0.496;0.146999;1.1179311
0.128999;0.283999;0.426;0.504;0.34103227
0.561;0.481;0.489999;0.416999;-0.34987497
0.451;0.432;0.52;0.519;0.39093328
0.457999;0.463;0.393;0.472999;-0.059487104
0.478;0.794999;0.494;0.792;0.17604664
0.807;0.609;0.695999;0.431999;0.41890574
0.414;0.301;0.381;0.212;-0.4204111
0.259999;0.31;0.437;0.594999;0.12072161
0.564999;0.452999;0.508999;0.465;0.0023169518
0.463999;0.612;0.474;0.587999;-0.15663671
0.564;0.613;0.652;0.64;0.32291245
0.657;0.484;0.557;0.46;0.15959576
0.575;0.724999;0.579999;0.570999;-0.3054695
0.445999;0.467;0.606999;0.544;0.219713
0.56;0.673999;0.445;0.796999;-0.31373668
0.784999;0.619999;0.812999;0.612;1.3132496
0.634999;0.491999;0.448;0.41;1.1620803
0.53;0.705;0.522;0.416999;0.3736539
0.267;0.274;0.531999;0.596;0.82885456
0.600999;0.479999;0.49;0.494999;-0.24835634
0.515;0.633;0.619999;0.704999;1.0020239
0.656999;0.497999;0.419;0.319;-0.31176376
0.317;0.338;0.483999;0.466999;-0.32890606
0.503;0.472;0.445;0.503;-1.0844246
0.5;0.509999;0.41;0.277;0.39063525
0.298;0.298;0.329999;0.375;0.6306572
0.332;0.347;0.392;0.365;2.615611
0.497999;0.626999;0.647999;0.717999;1.4598174
0.614;0.503;0.542999;0.518;0.5321963
0.518999;0.527;0.422;0.533999;0.28667286
0.527;0.662999;0.666999;0.597999;1.2232883
0.586999;0.443;0.573;0.482;0.92264843
0.414999;0.506999;0.324;0.289999;-0.22307801
0.37;0.469999;0.472999;0.589999;0.4027648
0.594999;0.693;0.545999;0.75;-0.6317811
0.744999;0.805999;0.771999;0.87;0.62267613
0.844999;0.476999;0.396;0.349999;-0.022538185
0.383;0.56;0.5;0.44;0.841002
0.414999;0.192;0.5;0.344;0.109396726
0.359;0.515;0.5;0.393999;1.1322362
0.387999;0.354999;0.5;0.476999;-0.046540976
0.579999;0.529;0.539999;0.585999;1.5614791
0.253;0.412999;0.286;0.263;-0.43116975
0.542;0.347;0.494;0.433;0.37042928
0.52;0.5;0.427;0.448;0.2897723
0.128;0.5;0.304;0.410999;0.43216777
0.696999;0.445999;0.548999;0.494;0.3225131
0.434;0.281;0.210999;0.382;1.7048879
0.417999;0.424999;0.706;0.548999;-0.699945
0.375999;0.601999;0.476999;0.509999;0.15287831
0.612;0.469;0.432;0.395;0.24199322
0.378;0.395;0.406999;0.349999;0.7586343
0.286999;0.552;0.405999;0.571;-0.13839173
0.567999;0.255;0.525;0.339999;0.15017822
0.477;0.480999;0.497;0.530999;-0.675519
0.562999;0.557;0.515;0.508;1.4617367
0.442;0.529;0.488;0.526;-0.52569675
0.305;0.287999;0.349999;0.311999;-0.38253832
0.533;0.45;0.501;0.497;-0.18264222
0.495;0.550999;0.506999;0.524999;0.2924545
0.821999;0.914999;0.624;0.890999;0.4318936
0.743;0.577;0.681999;0.478;1.41028
0.326999;0.353999;0.441;0.364;0.3271563
0.314999;0.315999;0.390999;0.405999;1.1820657
0.41;0.519;0.436;0.576999;-0.45567322
0.494999;0.475;0.463;0.322;0.8162899
0.655;0.597999;0.645;0.784999;0.46573114
0.680999;0.622999;0.537999;0.404;0.021825552
0.234;0.215;0.294;0.311;-0.118769884
0.355;0.564;0.445999;0.573999;0.70149136
0.562999;0.420999;0.646999;0.478;-1.1787132
0.66;0.634999;0.509999;0.506999;-0.09976196
0.274999;0.399999;0.352;0.479999;0.29590562
0.509999;0.683;0.579;0.721;0.20770267
0.765;0.579999;0.704;0.457;1.1487944
0.495;0.471;0.544999;0.601999;-0.4195528
0.548999;0.478;0.487;0.369;0.0015361309
0.317999;0.366;0.245;0.364;1.4396949
0.389;0.512;0.488;0.658;1.6812487
0.811;0.604999;0.671999;0.526999;0.7131798
0.422999;0.442;0.445;0.258;0.82079005
0.137;0.267;0.0;0.1;0.66978765
0.163;0.350999;0.5;0.647999;0.2615197
0.5;0.5;0.5;0.5;-0.5524533
0.475;0.382999;0.51;0.528;-0.71467924
0.729999;0.492;0.579999;0.408999;-0.07340479
0.441;0.482999;0.524999;0.474999;0.35965276
0.298999;0.42;0.347;0.434;-1.0382967
0.681999;0.566;0.530999;0.417;0.57805014
0.388;0.378999;0.442;0.576999;0.82632136
0.582;0.515;0.46;0.451999;0.8282049
0.382999;0.475999;0.548999;0.512;0.016836643
0.576999;0.676;0.528999;0.637;1.0215743
0.670999;0.484999;0.49;0.313;0.53574276
0.191;0.342999;0.494;0.625;-0.07922816
0.859999;0.887;0.698;0.603999;-0.046564817
0.433;0.252;0.524999;0.455999;0.48881605
0.395;0.433;0.385;0.379;-0.017698288
0.317999;0.576;0.397999;0.710999;-0.7671194
0.945;0.677999;0.627;0.445;-0.34787822
0.313;0.328;0.542999;0.542999;-1.0133283
0.519999;0.473999;0.417;0.317999;1.2593193
0.337;0.554;0.503;0.623;-0.7121043
0.603;0.57;0.619999;0.666999;1.3625069
0.698999;0.539;0.375;0.497;-0.15666056
0.449999;0.428999;0.668999;0.411;1.1139317
0.43;0.687;0.51;0.728999;-0.5063968
0.727999;0.467999;0.611999;0.463999;1.9429965
0.529;0.685;0.588;0.689;-1.0337191
0.631;0.475;0.611;0.423;-0.0092225075
0.574999;0.664999;0.646;0.673;-0.974633
0.435;0.443999;0.329;0.387;1.5356584
0.454999;0.465;0.599999;0.545;0.7459743
0.569;0.505;0.513;0.473999;0.99834037
0.438;0.567999;0.199999;0.158999;0.49822763
0.262999;0.213;0.472;0.57;0.80776644
0.525999;0.567;0.540999;0.614;1.9265099
0.569;0.405;0.544;0.424999;0.48802927
0.417999;0.545999;0.506999;0.491;0.55057836
0.494999;0.457;0.456;0.524999;-0.4940765
0.549;0.637;0.556999;0.481999;0.69061947
0.392999;0.334999;0.376;0.459;-0.7748978
0.64;0.555;0.375;0.454;1.2346013
0.342;0.378;0.610999;0.421999;0.94368887
0.607999;0.835;0.634999;0.971;1.3127728
1.0;0.865;0.998;0.814;0.6804867
0.622999;0.506999;0.524999;0.448;0.45156312
0.393;0.68;0.531999;0.634;1.2166126
0.652;0.358;0.422;0.253999;1.7502172
0.277999;0.280999;0.192999;0.31;1.6599758
0.276;0.353;0.551;0.579999;0.0614388
0.676;0.632999;0.328;0.318999;0.667326
0.253;0.302;0.584999;0.604;-0.6232636
0.649;0.686;0.501;0.375;0.7438226
0.295999;0.225;0.422999;0.451;1.1797411
0.494;0.535;0.274;0.410999;0.5833192
0.430999;0.433999;0.688;0.564;-0.9112017
0.454999;0.423999;0.456;0.49;-0.4268067
1.0;0.932;0.727999;0.686999;1.1489673
0.278999;0.347999;0.506;0.513;1.8627627
0.391;0.421999;0.402;0.352999;1.6787632
0.393;0.388;0.495;0.47;0.38448405
0.436999;0.509;0.215999;0.254999;1.48596
0.216;0.239999;0.443;0.566;-0.6795125
0.656999;0.626;0.631999;0.661;1.4035685
0.649;0.531999;0.469;0.332999;0.46621394
0.308;0.38;0.402999;0.524;0.6411536
0.579999;0.476999;0.402;0.396999;-1.8616157
0.39;0.398;0.494999;0.366;1.5364511
0.343;0.443999;0.512999;0.515999;0.45587254
0.552;0.456;0.453;0.41;1.3837559
0.478;0.517;0.538;0.576;0.08978081
0.529999;0.529999;0.379999;0.361999;1.0578794
0.262;0.323;0.352;0.372;0.9965522
0.49;0.382;0.474999;0.523;1.303236
0.505;0.567;0.537;0.478;0.71086717
0.442999;0.381;0.448;0.464999;-0.5047934
0.445;0.576999;0.509999;0.529;0.55188966
0.765;0.64;0.626999;0.586999;0.059972525
0.281999;0.327999;0.426;0.451;1.748882
0.558;0.505;0.445999;0.516;1.3205571
0.42;0.642;0.551;0.507999;-0.20672846
0.582;0.378;0.43;0.375999;0.65837336
0.308;0.322999;0.341;0.375;1.4995737
0.493;0.539;0.512;0.565;1.1012418
0.574999;0.512;0.563;0.469999;0.11403397
0.467;0.633;0.531999;0.759999;0.39631557
0.703999;0.545;0.591999;0.436;0.41899514
0.544;0.539999;0.509;0.422;-0.07356572
0.262999;0.263999;0.332;0.343999;1.6295238
0.258;0.502;0.378;0.59;0.47993493
0.603999;0.473999;0.575;0.481999;0.41419697
0.561;0.462;0.469;0.402;1.8227799
0.539;0.57;0.644999;0.642;0.29885605
0.631;0.615;0.551;0.644999;1.3043327
0.616;0.559999;0.476999;0.408999;0.46124887
0.381;0.547;0.554;0.698;0.39765668
0.683;0.512999;0.613;0.515999;-0.028194666
0.417999;0.482999;0.524;0.407;0.9941919
0.399;0.449;0.38;0.386;-0.8435683
0.427999;0.399;0.476999;0.511999;1.1800392
