<OPEN>;<HIGH>;<LOW>;<CLOSE>;(predicted -> )<LOW>
1.0;1.0;1.0;1.0;0.536015
1.0;1.0;1.0;1.0;0.392118
1.0;1.0;1.0;1.0;0.885352
1.0;1.0;1.0;1.0;0.139322
0.0;0.0;0.0;0.0;0.593313
0.0;0.0;0.0;0.0;0.495383
0.0;0.0;0.0;0.0;0.499412
0.0;0.0;0.0;0.0;0.142738
0.5;0.5;0.5;0.5;0.453498
0.0;0.0;0.0;0.0;0.22042
0.519;0.519;0.519;0.519;0.623258
0.494;0.494;0.494;0.494;0.367584
1.0;1.0;1.0;1.0;0.47622
1.0;1.0;1.0;1.0;0.475588
1.0;1.0;1.0;1.0;0.186255
0.0;0.0;0.0;0.0;0.447675
0.0;0.0;0.0;0.0;0.361844
0.622;0.622;0.622;0.622;0.186517
0.822999;0.822999;0.822999;0.822999;0.270739
0.268;0.268;0.268;0.268;0.589129
0.669;0.669;0.669;0.669;0.419929
0.442;0.442;0.442;0.442;0.650384
0.762;0.762;0.762;0.762;0.131049
0.597;0.597;0.597;0.597;0.0841523
0.262999;0.262999;0.262999;0.262999;0.767686
0.577999;0.577999;0.577999;0.577999;0.352898
1.0;1.0;1.0;1.0;0.284889
0.689999;0.689999;0.689999;0.689999;0.522014
0.513;0.513;0.513;0.513;0.688722
0.015;0.015;0.015;0.015;0.421288
0.123999;0.123999;0.123999;0.123999;0.244709
0.0;0.0;0.0;0.0;0.679132
1.0;1.0;1.0;1.0;0.443413
1.0;1.0;1.0;1.0;-0.156913
1.0;1.0;1.0;1.0;0.565019
0.0;0.0;0.0;0.0;0.421366
0.0;0.0;0.0;0.0;-0.089485
0.173;0.173;0.173;0.173;0.60456
0.696999;0.696999;0.696999;0.696999;0.623312
0.289;0.289;0.289;0.289;-0.245354
0.544;0.544;0.544;0.544;0.166341
0.334999;0.334999;0.334999;0.334999;0.153061
0.268;0.268;0.268;0.268;0.393602
0.555;0.555;0.555;0.555;0.262924
0.089999;0.089999;0.089999;0.089999;-0.574998
0.0;0.0;0.0;0.0;0.512781
0.029;0.029;0.029;0.029;0.712665
0.312999;0.312999;0.312999;0.312999;-0.346393
1.0;1.0;1.0;1.0;0.840863
0.5;0.5;0.5;0.5;0.821605
0.215;0.215;0.215;0.215;0.2202
0.891999;0.891999;0.891999;0.891999;0.744727
0.508;0.508;0.508;0.508;0.885078
1.0;1.0;1.0;1.0;0.495555
0.658999;0.658999;0.658999;0.658999;0.898668
1.0;1.0;1.0;1.0;0.615963
0.257999;0.257999;0.257999;0.257999;1.26732
0.486999;0.486999;0.486999;0.486999;0.65613
0.0;0.0;0.0;0.0;0.123146
0.333;0.333;0.333;0.333;1.11066
1.0;1.0;1.0;1.0;0.414845
0.265;0.265;0.265;0.265;0.531855
0.440999;0.440999;0.440999;0.440999;0.423338
0.63;0.63;0.63;0.63;-0.12115
0.498999;0.498999;0.498999;0.498999;0.229534
1.0;1.0;1.0;1.0;-0.0185435
0.967;0.967;0.967;0.967;0.853589
1.0;1.0;1.0;1.0;-0.101981
1.0;1.0;1.0;1.0;0.821664
1.0;1.0;1.0;1.0;-0.139612
0.309999;0.309999;0.309999;0.309999;0.686231
0.402;0.402;0.402;0.402;0.143751
0.245999;0.245999;0.245999;0.245999;0.38689
1.0;1.0;1.0;1.0;-0.030384
0.942;0.942;0.942;0.942;0.434639
0.646;0.646;0.646;0.646;-0.00273043
0.87;0.87;0.87;0.87;-0.103117
0.739999;0.739999;0.739999;0.739999;0.0970209
0.292;0.292;0.292;0.292;0.519761
0.509999;0.509999;0.509999;0.509999;0.124612
0.0;0.0;0.0;0.0;0.830402
0.0;0.0;0.0;0.0;1.04399
0.163999;0.163999;0.163999;0.163999;-0.223488
0.056;0.056;0.056;0.056;0.772681
1.0;1.0;1.0;1.0;1.06891
0.369;0.369;0.369;0.369;0.557675
0.332;0.332;0.332;0.332;0.313857
0.0;0.0;0.0;0.0;0.992587
0.5;0.5;0.5;0.5;0.500544
0.5;0.5;0.5;0.5;0.628939
0.5;0.5;0.5;0.5;0.305744
0.5;0.5;0.5;0.5;0.391897
0.5;0.5;0.5;0.5;-0.235826
0.5;0.5;0.5;0.5;0.858119
0.5;0.5;0.5;0.5;-0.195814
0.5;0.5;0.5;0.5;0.50688
0.5;0.5;0.5;0.5;0.00990278
0.5;0.5;0.5;0.5;0.988516
0.5;0.5;0.5;0.5;0.0648106
0.5;0.5;0.5;0.5;0.374606
0.5;0.5;0.5;0.5;0.935944
0.5;0.5;0.5;0.5;-0.661824
0.5;0.5;0.5;0.5;0.240638
1.0;1.0;1.0;1.0;0.968602
0.3226;0.3018;0.3226;0.2997;0.371488
0.483999;0.483999;0.483999;0.493099;-0.23993
0.080999;0.080999;0.080999;0.080999;0.645294
0.6907;0.6907;0.6907;0.6907;1.01736
0.4021;0.4021;0.4021;0.4021;-0.00921839
0.6398;0.6398;0.6398;0.6398;0.612571
0.523099;0.523099;0.523099;0.523099;0.854769
0.459299;0.459299;0.459299;0.459299;0.457957
0.442;0.442;0.442;0.442;0.359454
0.503499;0.503499;0.503499;0.503499;1.09266
0.2972;0.2972;0.2972;0.2972;0.89223
0.4756;0.4756;0.4756;0.4756;-0.071997
0.6336;0.6336;0.6336;0.6336;0.20633
0.468599;0.468599;0.468599;0.468599;0.747194
0.5286;0.6026;0.4726;0.5306;0.661012
0.2769;0.2029;0.3329;0.274899;-0.182123
0.6033;0.6033;0.6033;0.6033;0.599154
0.392099;0.392099;0.392099;0.392099;0.18135
0.1263;0.1263;0.1263;0.1263;-0.220833
0.275199;0.275199;0.275199;0.275199;-0.30185
0.4282;0.4282;0.4282;0.4282;0.794562
0.4953;0.4953;0.4953;0.4953;0.0142003
0.6645;0.6645;0.6645;0.6645;1.10216
0.3964;0.3964;0.3964;0.3964;0.531515
0.421099;0.421099;0.421099;0.421099;1.33958
0.6291;0.6291;0.6291;0.6291;0.152185
0.472799;0.472799;0.472799;0.472799;0.0836874
0.6168;0.6168;0.6168;0.6168;1.24545
0.492599;0.492599;0.492599;0.492599;-0.152684
0.525099;0.525099;0.525099;0.525099;1.31682
0.486;0.486;0.486;0.486;0.806841
0.6226;0.6226;0.6226;0.6226;0.821331
0.451999;0.451999;0.451999;0.451999;0.757381
0.6442;0.6442;0.6442;0.6442;0.248011
0.091899;0.091899;0.091899;0.091899;1.00754
0.910399;0.910399;0.910399;0.910399;-0.456796
0.9116;0.9116;0.9116;0.9116;1.32269
1.0;1.0;1.0;1.0;0.175508
0.216;0.216;0.216;0.216;0.670966
0.438599;0.7135;0.4025;0.7014;0.0737811
0.7494;0.793799;0.785499;0.793499;0.328084
0.782399;1.0;0.782399;1.0;0.879004
1.0;1.0;1.0;0.0;-0.866509
1.0;0.450599;0.4004;1.0;1.25545
0.0;0.0;0.0;0.0;0.80597
0.0;0.0;0.132;0.0;0.622907
0.068699;0.5499;0.2207;1.0;0.625446
1.0;1.0;1.0;1.0;0.587323
1.0;0.0;1.0;0.0;0.275155
1.0;1.0;1.0;0.8767;0.0479127
0.2071;0.375;0.277999;0.549299;1.39681
0.5909;0.509;0.655;0.173;0.455918
0.728999;0.509;0.739;1.0;0.593015
0.459;0.459;0.459;0.459;0.697806
0.402999;0.402999;0.402999;0.402999;0.673034
0.108;0.108;0.108;0.108;0.576028
0.553999;0.553999;0.553999;0.553999;-0.442795
0.0;0.0;0.0;0.0;1.29137
0.441999;0.441999;0.441999;0.441999;0.710734
0.0;0.0;0.0;0.0;0.547674
0.495;0.495;0.495;0.495;0.190976
0.288999;0.288999;0.288999;0.288999;0.736173
0.535;0.535;0.535;0.535;-0.143797
0.601;0.601;0.601;0.601;0.627645
0.0;0.0;0.0;0.0;1.172
0.702999;0.702999;0.702999;0.702999;0.690385
0.433;0.433;0.433;0.433;0.236388
0.111;0.111;0.111;0.111;0.264814
0.913999;0.913999;0.913999;0.913999;0.681838
0.594;0.594;0.594;0.594;0.293442
0.565;0.565;0.565;0.565;0.400599
0.518;0.518;0.518;0.518;0.826898
0.241;0.241;0.241;0.241;1.31525
0.781199;0.781199;0.781199;0.781199;0.259557
0.425799;0.425799;0.425799;0.425799;0.239464
0.424;0.424;0.424;0.424;0.325772
1.0;1.0;1.0;1.0;0.108
0.729499;0.729499;0.729499;0.729499;0.267538
0.2615;0.2615;0.2615;0.2615;1.04678
0.0;0.0;0.0;0.0;1.00913
0.485;0.485;0.485;0.485;0.826433
0.7134;0.7134;0.7134;0.7134;0.219795
0.4376;0.4376;0.4376;0.4376;0.750675
0.326999;0.326999;0.326999;0.326999;0.712606
0.353899;0.353899;0.353899;0.353899;0.306698
0.1731;0.1731;0.1731;0.1731;1.60196
0.3686;0.3686;0.3686;0.3686;1.14695
0.476399;0.476399;0.476399;0.476399;0.886919
0.6931;0.6931;0.6931;0.6931;0.210133
0.5959;0.759899;0.5029;0.533899;1.49443
0.3447;0.1807;0.4377;0.4067;0.316563
0.0013;0.0013;0.0013;0.0013;0.419917
0.6509;0.8441;0.572599;0.7028;1.4159
0.603199;0.521899;0.4485;0.410999;0.988545
0.6011;0.4905;0.526699;0.2932;0.380483
0.2149;0.461599;0.5223;0.721999;0.541672
0.9895;0.8249;0.6617;0.6056;0.487759
0.189599;0.270199;0.4878;0.401399;0.638571
0.603999;0.5501;0.633599;0.663;0.00495857
0.5491;0.480499;0.4388;0.401699;1.53297
0.3033;0.376899;0.3587;0.4123;0.597152
0.6096;0.5133;0.364599;0.224;0.557514
0.180899;0.459;0.4573;0.513999;0.120976
0.3499;0.3591;0.3734;0.487;1.09016
0.7696;0.505199;0.474999;0.416999;0.583055
0.3352;0.412199;0.498;0.718;0.0489438
0.607299;0.4944;0.472;0.228;1.3485
0.3823;0.439499;0.612099;0.778399;-0.0836288
0.680099;0.8378;0.6519;0.7374;0.086161
0.515899;0.410699;0.5668;0.393;0.307896
0.4147;0.312799;0.218999;0.1582;0.387594
0.334;0.4993;0.4649;0.518799;0.598123
0.5762;0.407;0.266999;0.3061;0.649586
0.1316;0.4037;0.5304;0.7745;1.3294
0.822099;0.587299;0.4259;0.4316;0.492754
0.4737;0.452099;0.805899;0.44;0.819519
0.481999;0.5699;0.4673;0.5717;-0.41419
0.347;0.513999;0.387699;0.437199;0.608006
0.579099;0.342;0.3404;0.4091;0.875195
0.3281;0.349;0.157499;0.403099;-0.139067
0.452299;0.4862;0.8172;0.5931;1.56533
0.5102;0.503299;0.5;0.5058;-0.0520533
0.5815;0.5528;0.591;0.4895;0.378152
0.447899;0.441599;0.4845;0.4732;0.339457
0.3099;0.3609;0.079899;0.307299;0.375494
0.8855;1.0;1.0;1.0;0.742176
0.867799;0.5372;0.888999;0.679;0.992265
0.606999;0.606999;0.606999;0.606999;0.926867
0.4588;0.578399;0.4588;0.337;0.749328
0.5468;0.9066;0.5468;0.9831;0.366946
0.814499;0.4428;0.156399;0.0;0.152954
0.4566;0.526399;1.0;1.0;0.683829
0.552099;0.5329;0.638;0.629799;1.02906
0.616799;0.552699;0.563099;0.475;0.136223
0.4511;0.3933;0.4457;0.4239;0.786176
0.4845;0.516999;0.494699;0.622199;-0.105471
0.6321;0.914;0.681;0.7239;-0.468925
0.878699;0.6017;0.739799;0.533;-0.00422651
0.41;0.802699;0.5195;0.867;0.469914
0.8227;1.0;0.716999;0.594999;0.0929499
0.745799;0.0;0.8809;0.684999;0.0875855
0.5636;0.4397;0.0;0.1059;0.421753
0.062;0.055599;0.8481;0.3001;0.151196
0.6205;0.8644;0.6949;0.430999;-0.0746822
0.308899;0.069;0.295999;0.5821;-0.160251
0.3736;0.347999;0.1079;0.0249;0.133189
0.2315;0.209;0.0;0.526199;0.764599
0.3619;0.7577;0.8944;0.951699;-0.00127608
0.911299;0.8889;0.599399;0.053;1.39814
0.666;0.3765;0.1171;0.574099;0.697842
0.0;0.0555;0.882999;0.312;0.793042
0.7195;0.498799;0.5577;0.535;0.493434
0.358;0.3594;0.0;0.338;0.735732
0.443199;0.533199;1.0;0.863799;0.56301
0.5885;0.528;0.4779;0.4088;0.861844
0.5347;1.0;0.644199;0.877399;1.52788
0.9097;0.650099;0.9108;1.0;0.260361
1.0;0.9506;1.0;0.9654;0.915053
0.9922;0.6113;0.967199;0.145199;-0.282351
0.3553;0.1449;0.3303;0.634;1.11408
0.4206;0.4834;0.3504;0.398299;0.69718
0.505199;0.6006;0.581399;0.5179;0.289472
0.520299;0.409299;0.4184;0.2008;0.660666
0.2636;0.4767;0.105799;0.052999;0.616839
0.173;0.0;0.2515;0.7753;0.287875
0.564499;0.5383;0.4001;0.2501;-0.0929689
0.079;0.1615;0.320499;0.113599;0.797101
0.608499;0.7564;0.7058;0.597;0.591882
0.418099;0.306999;0.396999;0.547;0.301054
0.5817;0.632;0.6157;0.379;0.750067
0.3643;0.418899;0.4022;0.584999;0.402077
0.7192;0.5912;0.7192;0.9047;0.201466
0.424499;0.4169;0.287399;0.0;0.0693286
0.6022;0.561199;0.6606;0.9583;0.800105
0.3953;0.3904;0.390499;0.1707;0.737467
0.238099;0.367599;0.296399;0.495999;0.185409
0.7634;0.7118;0.6778;0.9308;1.10777
0.651399;0.847;0.7622;0.4312;0.0595058
0.805099;0.997;0.805099;0.975999;0.26938
0.698499;0.741599;0.548;1.0;0.198039
0.9855;0.5913;0.267199;0.2281;0.49645
0.561399;0.409099;1.0;0.498;0.621971
0.3506;0.4366;0.5837;0.547999;0.593665
0.5468;0.474699;0.4314;0.5558;1.47318
0.279;0.3597;0.0;0.2332;0.119087
0.540599;0.6733;1.0;0.745999;0.629797
0.8453;0.616399;0.6749;0.698399;0.447782
0.4323;0.548;0.0;0.4206;0.193962
0.6754;0.909399;1.0;0.95;0.620135
0.826599;0.4741;0.646599;0.572999;0.594225
0.2424;0.4858;0.0;0.4512;0.420531
0.5117;0.9188;1.0;0.0;0.960138
0.351899;0.0;0.1663;0.641999;0.162437
0.5246;0.369899;0.504199;0.12;0.0554705
0.5274;0.485099;0.3868;0.691099;0.361123
0.1035;0.1113;0.3194;0.0569;0.272205
0.2328;0.7475;0.505099;0.727;0.246944
0.6855;0.4204;0.6855;0.8751;1.33203
0.675799;0.566799;0.4194;0.4133;0.599673
0.1704;0.604;0.4268;0.5213;-0.102073
0.782399;0.539999;0.782399;0.578699;0.500336
0.5946;0.2893;0.526199;0.2276;-0.176946
0.4527;0.515699;0.4318;0.672499;0.856086
0.2006;0.728999;0.279199;0.352999;-0.0318503
0.641999;0.0767;0.476199;0.1485;1.32238
0.3294;0.298699;0.4282;0.737199;-0.0978654
0.4773;0.5522;0.5473;0.6019;0.268521
0.5732;0.570399;0.559799;0.1849;0.207182
0.4553;0.4933;0.3835;0.689399;0.290861
0.434799;0.350399;0.4161;0.407299;0.464853
0.478;0.4981;0.5671;0.556799;0.749269
0.472999;0.831199;0.4955;0.812;0.595131
0.8171;0.4835;0.625799;0.0;0.37823
0.2803;0.2165;0.3982;0.575999;-0.360656
0.4757;0.783999;0.549099;0.646;-0.0127738
0.612099;0.3441;0.506499;0.588799;0.186273
0.3712;0.2972;0.186199;0.0;0.339123
0.314299;0.518699;0.5059;0.922999;-0.184891
0.470099;0.387;0.0;0.2985;0.525304
0.3077;0.403499;1.0;0.4472;0.270238
0.5011;0.5161;0.4864;0.365299;0.0190074
0.666399;0.727399;0.724399;0.417;-0.0295227
0.4307;0.2373;0.3947;0.692399;0.377753
0.357299;0.426199;0.460899;0.5581;0.0746215
0.6028;1.0;0.6028;1.0;0.985065
1.0;0.7532;1.0;0.4733;1.03904
0.6505;0.489999;0.6505;0.656099;0.63956
0.571099;0.468;0.240499;0.1081;1.14666
0.294499;0.2222;0.4824;0.588899;0.21663
0.1181;0.3767;0.2608;0.1226;1.29308
0.747799;0.485299;0.459199;0.596699;0.473835
0.2302;0.2604;0.390799;0.494;0.369587
0.537;0.690899;0.6429;0.6273;0.442102
0.670099;0.6796;0.4376;0.318899;1.26453
0.2815;0.1169;0.4148;0.5059;-0.234661
0.4952;0.5688;0.6261;0.530999;0.206604
0.499399;0.4262;0.4316;0.430199;0.516918
0.5248;0.647499;0.5212;0.7167;-0.153927
0.616;0.5775;0.6408;0.5183;0.516578
0.5257;0.698499;0.5627;0.787099;1.36055
0.804599;0.7004;0.804599;0.504999;-0.418824
0.5396;0.5941;0.5396;0.6171;0.761654
0.6558;0.407399;0.5778;0.3576;-0.410072
0.450499;0.476199;0.5285;0.598599;0.630965
0.4828;0.559;0.4828;0.5572;0.617179
0.767099;1.0;0.767099;0.9544;0.677952
0.8624;0.735099;0.783899;0.5363;1.44052
0.4221;0.5221;0.4635;0.706399;0.351044
0.588999;0.2789;0.0;0.399899;0.477865
0.4596;1.0;1.0;1.0;0.521621
1.0;1.0;1.0;0.811799;0.589981
1.0;0.171299;0.392599;0.8559;0.384703
0.565299;0.238399;1.0;0.348499;0.483384
0.3273;0.2791;0.095299;0.0731;1.4502
0.1235;0.2272;0.4331;0.4855;0.4366
0.497;0.384;0.575999;0.523;1.07435
0.2478;0.491199;0.2658;0.509399;-0.529069
0.625699;0.497799;0.5517;0.415399;0.91035
0.6953;0.5919;0.421499;0.3903;0.192245
0.1207;0.146599;0.3373;0.2783;0.209179
0.5566;0.582699;0.528599;0.550599;1.42902
0.3521;0.424499;0.5113;0.4917;0.431933
0.492899;0.4458;0.172699;0.1494;0.147542
0.1076;0.077899;0.1754;0.165599;0.700738
0.3492;0.414999;0.529499;0.5187;0.676157
0.263299;0.2573;0.1961;0.362299;0.376835
0.4211;0.6121;0.5604;0.7321;0.217041
0.6938;0.913699;0.539299;0.882099;1.24125
1.0;0.668199;0.8583;0.1834;1.12988
0.2843;0.1522;0.4435;0.495099;0.833174
0.446899;0.7221;0.5916;0.7705;0.362244
0.706299;0.555399;0.7073;0.540099;1.04751
0.6098;0.5042;0.381;0.389199;0.290134
0.2392;0.399;0.5008;0.614;-0.358099
0.7391;0.584599;0.432199;0.2239;0.998035
0.148299;0.2648;0.404;0.6211;0.354972
0.5654;0.560299;0.5788;0.582099;0.746628
0.6556;0.8119;0.6934;0.5629;0.727662
0.666499;0.3808;0.6015;0.5518;0.847378
0.49;0.504;0.507999;0.559999;0.833097
0.632899;1.0;0.6799;1.0;-0.117747
0.919699;0.495799;0.764199;0.2998;0.679352
0.369;0.332899;0.062599;0.1555;0.873997
0.0405;0.0849;0.099;0.005299;0.3706
0.0;0.0;0.0;0.2019;-0.027967
0.738699;0.6736;0.643599;0.432499;1.0149
0.595;0.305399;0.4695;0.5448;0.430956
0.553999;0.6352;0.4224;0.305199;0.265088
0.1582;0.172699;0.4595;0.489899;0.992879
0.3306;0.4098;0.381499;0.430099;0.648394
0.4923;0.3743;0.4055;0.3333;-0.00501925
0.483699;0.4894;0.465799;0.521899;0.767835
0.6448;0.6828;0.6702;0.7885;0.203272
0.6059;0.4737;0.456;0.4116;0.858369
0.360999;0.6267;0.590199;0.527899;0.477364
0.4707;0.292999;0.4193;0.4357;1.06125
0.581199;0.5986;0.56;0.5871;0.379237
0.5102;0.550999;0.523699;0.526;1.60561
0.5062;0.4192;0.5119;0.388999;-0.374568
0.529199;0.469999;0.582599;0.594799;0.707068
0.5053;0.5649;0.4514;0.4365;-0.20434
0.114799;0.163999;0.1687;0.2669;0.884291
0.588999;0.7473;0.571999;0.707599;0.0712896
0.8481;0.5838;0.7059;0.576899;0.676521
0.575199;0.6036;0.4581;0.3884;0.787106
0.1372;0.189599;0.3674;0.3413;-0.118807
0.2557;0.268999;0.1509;0.2145;0.470194
0.4483;0.8207;0.5992;0.996399;-0.0954008
0.931999;0.5154;0.8059;0.4638;0.853004
0.3692;0.5912;0.448499;0.544999;0.440427
0.656799;0.4051;0.581;0.5115;0.899788
0.6724;0.8203;0.710699;0.369199;1.01754
0.461499;0.371099;0.3516;0.312999;1.37956
0.2877;0.315999;0.4131;0.7775;-0.222624
0.4465;0.569;0.5153;0.4626;0.819203
0.663;0.642999;0.559;0.4513;0.386133
0.406399;0.265;0.314999;0.337899;0.44445
0.3558;0.3344;0.4543;0.4182;0.25002
0.392599;0.5443;0.4875;0.6082;1.13338
0.8249;0.9513;0.8269;0.796299;0.203266
0.384799;0.072599;0.2303;0.0;0.115713
0.062799;0.2291;0.116399;0.062;0.256648
0.465299;0.377299;0.4542;0.8004;0.529369
0.3959;0.4725;0.507899;0.523599;0.765868
0.4877;0.338;0.0512;0.0;-0.0979697
0.0;0.087499;0.235599;0.6433;0.635656
0.555599;0.422;0.3073;0.0;0.664922
0.1745;0.1479;0.3138;0.7637;-0.461743
0.493099;0.4742;0.6173;0.556899;0.311431
0.6592;0.6052;0.420299;0.1684;0.702384
0.002199;0.2925;0.0;0.190299;0.19184
0.3064;0.108699;0.9308;0.3947;0.383993
0.459;0.6187;0.654499;0.8178;0.763735
0.7466;0.5966;0.5527;0.417199;0.387254
0.404199;0.4438;0.591;0.7169;-0.110996
0.7639;0.8124;0.747599;0.6889;0.37271
0.3426;0.481999;0.213699;0.241799;0.79669
0.4514;0.306999;0.5275;0.6454;0.0861967
0.9229;0.7432;0.7325;0.532999;0.192078
0.213299;0.2728;0.245;0.239;0.985136
0.3022;0.2878;0.3627;0.368;0.973901
0.4421;0.488199;0.5261;0.5717;-0.566218
0.4176;0.489999;0.0122;0.471699;0.933769
0.5703;0.6072;0.923999;0.7312;0.277838
0.6644;0.998799;0.8199;0.5656;0.635513
0.593399;0.177199;0.524799;0.604799;-0.0773405
0.413899;0.4514;0.379799;0.4457;1.22434
0.744;1.0;0.8455;1.0;0.898292
0.8298;0.4389;0.8;0.4239;0.0101382
0.5046;0.818999;0.535599;0.559799;0.981548
0.627399;0.491;0.5762;0.476199;0.762376
0.6841;0.606999;0.610599;0.5865;-0.175265
0.3706;0.8038;0.4953;0.916399;0.718107
0.9877;0.438199;0.846;0.5463;0.947061
0.4489;0.7499;0.5906;0.6798;0.8145
0.712299;0.6751;0.712299;0.620999;-0.160596
0.6517;0.5622;0.439399;0.3393;1.24524
0.3506;0.409799;0.4656;0.568099;0.288924
0.4726;0.2828;0.5699;0.5547;0.849857
0.586099;0.8942;0.586099;0.6872;0.450542
0.7174;0.573999;0.646699;0.4431;0.421759
0.377599;0.1171;0.2651;0.267199;0.79703
0.3553;0.6404;0.439399;0.808399;-0.381944
0.8005;0.7635;0.7567;0.431;0.266387
0.311599;0.099;0.2635;0.123;1.00284
0.267499;0.507999;0.292899;0.218;-0.253243
0.3353;0.135999;0.2667;0.413499;0.52292
0.1747;0.341;0.391999;0.3808;0.0603462
0.4513;0.2224;0.320999;0.487299;0.0109459
0.5211;0.7876;0.6683;0.6804;-0.0707393
0.7028;0.645;0.5594;0.4752;0.200709
0.3806;0.456699;0.5102;0.7303;0.571146
0.7988;0.6825;0.8126;0.604699;-0.354839
0.523;0.320799;0.4177;0.2818;0.558343
0.3919;0.418;0.432199;0.56;0.666764
0.548099;0.898;0.613099;0.5886;0.446137
0.5017;0.256;0.4619;0.386799;0.392946
0.3908;0.550999;0.3497;0.4139;0.938281
0.5119;0.59;0.5928;0.5805;1.07692
0.590499;0.250399;0.420999;0.377499;-0.294108
0.331099;0.4956;0.1648;0.1715;1.47895
0.1989;0.277999;0.3109;0.139199;0.771829
0.181999;0.097599;0.405799;0.7786;0.773987
0.716699;0.5425;0.6029;0.404699;0.470837
0.4186;0.471899;0.271099;0.0207;1.22869
0.0487;0.249;0.2307;0.5563;0.297024
0.5089;0.244199;0.3614;0.480499;0.373604
0.560199;0.7773;0.7667;0.7404;0.236383
0.7021;0.666499;0.6171;0.4175;0.538876
0.248799;0.515699;0.354099;0.7667;-0.54063
0.9217;0.6013;0.877099;0.539099;0.34236
0.549999;0.617999;0.4542;0.3851;0.275269
0.2937;0.15;0.2674;0.287199;0.417479
0.3066;0.445499;0.4695;0.6094;0.244298
0.64;0.630499;0.5581;0.3931;0.865432
0.223099;0.281;0.052299;0.0;0.583586
0.4;0.1766;0.218399;0.402699;-0.466699
0.1369;0.273399;0.5129;0.564;-0.21562
0.6084;0.664;0.5839;0.5766;0.398126
0.4816;0.488;0.336099;0.229699;0.348511
0.285899;0.215999;0.3748;0.4373;0.637432
0.4861;0.652;0.591799;0.7163;0.915613
0.7146;0.751999;0.6371;0.2414;0.644114
0.375299;0.267;0.4296;0.682599;0.68005
0.5792;0.609999;0.6399;0.8241;-0.102076
0.8382;0.625999;0.562;0.5062;-0.0742113
0.436699;0.54;0.657899;0.529399;0.683191
0.5433;0.382899;0.3468;0.2498;0.335851
0.224799;0.435099;0.354699;0.2539;0.573375
0.3641;0.1655;0.3166;0.464199;1.17665
0.2653;0.503499;0.3727;0.4704;0.479385
0.5591;0.5192;0.7227;0.520399;0.265654
0.5626;0.557099;0.460699;0.6935;1.07616
0.601399;0.591699;0.5395;0.4035;0.612857
0.4257;0.58;0.424199;0.239999;0.744804
0.355;0.135999;0.305499;0.597799;1.40016
0.552199;0.4553;0.4489;0.3411;0.502356
0.3355;0.617799;0.5459;0.6671;0.8805
0.762;0.4539;0.7638;0.657;0.339224
0.4968;0.645;0.248899;0.271599;0.623395
0.309099;0.282999;0.0602;0.0;0.752523
0.0;0.0;0.334699;0.669;-0.324363
0.639499;0.6937;0.5324;0.4875;0.86542
0.381;0.2375;0.291899;0.2892;1.14118
0.2335;0.4055;0.462;0.2593;0.260916
0.624699;0.637;0.617;0.629999;0.912323
0.3632;0.547;0.3672;0.475;0.308123
0.5046;0.37;0.480799;0.428899;0.546941
0.287399;0.059599;0.329499;0.3474;0.512495
0.525;0.477799;0.4451;0.5228;0.671109
0.431099;0.421199;0.4473;0.2469;0.108298
0.4681;0.7424;0.543599;0.8504;0.682911
0.7931;1.0;0.7931;0.790599;0.379225
1.0;0.262;0.916599;0.617;1.25686
0.3486;0.550999;0.507899;0.673;0.64291
0.697099;0.625;0.639099;0.483999;0.431701
0.4554;0.5062;0.5308;0.513;0.759807
0.407299;0.2828;0.350999;0.702999;0.596508
0.5886;0.389599;0.5668;0.201999;0.791397
0.322199;0.295;0.3904;0.5441;-0.425044
0.5573;0.729399;0.515899;0.4069;1.14222
0.451999;0.3416;0.4141;0.4871;0.546494
0.3641;0.445799;0.485299;0.5669;-0.150645
0.5922;0.445899;0.5473;0.454599;1.10441
0.4266;0.7197;0.4715;0.430399;0.31462
0.653699;0.495999;0.559899;0.489;0.689485
0.2796;0.414999;0.2924;0.315999;0.387552
0.4118;0.1547;0.278199;0.4189;0.482138
0.2514;0.2483;0.2498;0.2558;0.402471
0.3431;0.351699;0.515499;0.5669;-0.180984
0.608;0.6819;0.2964;0.250699;1.29757
0.190899;0.141299;0.5137;0.3987;-0.0587916
0.670999;0.6035;0.431799;0.427;1.0483
0.338;0.3561;0.4801;0.445999;0.40144
0.4041;0.402799;0.4753;0.6027;0.783994
0.4691;0.483899;0.280099;0.162299;-0.0912314
0.258199;0.2877;0.4093;0.6081;0.88239
0.5402;0.7866;0.636499;0.8301;0.805482
0.754299;0.7729;0.7488;0.3948;0.461104
0.4819;0.4026;0.462599;0.661999;0.84339
0.7494;0.7793;0.7743;0.800999;0.360265
0.809999;0.7013;0.736799;0.507;-0.000265777
0.4916;0.823799;0.5641;0.544;0.440636
0.671599;0.3135;0.4749;0.416999;0.645074
0.3893;0.291699;0.465199;0.464;0.814232
0.610699;0.7083;0.5348;0.535999;1.25122
0.3893;0.291699;0.465199;0.464;0.344702
0.4377;0.433499;0.4147;0.5731;0.81143
0.334499;0.4288;0.3831;0.4924;0.0334764
0.7748;0.755499;0.796099;0.7287;0.835731
0.480599;0.4204;0.380099;0.245799;0.352033
0.319199;0.338799;0.4017;0.358;0.681593
0.2736;0.4723;0.564999;0.679099;0.682863
0.692;0.488099;0.433199;0.4729;0.284901
0.43;0.479;0.402;0.43;0.846561
0.407;0.327999;0.494;0.489999;1.07435
0.398;0.327999;0.399;0.355;0.0643039
0.541699;0.809999;0.445599;0.331;-0.205711
0.503299;0.259;0.3974;0.533999;1.04262
0.2633;0.4742;0.465299;0.5089;0.548007
0.6015;0.5998;0.5542;0.6191;0.594195
0.786899;0.725199;0.827099;0.689;0.463274
0.664;0.7337;0.6497;0.6997;0.459191
0.543099;0.696899;0.564499;0.7593;0.565567
1.0;0.6853;0.8475;0.605;0.789001
0.5225;0.910599;0.6597;0.841;0.549909
0.772499;0.4311;0.6357;0.344;0.0806773
0.1939;0.445899;0.3843;0.8183;0.506183
0.895499;0.7627;0.876199;0.412699;0.780531
0.4954;0.648599;0.4082;0.5618;0.0721002
0.323;0.0655;0.2909;0.2698;0.581607
0.3471;0.3972;0.425899;0.339399;0.373479
0.415799;0.488299;0.3936;0.625;0.762161
0.6167;0.622399;0.6812;0.7621;0.813481
0.891999;0.873799;0.864599;0.6989;0.576946
0.6136;0.5471;0.586399;0.5229;-0.252358
0.470499;0.3648;0.2945;0.391099;1.55157
0.58;0.822399;0.716699;0.9459;0.186416
0.7785;0.734;0.8291;0.703299;0.640371
0.7302;0.803599;0.712899;0.8026;0.826945
0.754899;0.7957;0.833;0.843599;0.837793
0.8874;0.8736;0.6265;0.6616;0.210854
0.6282;0.505299;0.882899;0.6536;0.597295
0.5713;0.7678;0.5775;0.6704;0.0793243
0.8245;0.666899;0.820499;0.709;0.0154579
0.814799;0.7894;0.724399;0.7007;0.791361
0.0;0.2067;0.062;0.1313;0.121858
1.0;0.6998;0.888099;0.811999;0.551506
0.375399;0.341699;0.446;0.4136;-0.17106
0.291499;0.3079;0.264199;0.112399;0.545266
0.3884;0.4773;0.4991;0.6801;1.29642
0.5044;0.6555;0.550899;0.6189;-0.13381
0.794;0.6002;0.6048;0.503999;0.892636
0.3367;0.255099;0.332899;0.369;0.973346
0.2791;0.3418;0.4372;0.25;1.32585
0.555599;0.575499;0.3163;0.4808;-0.112647
0.4382;0.5322;0.666399;0.8476;1.00809
0.7197;0.603;0.424299;0.1356;0.554278
0.1476;0.192499;0.347799;0.541999;0.0428522
0.8013;0.726099;0.7805;0.55;1.46548
0.290799;0.3899;0.0967;0.158999;0.219049
0.1018;0.021599;0.1811;0.352;0.486835
0.4833;0.664;0.717199;0.48;0.328567
0.5378;0.339099;0.436499;0.425;0.616732
0.3081;0.5752;0.428;0.753999;1.03936
0.798999;0.718899;0.793099;0.681;0.231191
0.9722;0.9526;0.8729;0.8508;1.30034
0.3597;0.279;0.3819;0.4109;0.643345
0.5655;0.555;0.672799;0.4463;1.42594
0.4374;0.3378;0.296299;0.4206;-0.371272
0.3061;0.427199;0.3925;0.4224;0.945737
0.480699;0.3567;0.2639;0.173999;0.911089
0.2862;0.614599;0.532999;0.837;0.587084
0.891199;0.6201;0.8969;0.547999;0.757899
0.542899;0.4932;0.3304;0.263;0.884976
0.2357;0.250299;0.410999;0.6676;1.16717
0.4522;0.427299;0.0804;0.0;0.193169
0.1324;0.4205;0.5604;0.9557;0.600686
0.513499;0.509899;0.5015;0.5123;0.198003
0.9793;0.697;0.527299;0.3043;0.236901
0.0945;0.322499;0.5222;0.3167;0.428655
0.4528;0.3548;0.3672;0.5853;1.31905
0.4236;0.523399;0.5455;0.5807;0.623246
0.9494;0.726;0.6815;0.562899;0.53583
0.365299;0.5443;0.6048;0.610599;0.841703
0.6096;0.558699;0.622799;0.6226;0.676825
0.6325;0.6781;0.637699;0.6689;0.316151
0.545;0.6769;0.555;0.623999;0.928476
0.654;0.433;0.590299;0.323;0.924488
0.236999;0.3828;0.300699;0.629999;0.446793
0.686;0.6532;0.6617;0.384;0.41835
0.384;0.418299;0.4083;0.591999;0.811692
0.591999;0.5946;0.591999;0.478;0.0964785
0.6598;0.4101;0.4892;0.463;0.871249
0.318999;0.326499;0.1714;0.049999;0.469854
0.1307;0.2959;0.307599;0.5898;-0.195924
0.3794;0.2515;0.3989;0.2536;-0.0482565
0.1219;0.1471;0.126799;0.025599;0.154796
0.4832;0.535699;0.5491;0.764;0.299158
0.579599;0.6104;0.630599;0.654999;0.253435
0.605399;0.633699;0.4922;0.255;-0.323561
0.3659;0.2042;0.172699;0.232999;0.371226
0.2795;0.5079;0.5859;0.8045;0.363132
0.6294;0.487299;0.6064;0.451499;-0.31491
0.6463;0.5799;0.540699;0.443;0.500604
0.383199;0.386099;0.3065;0.364;0.240912
0.334499;0.3214;0.4275;0.361;0.496587
0.2462;0.414899;0.358499;0.487099;0.248154
0.4997;0.497399;0.465499;0.660299;1.036
0.703499;0.7893;0.7377;0.7206;0.629559
0.9202;0.8621;0.8813;0.873899;0.56332
0.765699;0.616199;0.5337;0.2391;0.672867
0.23;0.275199;0.3982;0.689;1.12967
0.613199;0.5617;0.671299;0.366;0.949165
0.2227;0.2059;0.193;0.163;0.301769
0.4483;0.4403;0.3108;0.42;0.845441
0.464;0.563599;0.505899;0.8263;0.731626
0.610699;0.4481;0.7226;0.447699;0.230953
0.3583;0.428;0.3239;0.384;0.180283
0.479299;0.5469;0.394199;0.4145;1.02157
0.388999;0.317799;0.3297;0.3915;0.370141
0.6945;0.7535;0.785999;0.8902;-0.10615
0.746499;0.806799;0.8762;0.6768;0.74174
0.7754;0.613;0.5009;0.4368;0.403591
0.2101;0.3351;0.4316;0.310199;-0.200365
0.337199;0.4568;0.405799;0.626;0.3432
0.6379;0.601799;0.6379;0.613999;0.662675
0.741;0.5803;0.417499;0.3986;0.622483
0.185099;0.1432;0.3615;0.227399;0.00862724
0.3716;0.503599;0.5017;0.777799;0.822016
0.654699;0.4995;0.545099;0.4238;-0.00701302
0.5759;0.637799;0.5602;0.4819;0.676074
0.3621;0.6197;0.5044;0.493499;0.139847
0.551099;0.2862;0.5489;0.6018;1.10489
0.4748;0.430199;0.295099;0.307099;0.654169
0.312799;0.352;0.4516;0.3301;0.429865
0.5608;0.686799;0.4284;0.485399;0.580218
0.365199;0.1973;0.372199;0.4157;0.500455
0.3306;0.3946;0.456499;0.5378;0.434783
0.5326;0.597799;0.5752;0.6002;0.178429
0.523199;0.715299;0.523199;0.6829;0.801023
0.8035;0.590299;0.6892;0.489799;0.96434
0.4605;0.3406;0.4039;0.339099;0.12761
0.451999;0.459499;0.427599;0.4824;1.03863
0.3229;0.3878;0.2559;0.071699;0.781908
0.2317;0.175999;0.2477;0.4461;0.516769
0.2186;0.3458;0.425899;0.406699;0.179865
0.560199;0.555399;0.532499;0.5106;1.17585
0.5499;0.4326;0.5836;0.5566;0.503429
0.4559;0.450199;0.3828;0.3566;0.0331724
0.466;0.5273;0.5225;0.637;1.10976
0.469999;0.4146;0.2889;0.0604;0.047102
0.224399;0.3469;0.455099;0.590299;0.640115
0.596;0.617799;0.5364;0.495799;0.37662
0.4009;0.4255;0.4056;0.675;0.0608826
0.739599;0.6674;0.6089;0.3561;0.743552
0.1912;0.352399;0.376799;0.6613;0.0577474
0.679099;0.4936;0.6445;0.472099;1.28111
0.5684;0.5473;0.344899;0.2445;0.72765
0.2872;0.3884;0.5088;0.674299;0.487807
0.736699;0.669699;0.770699;0.646699;0.551345
0.538699;0.6694;0.425699;0.686199;0.282612
0.7453;0.6691;0.8114;0.4247;0.49431
0.4891;0.3811;0.427799;0.463999;0.379034
0.4743;0.4161;0.4578;0.4878;0.742688
0.273199;0.3367;0.344799;0.3565;1.10497
0.5809;0.5932;0.5376;0.457699;0.871965
0.4701;0.4475;0.4832;0.6967;0.377127
0.486699;0.6628;0.572499;0.449299;0.388607
0.503299;0.571999;0.503299;0.710699;1.19471
0.7202;0.5397;0.6538;0.4937;0.250378
0.4268;0.364699;0.0941;0.0823;0.46176
0.0821;0.1568;0.4812;0.3433;0.947728
0.580099;0.5149;0.5444;0.6524;0.43793
0.5147;0.558699;0.540499;0.570999;0.276592
0.536099;0.4482;0.44;0.4616;0.792077
0.3876;0.410299;0.3047;0.089999;0.325426
0.212499;0.5588;0.401399;0.823;0.201824
0.7389;0.607299;0.7389;0.556999;0.972929
0.683399;0.7302;0.6785;0.8516;0.215241
0.6883;0.6601;0.6633;0.630199;1.07322
0.5566;0.3449;0.468;0.2605;0.076052
0.399999;0.419899;0.4416;0.3277;0.374332
0.3487;0.6167;0.425599;0.7583;1.02691
0.622399;0.351499;0.5152;0.459199;0.198915
0.7146;1.0;0.820599;0.9937;1.15052
0.8959;0.667299;0.8523;0.4681;0.832423
0.5566;0.5181;0.4802;0.5807;1.1532
0.420999;0.2995;0.4296;0.3963;0.38242
0.0;0.631399;0.0;0.7377;0.720783
1.0;0.606;1.0;0.601799;0.71586
0.6209;0.551199;0.6038;0.4132;0.449469
0.477499;0.465199;0.4437;0.4625;1.10049
0.3794;0.4323;0.495699;0.538799;-0.102079
0.5871;0.5563;0.5498;0.5344;0.681039
0.649799;0.634;0.678899;0.6048;-0.251097
0.5352;0.5197;0.517199;0.563099;0.216135
0.5246;0.6358;0.504799;0.6125;0.844433
0.4778;0.337599;0.4819;0.341999;-0.0800198
0.471499;0.455;0.338299;0.411999;0.252953
0.399999;0.417299;0.5348;0.5396;0.312068
0.6138;0.8278;0.6643;0.8278;0.210025
0.8194;0.6927;0.8194;0.6299;0.265702
0.5459;0.622499;0.5459;0.622599;0.614324
0.590999;0.5862;0.491499;0.646;0.135204
0.6964;0.8278;0.7959;0.7755;-0.0393456
0.7749;0.682199;0.733;0.604799;1.53251
0.5383;0.4369;0.5285;0.5327;0.195667
0.542199;0.4692;0.535299;0.415699;0.769594
0.4514;0.449299;0.3045;0.3143;0.937095
0.604599;0.779;0.776899;0.8779;0.282958
0.4125;0.2918;0.3939;0.409499;0.597187
0.577199;0.502199;0.4331;0.3849;0.284269
0.3763;0.3482;0.503399;0.416799;0.320985
0.4619;0.459199;0.3393;0.4814;0.752749
0.0;0.6289;0.0;0.512499;1.21984
1.0;0.589299;1.0;0.7224;0.738468
0.8742;0.6158;0.559799;0.2939;0.534972
0.2273;0.2193;0.4557;0.4737;0.55783
0.3792;0.3597;0.0;0.0;0.278827
0.0;0.102899;0.5209;0.591899;1.03609
0.5424;0.6016;0.4057;0.6404;0.368943
0.685399;0.7881;0.8061;0.770199;0.945863
0.8393;0.562899;0.642399;0.3597;0.692149
0.2913;0.7147;0.2494;0.9064;0.131788
0.8763;0.4936;0.867599;0.323799;0.0150437
0.357399;0.431999;0.624099;0.6195;0.732704
0.585699;0.9046;0.585699;0.6462;0.365135
1.0;0.730499;0.7468;0.614799;-0.245679
0.3209;0.3032;0.3444;0.5824;1.23862
0.624499;0.674299;0.8308;0.780899;0.690254
0.5418;0.4126;0.4861;0.2805;-0.0160461
0.305;0.3718;0.0803;0.0465;0.901874
0.2769;0.319199;0.537299;0.5961;0.209119
0.587599;0.6304;0.6308;0.784199;0.680217
0.710699;0.5121;0.619299;0.4895;0.01032
0.4531;0.475999;0.4323;0.3799;1.08612
0.311899;0.3432;0.303;0.269299;0.665274
0.3804;0.4886;0.471699;0.6869;0.758883
0.669799;0.587199;0.664899;0.474599;0.564429
0.6654;0.628399;0.6441;0.6169;0.932821
0.319799;0.323399;0.347999;0.415399;0.863519
0.6501;0.6304;0.616199;0.553;0.299969
0.4798;0.581599;0.5131;0.4431;0.996294
0.395099;0.4757;0.407699;0.451;0.64688
0.451;0.3006;0.43;0.439999;0.991597
0.43;0.4057;0.18;0.27;-0.0621652
0.279999;0.469999;0.5456;0.7;1.21024
0.76;0.559999;0.6609;0.449999;0.234082
0.39;0.44;0.431;0.52;0.768771
0.509999;0.4514;0.432499;0.37;0.94591
0.38;0.3986;0.48;0.48;0.910642
0.48;0.435599;0.39;0.389999;0.308236
0.349699;0.4045;0.3;0.28;0.374653
0.3203;0.289899;0.419999;0.469999;0.172272
0.469999;0.563299;0.57;0.62;0.79939
0.62;0.6467;0.5196;0.51;0.449839
0.5;0.430099;0.6004;0.559999;1.08192
0.420999;0.8399;0.420999;0.84;0.411769
1.0;0.64;0.999;0.51;0.808599
0.469999;0.424599;0.346399;0.389999;0.0651205
0.399999;0.695399;0.543599;0.6;0.704696
0.58;0.3425;0.4277;0.52;0.417634
0.5;0.357499;0.299399;0.31;0.558718
0.32;0.4048;0.5619;0.439999;0.530239
0.419999;0.6352;0.530999;0.58;1.35674
0.58;0.364799;0.469;0.419999;-0.0565177
0.419999;0.6352;0.530999;0.58;0.607702
0.63;0.379999;0.42;0.329999;0.539889
0.329999;0.329999;0.449999;0.55;0.52506
0.382999;0.69;0.472999;0.509999;0.127062
0.657;0.3;0.257;0.09;0.730165
0.12;0.239999;0.4556;0.599999;0.691893
0.58;0.57;0.5944;0.52;0.153466
0.509999;0.5627;0.559999;0.595;0.305053
0.5474;0.388;0.4033;0.334999;0.54194
0.3626;0.633299;0.506699;0.609999;0.617077
0.67;0.446;0.4768;0.48;0.191542
0.447999;0.434999;0.5642;0.505;1.03408
0.492;0.5379;0.568999;0.311999;0.0583077
0.337;0.5569;0.337;0.579;0.234594
0.753;0.5002;0.6634;0.734;0.409254
0.55;0.649999;0.6296;0.639999;0.618281
0.64;0.6067;0.629999;0.51;0.0550652
0.48;0.6733;0.4788;0.719999;0.645872
0.75;0.4802;0.616499;0.39;0.319203
0.39;0.3598;0.4947;0.43;0.71915
0.469999;0.554199;0.37;0.44;-0.229365
0.43;0.5458;0.557599;0.739999;0.600644
0.699999;0.5648;0.5969;0.4;0.452861
0.449999;0.4554;0.465199;0.599999;0.479671
0.57;0.529799;0.6143;0.4614;-0.0946915
0.6448;0.65;0.6444;0.718599;1.06629
0.5252;0.739999;0.340199;0.58;0.157031
0.579999;0.701599;0.831399;0.84;0.560066
0.83;0.6796;0.82;0.449999;0.490936
0.449999;0.343;0.4173;0.51;0.599571
0.55;0.4158;0.3427;0.43;0.643232
0.419999;0.43;0.489999;0.5;1.01261
0.45;0.52;0.13;0.0;0.93325
0.049999;0.08;0.16;0.18;0.666239
0.248;0.183999;0.513999;0.464;0.469276
0.422;0.5772;0.526;0.596;0.827297
0.579999;0.740199;0.559999;0.609999;0.864514
0.6;0.5186;0.64;0.8;0.665375
0.789999;0.739999;0.789999;0.719999;1.30246
0.682;0.5;0.673;0.52;0.319054
0.468;0.94;0.477;0.84;0.705602
0.832999;0.585899;0.669999;0.5;-0.0438755
0.567;0.3519;0.553899;0.28;0.123944
0.3;0.392199;0.3259;0.46;0.283977
0.449999;0.3804;0.5489;0.552;0.835636
0.5804;0.5122;0.4294;0.398;0.787702
0.3796;0.4374;0.541499;0.5;0.454786
0.5;0.48;0.4604;0.48;0.562813
0.52;0.509999;0.5141;0.549999;-0.0727271
0.5;0.4855;0.335899;0.22;0.166919
0.25;0.4648;0.401299;0.48;0.668635
0.469999;0.3127;0.517299;0.489999;0.333747
0.49;0.567;0.5307;0.6;1.17004
0.625999;0.526;0.579699;0.510999;0.340595
0.474;0.483999;0.460999;0.568999;-0.0501727
0.58;0.58;0.37;0.21;0.264683
0.189999;0.315999;0.469999;0.53;0.281873
0.54;0.404;0.139;0.149999;0.464317
0.109999;0.131;0.311;0.399999;0.378444
0.419999;0.489;0.565999;0.62;0.458219
0.64;0.593;0.599;0.43;0.711646
0.44;0.439;0.434999;0.379999;0.20121
0.41;0.488;0.48;0.64;-0.0631874
0.609999;0.439999;0.629999;0.48;0.534692
0.469999;0.51;0.48;0.5;0.245389
0.51;0.76;0.51;0.81;0.599637
0.759999;0.579999;0.66;0.41;0.437465
0.45;0.42;0.449999;0.489999;0.662204
0.479999;0.539999;0.538;0.609999;0.905445
0.6;0.68;0.59;0.609999;0.706735
0.59;0.359999;0.541999;0.39;0.86694
0.43;0.8;0.53;0.66;0.12485
0.68;0.521999;0.652;0.609999;0.118878
0.609999;0.408;0.468;0.33;0.377049
0.3;0.43;0.405;0.609999;0.915285
0.62;0.489999;0.574999;0.469999;0.648412
0.484999;0.494;0.509999;0.44;0.227925
0.414999;0.616;0.438;0.66;1.11296
0.67;0.549999;0.532;0.289999;0.289598
0.289999;0.307;0.469999;0.51;0.489541
0.52;0.692999;0.539999;0.739999;0.712814
0.74;0.47;0.74;0.5;0.634458
0.479999;0.481999;0.299999;0.309999;0.698611
0.31;0.378;0.27;0.31;0.583979
0.329999;0.379999;0.539999;0.579999;0.545921
0.59;0.539999;0.529999;0.59;0.334188
0.63;0.56;0.56;0.449999;0.182625
0.389999;0.379999;0.529999;0.51;0.854703
0.5;0.5;0.5;0.48;0.462308
0.51;0.68;0.46;0.64;0.554552
0.629999;0.53;0.56;0.579999;-0.00348145
0.56;0.690999;0.639999;0.65;0.607094
0.66;0.669;0.64;0.669999;0.429394
0.649999;0.44;0.449999;0.25;0.550427
0.27;0.279999;0.53;0.52;0.736626
0.5;0.48;0.5;0.48;1.01727
0.49;0.66;0.449999;0.609999;0.662675
0.609999;0.488;0.519;0.49;0.497427
0.509999;0.552;0.562999;0.509999;0.711181
0.5;0.705;0.577999;0.72;0.799122
0.72;0.555;0.69;0.5;0.396636
0.5;0.37;0.53;0.488;0.451573
0.48;0.509999;0.48;0.481999;0.418361
0.469999;0.55;0.414999;0.53;0.236228
0.53;0.553;0.555;0.539999;0.018012
0.559999;0.556999;0.506999;0.59;0.729301
0.609999;0.504;0.573;0.419999;0.309351
0.41;0.417999;0.32;0.35;0.52264
0.34;0.318;0.55;0.48;0.416847
0.489999;0.558;0.449999;0.509999;0.0593985
0.48;0.481999;0.42;0.49;-0.0352924
0.5;0.419999;0.436;0.329999;-0.0342523
0.34;0.44;0.439;0.43;0.323632
0.45;0.495999;0.515;0.62;0.434157
0.599999;0.454;0.599999;0.48;0.0612105
0.48;0.5;0.48;0.51;0.815489
0.51;0.8;0.51;0.759999;0.639822
0.759999;0.494;0.538999;0.46;0.127312
0.47;0.548;0.661;0.57;0.15479
0.559999;0.597999;0.489999;0.419999;0.391265
0.39;0.361;0.49;0.5;0.669571
0.529999;0.488999;0.529999;0.58;0.799128
0.56;0.5;0.55;0.46;0.817552
0.48;0.46;0.34;0.349999;0.73724
0.349999;0.539999;0.49;0.69;0.541505
0.69;0.55;0.66;0.489999;0.638911
0.5;0.57;0.509;0.55;0.398418
0.539999;0.43;0.460999;0.469999;0.668826
0.42;0.6;0.53;0.64;0.169607
0.68;0.539999;0.521999;0.32;0.572976
0.329999;0.34;0.455;0.46;0.413575
0.46;0.55;0.492999;0.59;0.213685
0.57;0.69;0.57;0.75;-0.0723338
0.77;0.549999;0.669999;0.52;0.943037
0.51;0.52;0.55;0.53;0.565788
0.539999;0.47;0.539;0.413999;0.595864
0.5;0.5;0.521;0.526;0.920596
0.419999;0.46;0.399999;0.49;0.62004
0.49;0.489999;0.474;0.46;0.484481
0.489999;0.587;0.545999;0.629999;0.200471
0.62;0.722999;0.64;0.71;0.484362
0.69;0.58;0.652999;0.609999;0.647613
0.599999;0.48;0.637;0.48;0.675776
0.51;0.509999;0.51;0.489999;0.239083
0.489999;0.631;0.489999;0.58;0.807323
0.57;0.489;0.489;0.419999;0.0479782
0.43;0.609999;0.501;0.69;0.417604
0.68;0.49;0.57;0.399999;0.506934
0.42;0.799999;0.537999;0.92;0.413313
0.91;0.53;0.825;0.55;0.0932778
0.55;0.523;0.456999;0.379999;1.11864
0.389999;0.376999;0.25;0.189999;0.614806
0.18;0.36;0.5;0.66;0.428864
0.65;0.634;0.65;0.65;0.105228
0.64;0.579999;0.55;0.43;0.881728
0.449999;0.335999;0.257999;0.23;0.676396
0.23;0.53;0.442;0.8;0.406929
0.8;0.564;0.8;0.5;0.021773
0.509999;0.745999;0.579999;0.789999;1.02136
0.76;0.522;0.708;0.489999;-0.0667071
0.509999;0.477999;0.431999;0.449999;0.408437
0.43;0.673;0.559999;0.69;0.116738
0.72;0.497;0.527;0.379999;0.467547
0.379999;0.39;0.452999;0.52;0.198444
0.44;0.460999;0.56;0.49;0.434914
0.549999;0.798999;0.549999;0.789999;-0.150782
0.78;0.69;0.76;0.67;0.63211
0.699999;0.64;0.719999;0.549999;0.237736
0.539999;0.469999;0.32;0.41;0.925788
0.39;0.55;0.56;0.74;0.894793
0.73;0.62;0.779999;0.43;0.631192
0.46;0.399999;0.43;0.579999;0.422027
0.579999;0.75;0.46;0.77;1.04453
0.76;0.53;0.8;0.369999;-0.0637715
0.379999;0.506999;0.388999;0.53;0.604411
0.55;0.513;0.550999;0.64;0.324258
0.6;0.53;0.58;0.34;0.666299
0.359999;0.410999;0.379;0.48;0.180622
0.355;0.644;0.456;0.561999;0.549778
0.574999;0.331;0.574999;0.468;0.0448669
0.609999;0.693999;0.609999;0.77;0.0744188
0.76;0.681;0.75;0.669999;0.443521
0.669999;0.731999;0.649999;0.741;0.305584
0.629;0.782;0.659;0.743;0.357028
0.698;0.759;0.698;0.465999;0.636842
0.602999;0.456;0.512999;0.8;0.961622
0.76;0.952;0.727;0.57;0.910147
0.609999;0.378;0.713;0.699999;0.37063
0.69;0.799999;0.649;0.609999;0.809302
0.609999;0.45;0.550999;0.51;0.730541
0.52;0.329999;0.32;0.349999;0.388923
0.359999;0.34;0.405999;0.31;0.2099
0.309999;0.359999;0.434;0.469999;0.726619
0.45;0.41;0.408;0.32;0.740769
0.349999;0.91;0.541999;1.0;0.0844741
1.0;0.635;0.97;0.559999;0.202616
0.59;0.564999;0.479999;0.4;0.67003
0.379999;0.42;0.45;0.469999;0.214204
0.48;0.419999;0.509999;0.55;0.136741
0.58;0.968;0.67;1.0;0.452133
0.850999;0.717;0.850999;0.535;0.272503
0.673999;0.574999;0.561;0.43;0.385352
0.391999;0.35;0.504999;0.689;0.538256
0.723;0.759999;0.702999;0.449999;0.276288
0.509999;0.289999;0.336;0.449999;0.30851
0.35;0.31;0.0;0.0;-0.0105833
0.0;0.189999;0.579999;0.69;0.579872
0.689999;0.73;0.73;0.8;0.04318
0.78;0.56;0.21;0.0;0.436279
0.0;0.0;0.196999;0.34;-0.15432
0.279999;0.497999;0.533;0.56;0.835224
0.58;0.38;0.475999;0.32;0.355967
0.34;0.573999;0.423999;0.759999;0.814589
0.739999;0.696;0.82;0.59;0.201091
0.62;0.39;0.4;0.32;1.05253
0.27;0.25;0.0;0.03;0.109216
0.059999;0.359999;0.559999;0.77;0.727584
0.78;0.55;0.55;0.3;0.369748
0.27;0.43;0.53;0.599999;0.747415
0.64;0.654;0.619999;0.74;0.543281
0.71;0.625999;0.64;0.669999;1.1195
0.66;0.66;0.56;0.26;0.371757
0.3;0.4;0.449999;0.68;0.592723
0.669999;0.515999;0.609999;0.532;0.71443
0.343;0.504999;0.396;0.315;0.471028
0.334;0.339;0.390999;0.532999;0.315418
0.683;0.609999;0.632999;0.57;0.119653
0.57;0.379999;0.23;0.15;0.364437
0.16;0.272;0.48;0.619999;0.365313
0.609999;0.527999;0.576;0.46;0.568863
0.47;0.8;0.564;0.82;0.489005
0.849999;0.489999;0.73;0.399999;0.674006
0.37;0.69;0.489999;0.71;0.376829
0.69;0.42;0.56;0.39;0.195112
0.0;0.479999;0.099999;0.57;1.15462
1.0;0.9;1.0;0.96;0.686386
0.96;0.5;0.78;0.299999;0.691208
0.309999;0.559999;0.439999;0.58;0.715902
0.489999;0.379999;0.25;0.109999;0.906261
0.19;0.12;0.439;0.469999;0.503912
0.48;0.94;0.311;0.36;0.539699
0.34;0.169999;0.438;0.529999;0.478997
0.51;0.38;0.611999;0.699999;0.62721
0.699999;0.539999;0.399999;0.14;0.24248
0.0;0.149999;0.0;0.41;0.181892
1.0;0.51;0.94;0.66;0.940993
0.64;0.71;0.645999;0.64;0.195297
0.63;0.739999;0.854;0.82;0.0662292
0.829999;0.51;0.559999;0.32;0.634452
0.309999;0.43;0.39;0.359999;1.11315
0.37;0.439999;0.529999;0.649999;-0.00710243
0.66;0.56;0.5;0.32;0.355938
0.309999;0.358999;0.42;0.5;0.510486
0.52;0.551;0.579999;0.65;0.487056
0.279999;0.789999;0.3;0.73;-0.0718629
1.0;0.489999;0.97;0.379999;1.19142
0.369999;0.4;0.459999;0.609999;-0.000590622
0.61;0.629999;0.616;0.53;0.704613
0.539999;0.41;0.264;0.23;0.511959
0.23;0.359999;0.5;0.609999;1.12164
0.609999;0.52;0.466999;0.378;0.618013
0.238;0.69;0.401;0.841999;0.369939
0.972;0.579999;0.841999;0.37;0.823363
0.379999;0.343;0.46;0.53;0.826808
0.509999;0.537;0.559999;0.5;0.579878
0.53;0.610999;0.149;0.319999;0.00331348
0.309999;0.363;0.545;0.48;0.883087
0.48;0.422999;0.0;0.24;0.861528
0.24;0.265;0.973;0.509999;-0.133852
0.5;0.600999;0.593999;0.59;0.949755
0.59;0.589;0.52;0.62;0.328567
0.629999;0.524999;0.58;0.43;0.290831
0.42;0.402;0.416999;0.57;0.405368
0.579999;0.599;0.561;0.344;0.644042
0.344;0.667999;0.482;0.885999;0.210437
0.885999;0.582;0.753;0.46;0.42043
0.449999;0.459;0.532;0.52;0.755193
0.539999;0.706;0.540999;0.759999;0.465342
0.75;0.805;0.702;0.67;0.49884
