window_size;number_of_epochs;learning_rate
2;1;0.0001;0,845166558443826
2;1;0.0051;0,850486011249587
2;1;0.0101;0,848227482243552
2;1;0.0151;0,820938917572552
2;1;0.0201;0,851890819144853
2;1;0.0251;0,852993360554619
2;1;0.0301;0,843702224022818
2;1;0.0351;0,840845033868812
2;1;0.0451;0,801950742580567
2;1;0.0501;0,847399136671614
2;1;0.0551;0,85024665707384
2;1;0.0601;0,848125757311989
2;1;0.0651;0,833041581870599
2;1;0.0701;0,849475093001583
2;1;0.0751;0,849289741384738
2;1;0.0801;0,714344791227415
2;1;0.0901;0,723987921181262
2;1;0.0951;0,725128497122651
2;1;0.1001;0,745743199581094
2;1;0.1051;0,72296248526982
2;1;0.1101;0,722609267827186
2;1;0.1151;0,71910727747338
2;6;0.0001;0,745760456970206
2;6;0.0051;0,849676584720906
2;6;0.0151;0,849001361925467
2;6;0.0201;0,850406011814809
2;6;0.0251;0,836578295313952
2;6;0.0301;0,84739693491959
2;6;0.0351;0,852684938776851
2;6;0.0401;0,849889133165936
2;6;0.0451;0,854723151870123
2;6;0.0501;0,845726901631721
2;6;0.0601;0,849420500173924
2;6;0.0651;0,850859050637415
2;6;0.0701;0,836791587580388
2;6;0.0751;0,852291462917661
2;6;0.0801;0,843612878202508
2;6;0.0851;0,847565459971902
2;6;0.0901;0,850257708546928
2;6;0.0951;0,85257495345478
2;6;0.1051;0,850462277273818
2;6;0.1101;0,852573177020562
2;6;0.1151;0,850939441775139
2;11;0.0001;0,514299202040748
2;11;0.0051;0,852168979152506
2;11;0.0101;0,849563887532307
2;11;0.0151;0,850802913770813
2;11;0.0201;0,846841758901045
2;11;0.0301;0,849940886558482
2;11;0.0351;0,851477476709472
2;11;0.0401;0,84464398767259
2;11;0.0451;0,847894936200373
2;11;0.0501;0,84615023260941
2;11;0.0551;0,847341160807005
2;11;0.0601;0,852526682822485
2;11;0.0651;0,851335568500493
2;11;0.0751;0,846805491585138
2;11;0.0801;0,848644343498377
2;11;0.0851;0,714345625390319
2;11;0.0901;0,851509237911583
2;11;0.0951;0,827730559670124
2;11;0.1001;0,714342973217799
2;11;0.1051;0,711757613587164
2;11;0.1101;0,849220787854356
2;16;0.0001;0,850372722831079
2;16;0.0051;0,850729572324627
2;16;0.0101;0,849652101177062
2;16;0.0151;0,853521373036792
2;16;0.0201;0,850897414656466
2;16;0.0251;0,845545437913261
2;16;0.0301;0,852894517429676
2;16;0.0351;0,850124921804682
2;16;0.0451;0,83948992750439
2;16;0.0501;0,851770660108919
2;16;0.0551;0,824683255000792
2;16;0.0601;0,835572201959694
2;16;0.0651;0,851845292291281
2;16;0.0701;0,84418235536223
2;16;0.0751;0,849860723805289
2;16;0.0801;0,852189518827323
2;16;0.0901;0,838749598737019
2;16;0.0951;0,852232068207983
2;16;0.1001;0,850156395080994
2;16;0.1051;0,771027783212749
2;16;0.1101;0,783186507671224
2;16;0.1151;0,839070216199239
2;21;0.0001;0,84956947928229
2;21;0.0051;0,853338469554728
2;21;0.0151;0,851896731333249
2;21;0.0201;0,848666869755716
2;21;0.0251;0,847973850763827
2;21;0.0301;0,847892654278091
2;21;0.0351;0,846037088354853
2;21;0.0401;0,851300272029648
2;21;0.0451;0,847091111043093
2;21;0.0501;0,838104355187684
2;21;0.0601;0,850847861866903
2;21;0.0651;0,844289320518501
2;21;0.0701;0,848418174104699
2;21;0.0751;0,850938322540728
2;21;0.0801;0,852564318267118
2;21;0.0851;0,852390914519756
2;21;0.0901;0,851455937363991
2;21;0.0951;0,851967653643321
2;21;0.1051;0,847172199381234
2;21;0.1101;0,85247956628824
2;21;0.1151;0,846476653700579
2;26;0.0001;0,847580068763849
2;26;0.0051;0,852748910778734
2;26;0.0101;0,852281315310728
2;26;0.0151;0,848541862559438
2;26;0.0201;0,85155498224499
2;26;0.0301;0,844393795097446
2;26;0.0351;0,849261772608959
2;26;0.0401;0,846247219193591
2;26;0.0451;0,849633072624582
2;26;0.0501;0,849475883529695
2;26;0.0551;0,84740831250771
2;26;0.0601;0,841353723366841
2;26;0.0651;0,849564749543855
2;26;0.0751;0,838044980969045
2;26;0.0801;0,71434123859447
2;26;0.0851;0,847850887743576
2;26;0.0901;0,833603170891815
2;26;0.0951;0,851202628205944
2;26;0.1001;0,8505135052297
2;26;0.1051;0,845516151850105
2;26;0.1101;0,827229030357554
2;31;0.0001;0,851580144225014
2;31;0.0051;0,854180731095731
2;31;0.0101;0,84933569729022
2;31;0.0151;0,849699938658801
2;31;0.0201;0,847697046746023
2;31;0.0251;0,84971800501845
2;31;0.0301;0,849620202156863
2;31;0.0351;0,851624960529931
2;31;0.0451;0,846988626112003
2;31;0.0501;0,842323699790763
2;31;0.0551;0,850370005760504
2;31;0.0601;0,853224834628283
2;31;0.0651;0,850704350585688
2;31;0.0701;0,84908532777684
2;31;0.0751;0,8498262675256
2;31;0.0801;0,850280435526873
2;31;0.0901;0,714422904989074
2;31;0.0951;0,845240741485573
2;31;0.1001;0,814789829511929
2;31;0.1051;0,843833839864824
2;31;0.1101;0,850225839539387
2;31;0.1151;0,83640901015194
2;36;0.0001;0,84607966951597
2;36;0.0051;0,853913324179885
2;36;0.0151;0,851551633578146
2;36;0.0201;0,846530816554314
2;36;0.0251;0,849620119691284
2;36;0.0301;0,851824036075881
2;36;0.0351;0,84697646081007
2;36;0.0401;0,840907448076857
2;36;0.0451;0,851861972101406
2;36;0.0501;0,8506491502038
2;36;0.0601;0,851987475293731
2;36;0.0651;0,823436717557356
2;36;0.0701;0,851318082794871
2;36;0.0751;0,852573294944383
2;36;0.0801;0,851419546898257
2;36;0.0851;0,852544744106038
2;36;0.0901;0,847673757084993
2;36;0.0951;0,84403222773381
2;36;0.1051;0,851531108958177
2;36;0.1101;0,842983566615965
2;36;0.1151;0,841686218519668
2;41;0.0001;0,845998162213807
2;41;0.0051;0,853880169070488
2;41;0.0101;0,846006979769409
2;41;0.0151;0,847932128868011
2;41;0.0201;0,848836172418928
2;41;0.0301;0,851558248721912
2;41;0.0351;0,850045032063827
2;41;0.0401;0,848244683774664
2;41;0.0451;0,854098881220171
2;41;0.0501;0,846609000923832
2;41;0.0551;0,847402281920976
2;41;0.0601;0,85315774864243
2;41;0.0651;0,854067547121583
2;41;0.0751;0,84997002707527
2;41;0.0801;0,852569723040273
2;41;0.0851;0,852548518696093
2;41;0.0901;0,851283426099121
2;41;0.0951;0,84399815683323
2;41;0.1001;0,833672549657284
2;41;0.1051;0,823545156014278
2;41;0.1101;0,769586360963081
2;46;0.0001;0,851437933085685
2;46;0.0051;0,852768480816031
2;46;0.0101;0,845885777087221
2;46;0.0151;0,849610135039247
2;46;0.0201;0,852026733807677
2;46;0.0251;0,840227799958999
2;46;0.0301;0,84386451588974
2;46;0.0351;0,849997865983652
2;46;0.0451;0,850428482333609
2;46;0.0501;0,849756953336497
2;46;0.0551;0,852815327053701
2;46;0.0601;0,856340150398402
2;46;0.0651;0,850136639599127
2;46;0.0701;0,852323123416805
2;46;0.0751;0,836857420449872
2;46;0.0801;0,852583467667863
2;46;0.0901;0,836563660482399
2;46;0.0951;0,850249182561601
2;46;0.1001;0,841028587328278
2;46;0.1051;0,852255491282881
2;46;0.1101;0,846765480989873
2;46;0.1151;0,847603873620082
2;51;0.0001;0,846859117335844
2;51;0.0051;0,849799984979938
2;51;0.0151;0,849673696619333
2;51;0.0201;0,849148800800795
2;51;0.0251;0,849663633746381
2;51;0.0301;0,839260101425775
2;51;0.0351;0,852691530569747
2;51;0.0401;0,853167717520869
2;51;0.0451;0,846772147445137
2;51;0.0501;0,850612002067503
2;51;0.0601;0,852433570796445
2;51;0.0651;0,851548716601286
2;51;0.0701;0,849373092519494
2;51;0.0751;0,852387670924611
2;51;0.0801;0,844663872009614
2;51;0.0851;0,852546640227977
2;51;0.0901;0,840012558040777
2;51;0.0951;0,851618236704853
2;51;0.1051;0,851489930138851
2;51;0.1101;0,84629681851155
2;51;0.1151;0,849463835908409
2;56;0.0001;0,848213888292265
2;56;0.0051;0,850502873097838
2;56;0.0101;0,852926996264943
2;56;0.0151;0,848566074105052
2;56;0.0201;0,843866293165149
2;56;0.0301;0,846767974813241
2;56;0.0351;0,849067301574731
2;56;0.0401;0,852210408712189
2;56;0.0451;0,849572497726627
2;56;0.0501;0,847227800909563
2;56;0.0551;0,846420377423405
2;56;0.0601;0,846108715124142
2;56;0.0651;0,849545880887348
2;56;0.0751;0,852113811392238
2;56;0.0801;0,839737401923229
2;56;0.0851;0,851867068135039
2;56;0.0901;0,852034302768194
2;56;0.0951;0,844480414370559
2;56;0.1001;0,845384487436428
2;56;0.1051;0,786333975380349
2;56;0.1101;0,845289592155164
2;61;0.0001;0,851549598267103
2;61;0.0051;0,849886288348711
2;61;0.0101;0,849433930300848
2;61;0.0151;0,849319544151631
2;61;0.0201;0,850844977265718
2;61;0.0251;0,848389708316099
2;61;0.0301;0,845087768305228
2;61;0.0351;0,846420221030646
2;61;0.0451;0,850873480983891
2;61;0.0501;0,852711861707443
2;61;0.0551;0,847084814800448
2;61;0.0601;0,849984434881348
2;61;0.0651;0,851320173089548
2;61;0.0701;0,850382096359457
2;61;0.0751;0,850962981997603
2;61;0.0801;0,84900867246782
2;61;0.0901;0,851880567419179
2;61;0.0951;0,847858171259229
2;61;0.1001;0,852279643357551
2;61;0.1051;0,85216697203313
2;61;0.1101;0,852027969687207
2;61;0.1151;0,714340903707255
2;66;0.0001;0,851238300144919
2;66;0.0051;0,850344261900545
2;66;0.0151;0,851381594420254
2;66;0.0201;0,84948439283719
2;66;0.0251;0,845553562340528
2;66;0.0301;0,850555973659507
2;66;0.0351;0,847505259911752
2;66;0.0401;0,843505508864681
2;66;0.0451;0,845994036294068
2;66;0.0501;0,84549435278169
2;66;0.0601;0,848451609147816
2;66;0.0651;0,846124348057718
2;66;0.0701;0,852085657724658
2;66;0.0751;0,829830518041608
2;66;0.0801;0,851269476512747
2;66;0.0851;0,850191084792024
2;66;0.0901;0,852570793219414
2;66;0.0951;0,842776571890817
2;66;0.1051;0,852567710980376
2;66;0.1101;0,832684453999603
2;66;0.1151;0,852243071376746
2;71;0.0001;0,851625567245744
2;71;0.0051;0,849052018368914
2;71;0.0101;0,84944048697947
2;71;0.0151;0,851557885822302
2;71;0.0201;0,850260331138861
2;71;0.0301;0,850220773122317
2;71;0.0351;0,846604683652341
2;71;0.0401;0,845163358230127
2;71;0.0451;0,846765141009654
2;71;0.0501;0,847714211670237
2;71;0.0551;0,827514744465348
2;71;0.0601;0,845875461139288
2;71;0.0651;0,84395414458811
2;71;0.0751;0,852103024020966
2;71;0.0801;0,852237028970505
2;71;0.0851;0,849289283889931
2;71;0.0901;0,851409287280568
2;71;0.0951;0,843307937957369
2;71;0.1001;0,852323547308102
2;71;0.1051;0,852309686500957
2;71;0.1101;0,851757927528055
2;76;0.0001;0,851337573725066
2;76;0.0051;0,849931603252275
2;76;0.0101;0,849946385094218
2;76;0.0151;0,844510860455362
2;76;0.0201;0,847158934230681
2;76;0.0251;0,852114200802535
2;76;0.0301;0,847236745710398
2;76;0.0351;0,851302597796591
2;76;0.0451;0,850937083750994
2;76;0.0501;0,854644594542779
2;76;0.0551;0,850551305431333
2;76;0.0601;0,84837767658546
2;76;0.0651;0,851418189808426
2;76;0.0701;0,845877268760333
2;76;0.0751;0,850058268206839
2;76;0.0801;0,851146736221297
2;76;0.0901;0,816687143353929
2;76;0.0951;0,848500149737329
2;76;0.1001;0,852574606421806
2;76;0.1051;0,851120389178258
2;76;0.1101;0,714333459805678
2;76;0.1151;0,851912790419288
2;81;0.0001;0,849430359613965
2;81;0.0051;0,846619839292996
2;81;0.0151;0,850794910817234
2;81;0.0201;0,845608229669746
2;81;0.0251;0,852855047635829
2;81;0.0301;0,840033859370527
2;81;0.0351;0,849687418581993
2;81;0.0401;0,849094089302157
2;81;0.0451;0,856214524024313
2;81;0.0501;0,852235415742733
2;81;0.0601;0,849345787726663
2;81;0.0651;0,840492960131243
2;81;0.0701;0,810437901545026
2;81;0.0751;0,839791920320703
2;81;0.0801;0,85215278907487
2;81;0.0851;0,829383155373231
2;81;0.0901;0,851868538934777
2;81;0.0951;0,852522623487624
2;81;0.1051;0,849861411162499
2;81;0.1101;0,851892413456942
2;81;0.1151;0,81804650417865
2;86;0.0001;0,850346646018181
2;86;0.0051;0,850778435444653
2;86;0.0101;0,848630349987377
2;86;0.0151;0,848785351096249
2;86;0.0201;0,838923760950111
2;86;0.0301;0,846400298098638
2;86;0.0351;0,84250025565749
2;86;0.0401;0,846703378675656
2;86;0.0451;0,845907507058697
2;86;0.0501;0,854314436581488
2;86;0.0551;0,855790237154756
2;86;0.0601;0,852258000888477
2;86;0.0651;0,845119044064977
2;86;0.0751;0,847606004218912
2;86;0.0801;0,852014280798997
2;86;0.0851;0,852108562243539
2;86;0.0901;0,84958276553202
2;86;0.0951;0,852202617383148
2;86;0.1001;0,851858841610777
2;86;0.1051;0,843844628580305
2;86;0.1101;0,851898330472907
2;91;0.0001;0,851406084347932
2;91;0.0051;0,848331711993834
2;91;0.0101;0,850257085706378
2;91;0.0151;0,850902522809296
2;91;0.0201;0,85127147226897
2;91;0.0251;0,841614311327917
2;91;0.0301;0,845501364097027
2;91;0.0351;0,849102981125603
2;91;0.0451;0,848952854991706
2;91;0.0501;0,84740839321048
2;91;0.0551;0,852444256570913
2;91;0.0601;0,852261821232135
2;91;0.0651;0,845194469253444
2;91;0.0701;0,851468257620869
2;91;0.0751;0,853354058942793
2;91;0.0801;0,8515298194401
2;91;0.0901;0,842215503956
2;91;0.0951;0,851559224092864
2;91;0.1001;0,848379297269349
2;91;0.1051;0,835791687531792
2;91;0.1101;0,850694312528643
2;91;0.1151;0,852077102021072
2;96;0.0001;0,851373748858451
2;96;0.0051;0,849115286566508
2;96;0.0151;0,849674741736169
2;96;0.0201;0,836779851460286
2;96;0.0251;0,851744142069548
2;96;0.0301;0,847984612854523
2;96;0.0351;0,851093973103783
2;96;0.0401;0,849905561446104
2;96;0.0451;0,845794767607612
2;96;0.0501;0,852225814047147
2;96;0.0601;0,853917028240875
2;96;0.0651;0,849069885351757
2;96;0.0701;0,852272507868431
2;96;0.0751;0,850883871020912
2;96;0.0801;0,851464913266235
2;96;0.0851;0,844617338721682
2;96;0.0901;0,852296797109926
2;96;0.0951;0,828997475667484
2;96;0.1051;0,82710064602611
2;96;0.1101;0,817361190853287
2;96;0.1151;0,848787884863738
2;101;0.0001;0,850345435369437
2;101;0.0051;0,849650641951343
2;101;0.0101;0,848888091501665
2;101;0.0151;0,843434336232988
2;101;0.0201;0,847658595192249
2;101;0.0301;0,849237305626123
2;101;0.0351;0,850021231843819
2;101;0.0401;0,84787252093612
2;101;0.0451;0,845850860294178
2;101;0.0501;0,853068112901841
2;101;0.0551;0,847734576464767
2;101;0.0601;0,852530867473543
2;101;0.0651;0,808455966507128
2;101;0.0751;0,852560438073818
2;101;0.0801;0,851684180236769
2;101;0.0851;0,850441098408705
2;101;0.0901;0,852004535888734
2;101;0.0951;0,849673118266943
2;101;0.1001;0,849659627875033
2;101;0.1051;0,846889177531576
2;101;0.1101;0,850450823275084
2;106;0.0001;0,851390683744565
2;106;0.0051;0,849607992340178
2;106;0.0101;0,846185879975557
2;106;0.0151;0,845559610577446
2;106;0.0201;0,849876630863229
2;106;0.0251;0,845232668177925
2;106;0.0301;0,849234852980461
2;106;0.0351;0,849088805198803
2;106;0.0451;0,855325243169106
2;106;0.0501;0,848427985818648
2;106;0.0551;0,846919738711571
2;106;0.0601;0,851169804965331
2;106;0.0651;0,851094594381765
2;106;0.0701;0,8515112817721
2;106;0.0751;0,851518045828506
2;106;0.0801;0,839360695813968
2;106;0.0901;0,851176935981235
2;106;0.0951;0,851307863732394
2;106;0.1001;0,843738952326029
2;106;0.1051;0,848958591970342
2;106;0.1101;0,852077973172317
2;106;0.1151;0,827130786179385
2;111;0.0001;0,851376278807006
2;111;0.0051;0,849094933966344
2;111;0.0151;0,847342254731389
2;111;0.0201;0,850714341542964
2;111;0.0251;0,847702372459132
2;111;0.0301;0,84728432033082
2;111;0.0351;0,843600879766565
2;111;0.0401;0,847735597067415
2;111;0.0451;0,849939947495417
2;111;0.0501;0,848788353272131
2;111;0.0601;0,846320266299819
2;111;0.0651;0,852508928529489
2;111;0.0701;0,852811811546333
2;111;0.0751;0,852205743242099
2;111;0.0801;0,852478465355919
2;111;0.0851;0,852505882956001
2;111;0.0901;0,846429502828856
2;111;0.0951;0,8510462435644
2;111;0.1051;0,813868323254652
2;111;0.1101;0,851633025287445
2;111;0.1151;0,852539751307709
2;116;0.0001;0,851465701808372
2;116;0.0051;0,848022799638956
2;116;0.0101;0,84795673026638
2;116;0.0151;0,845948612140021
2;116;0.0201;0,846365734711593
2;116;0.0301;0,851276405122913
2;116;0.0351;0,852137809353224
2;116;0.0401;0,852640618683787
2;116;0.0451;0,851296467079406
2;116;0.0501;0,841374733472228
2;116;0.0551;0,846237020712627
2;116;0.0601;0,840082008328013
2;116;0.0651;0,851994036096765
2;116;0.0751;0,833192105582274
2;116;0.0801;0,845494495507391
2;116;0.0851;0,839872121196595
2;116;0.0901;0,847259172826276
2;116;0.0951;0,849129457009448
2;116;0.1001;0,848834384910786
2;116;0.1051;0,849277443756037
2;116;0.1101;0,848974687893969
2;121;0.0001;0,851393319850805
2;121;0.0051;0,851223040626845
2;121;0.0101;0,846297013855458
2;121;0.0151;0,84598070797349
2;121;0.0201;0,847486688236323
2;121;0.0251;0,85229029032565
2;121;0.0301;0,842104752132331
2;121;0.0351;0,845698214726297
2;121;0.0451;0,845124905599432
2;121;0.0501;0,841738277243658
2;121;0.0551;0,845121482669675
2;121;0.0601;0,850953958827907
2;121;0.0651;0,83114718713299
2;121;0.0701;0,850750444336211
2;121;0.0751;0,844683638513894
2;121;0.0801;0,841743093103766
2;121;0.0901;0,85257122178386
2;121;0.0951;0,847593969875852
2;121;0.1001;0,807525949357567
2;121;0.1051;0,836731349661785
2;121;0.1101;0,841274648291936
2;121;0.1151;0,837467635793618
2;126;0.0001;0,851603884844409
2;126;0.0051;0,849821006168077
2;126;0.0151;0,848979975880329
2;126;0.0201;0,847334096478066
2;126;0.0251;0,850080835538412
2;126;0.0301;0,850889772444449
2;126;0.0351;0,849240753399178
2;126;0.0401;0,856637075850286
2;126;0.0451;0,847093447798879
2;126;0.0501;0,844425699813114
2;126;0.0601;0,852462052731083
2;126;0.0651;0,851324763334977
2;126;0.0701;0,847930834333328
2;126;0.0751;0,848437986422197
2;126;0.0801;0,832077990606711
2;126;0.0851;0,84707862393619
2;126;0.0901;0,845411450530473
2;126;0.0951;0,851700186847234
2;126;0.1051;0,851986882868701
2;126;0.1101;0,807204040324806
2;126;0.1151;0,852495718801524
2;131;0.0001;0,851566619833658
2;131;0.0051;0,850636181258126
2;131;0.0101;0,839285749165262
2;131;0.0151;0,844581389298897
2;131;0.0201;0,852832222118784
2;131;0.0301;0,849905437361541
2;131;0.0351;0,848694552573781
2;131;0.0401;0,847534096803031
2;131;0.0451;0,847484867900095
2;131;0.0501;0,841403336138389
2;131;0.0551;0,834561796363207
2;131;0.0601;0,844278756152105
2;131;0.0651;0,851677904093916
2;131;0.0751;0,845004245291779
2;131;0.0801;0,843776425219611
2;131;0.0851;0,852077525381479
2;131;0.0901;0,839943307443572
2;131;0.0951;0,852556507251876
2;131;0.1001;0,851693532664521
2;131;0.1051;0,846019760890503
2;131;0.1101;0,838083913209812
2;136;0.0001;0,851093054202074
2;136;0.0051;0,849821954462992
2;136;0.0101;0,848890070683764
2;136;0.0151;0,843433489903358
2;136;0.0201;0,846536427499602
2;136;0.0251;0,848653132419722
2;136;0.0301;0,849987922981196
2;136;0.0351;0,845898275139268
2;136;0.0451;0,844259907612529
2;136;0.0501;0,847583249207037
2;136;0.0551;0,84979960384523
2;136;0.0601;0,845816572064781
2;136;0.0651;0,85092366832239
2;136;0.0701;0,837475185166915
2;136;0.0751;0,82933448744884
2;136;0.0801;0,850263497106382
2;136;0.0901;0,850833857168541
2;136;0.0951;0,85238229545152
2;136;0.1001;0,846175525850785
2;136;0.1051;0,851873707357007
2;136;0.1101;0,850895286693445
2;136;0.1151;0,852435381650504
2;141;0.0001;0,851736611362791
2;141;0.0051;0,846290400049843
2;141;0.0151;0,850372448993992
2;141;0.0201;0,843061794073684
2;141;0.0251;0,845039029197742
2;141;0.0301;0,850788945694018
2;141;0.0351;0,833138113056591
2;141;0.0401;0,849643737651
2;141;0.0451;0,847935951296962
2;141;0.0501;0,852307899371808
2;141;0.0601;0,850918462211377
2;141;0.0651;0,833950478490332
2;141;0.0701;0,841076117092214
2;141;0.0751;0,849527167255441
2;141;0.0801;0,852531415911916
2;141;0.0851;0,837777720103554
2;141;0.0901;0,852494482172446
2;141;0.0951;0,849402758935185
2;141;0.1051;0,848862155184192
2;141;0.1101;0,83616582353365
2;141;0.1151;0,852493141862166
2;146;0.0001;0,851125034491054
2;146;0.0051;0,851213501909929
2;146;0.0101;0,845995758881532
2;146;0.0151;0,846372431374721
2;146;0.0201;0,843807912967451
2;146;0.0301;0,833838459548559
2;146;0.0351;0,843152343499577
2;146;0.0401;0,85033910843192
2;146;0.0451;0,847746067271221
2;146;0.0501;0,851021028720597
2;146;0.0551;0,851993317576507
2;146;0.0601;0,851743463649244
2;146;0.0651;0,852245513410705
2;146;0.0751;0,845390102830978
2;146;0.0801;0,849496222260536
2;146;0.0851;0,851749867571563
2;146;0.0901;0,852552251095779
2;146;0.0951;0,847985304193081
2;146;0.1001;0,850444662416038
2;146;0.1051;0,824325444704097
2;146;0.1101;0,852095770523448
5;1;0.0001;0,704164096231855
5;1;0.0051;0,841043122299271
5;1;0.0101;0,851452017459466
5;1;0.0151;0,851683915605743
5;1;0.0201;0,843869428955186
5;1;0.0251;0,851715976755885
5;1;0.0301;0,851408844275824
5;1;0.0351;0,776169363166964
5;1;0.0451;0,701289822197582
5;1;0.0501;0,832593575099361
5;1;0.0551;0,846091726447107
5;1;0.0601;0,815529638517896
5;1;0.0651;0,713513546235624
5;1;0.0701;0,836303299984004
5;1;0.0751;0,850189210936272
5;1;0.0801;0,823966397959768
5;1;0.0901;0,747550092596327
5;1;0.0951;0,761106747061407
5;1;0.1001;0,843824100356076
5;1;0.1051;0,846263110875121
5;1;0.1101;0,717397759335961
5;1;0.1151;0,851801599197648
5;6;0.0001;0,729818496282601
5;6;0.0051;0,849141916407565
5;6;0.0151;0,851691633459778
5;6;0.0201;0,847846669474756
5;6;0.0251;0,851486903143489
5;6;0.0301;0,851516362022116
5;6;0.0351;0,835926586159702
5;6;0.0401;0,851689608018057
5;6;0.0451;0,850141947495453
5;6;0.0501;0,850273152045943
5;6;0.0601;0,843391525826215
5;6;0.0651;0,851796833371948
5;6;0.0701;0,834204119737038
5;6;0.0751;0,830741656583787
5;6;0.0801;0,846922786338564
5;6;0.0851;0,851497903410827
5;6;0.0901;0,81971246847495
5;6;0.0951;0,849251950596027
5;6;0.1051;0,849679653597655
5;6;0.1101;0,847625016700638
5;6;0.1151;0,850638537752119
5;11;0.0001;0,846076328329755
5;11;0.0051;0,851853701004144
5;11;0.0101;0,840893381550077
5;11;0.0151;0,850815552721588
5;11;0.0201;0,864779242264642
5;11;0.0301;0,847371383901225
5;11;0.0351;0,851743213131252
5;11;0.0401;0,851647457838556
5;11;0.0451;0,850251771418849
5;11;0.0501;0,851849906793289
5;11;0.0551;0,851719920585093
5;11;0.0601;0,830194030638818
5;11;0.0651;0,851658091017142
5;11;0.0751;0,84908431044897
5;11;0.0801;0,851465113495042
5;11;0.0851;0,84983581952046
5;11;0.0901;0,841406543051789
5;11;0.0951;0,838530703433853
5;11;0.1001;0,848941954600813
5;11;0.1051;0,841957411107776
5;11;0.1101;0,83270834131432
5;16;0.0001;0,847940336704236
5;16;0.0051;0,85203039399144
5;16;0.0101;0,858052887383376
5;16;0.0151;0,862854447628364
5;16;0.0201;0,852848519287689
5;16;0.0251;0,861813736315284
5;16;0.0301;0,843859513775865
5;16;0.0351;0,853687809258307
5;16;0.0451;0,867521985659278
5;16;0.0501;0,844228172423904
5;16;0.0551;0,840746265653843
5;16;0.0601;0,838107177297535
5;16;0.0651;0,845042851740786
5;16;0.0701;0,851575987069125
5;16;0.0751;0,846265745518682
5;16;0.0801;0,850237894432584
5;16;0.0901;0,851685279920395
5;16;0.0951;0,848671434364257
5;16;0.1001;0,838576510234729
5;16;0.1051;0,851034775731892
5;16;0.1101;0,844738199385151
5;16;0.1151;0,844123324872362
5;21;0.0001;0,845829941685027
5;21;0.0051;0,859833757871993
5;21;0.0151;0,863213409242997
5;21;0.0201;0,861749950932699
5;21;0.0251;0,85068313993997
5;21;0.0301;0,862322111612984
5;21;0.0351;0,846862563584969
5;21;0.0401;0,86139594263983
5;21;0.0451;0,851364435178923
5;21;0.0501;0,848680897298621
5;21;0.0601;0,835794717280001
5;21;0.0651;0,836163801333402
5;21;0.0701;0,848297901325247
5;21;0.0751;0,851797110429135
5;21;0.0801;0,842755772524755
5;21;0.0851;0,851284221847654
5;21;0.0901;0,837599788176699
5;21;0.0951;0,851325491981546
5;21;0.1051;0,840894351117684
5;21;0.1101;0,850002617450396
5;21;0.1151;0,851224871241072
5;26;0.0001;0,84840485559322
5;26;0.0051;0,861361435236804
5;26;0.0101;0,850472890891558
5;26;0.0151;0,860062671924535
5;26;0.0201;0,842877122311577
5;26;0.0301;0,864227869090855
5;26;0.0351;0,856832005004859
5;26;0.0401;0,864695649083606
5;26;0.0451;0,837689942137445
5;26;0.0501;0,841942704716235
5;26;0.0551;0,845602105450665
5;26;0.0601;0,850245437881474
5;26;0.0651;0,851469693979076
5;26;0.0751;0,851189437296102
5;26;0.0801;0,851100357336983
5;26;0.0851;0,845624718962051
5;26;0.0901;0,851571143871652
5;26;0.0951;0,81355090404657
5;26;0.1001;0,851057312512176
5;26;0.1051;0,851350861873025
5;26;0.1101;0,847738641002408
5;31;0.0001;0,848009270039629
5;31;0.0051;0,860563024967453
5;31;0.0101;0,85879907852087
5;31;0.0151;0,864007534028924
5;31;0.0201;0,858186393595033
5;31;0.0251;0,860924491316622
5;31;0.0301;0,857426681242965
5;31;0.0351;0,848856615870198
5;31;0.0451;0,850013942961558
5;31;0.0501;0,851602087919154
5;31;0.0551;0,838883059370878
5;31;0.0601;0,842659705831661
5;31;0.0651;0,851765303248516
5;31;0.0701;0,851761875387718
5;31;0.0751;0,851799371848798
5;31;0.0801;0,845947511295201
5;31;0.0901;0,851739180028195
5;31;0.0951;0,828045865246563
5;31;0.1001;0,845263156099025
5;31;0.1051;0,85160153384255
5;31;0.1101;0,850670709386247
5;31;0.1151;0,838248406810653
5;36;0.0001;0,850568960764231
5;36;0.0051;0,863757506092441
5;36;0.0151;0,852059466898512
5;36;0.0201;0,861852532824688
5;36;0.0251;0,840316538208036
5;36;0.0301;0,8622047585399
5;36;0.0351;0,842121000606666
5;36;0.0401;0,864415318934336
5;36;0.0451;0,848320381037206
5;36;0.0501;0,816705517873283
5;36;0.0601;0,851799807179555
5;36;0.0651;0,847707280465354
5;36;0.0701;0,851436623085413
5;36;0.0751;0,849894359645717
5;36;0.0801;0,849495485018754
5;36;0.0851;0,851687151811402
5;36;0.0901;0,850280554434689
5;36;0.0951;0,84619273390878
5;36;0.1051;0,850492512156014
5;36;0.1101;0,84404178571449
5;36;0.1151;0,850877121691073
5;41;0.0001;0,850632399943757
5;41;0.0051;0,861039832223709
5;41;0.0101;0,858210390367001
5;41;0.0151;0,848371136650731
5;41;0.0201;0,858443169661256
5;41;0.0301;0,850682196813356
5;41;0.0351;0,853411303000416
5;41;0.0401;0,846299839592415
5;41;0.0451;0,850588393168557
5;41;0.0501;0,842883983990241
5;41;0.0551;0,845260378716111
5;41;0.0601;0,850907867250483
5;41;0.0651;0,841977085704452
5;41;0.0751;0,841192226032233
5;41;0.0801;0,850552241139411
5;41;0.0851;0,851746943809452
5;41;0.0901;0,850877261830291
5;41;0.0951;0,851793222645709
5;41;0.1001;0,851683893709206
5;41;0.1051;0,851550959507304
5;41;0.1101;0,832456776757669
5;46;0.0001;0,849297694348784
5;46;0.0051;0,866315924830465
5;46;0.0101;0,865849862559703
5;46;0.0151;0,862747123327267
5;46;0.0201;0,852393431005058
5;46;0.0251;0,855958304838771
5;46;0.0301;0,857563496767726
5;46;0.0351;0,864468645233592
5;46;0.0451;0,865033887745175
5;46;0.0501;0,85022310763392
5;46;0.0551;0,851752272139
5;46;0.0601;0,851592688339748
5;46;0.0651;0,851307125408881
5;46;0.0701;0,851468997912857
5;46;0.0751;0,851708110247691
5;46;0.0801;0,833922979016755
5;46;0.0901;0,836659743613351
5;46;0.0951;0,851795550202863
5;46;0.1001;0,713077444303151
5;46;0.1051;0,850658949334779
5;46;0.1101;0,842689172426749
5;46;0.1151;0,839494976925882
5;51;0.0001;0,850398622743979
5;51;0.0051;0,860877239296888
5;51;0.0151;0,851965947117201
5;51;0.0201;0,847497264633193
5;51;0.0251;0,851648695020694
5;51;0.0301;0,851025853715032
5;51;0.0351;0,849574496793188
5;51;0.0401;0,842629203350818
5;51;0.0451;0,846692003856184
5;51;0.0501;0,851666516533798
5;51;0.0601;0,850065815577229
5;51;0.0651;0,850808961482437
5;51;0.0701;0,834014244918801
5;51;0.0751;0,851704910983625
5;51;0.0801;0,849140465659978
5;51;0.0851;0,845485398694042
5;51;0.0901;0,839893907160758
5;51;0.0951;0,840563653087888
5;51;0.1051;0,846363318830712
5;51;0.1101;0,849250517694335
5;51;0.1151;0,851119491255439
5;56;0.0001;0,850263513949752
5;56;0.0051;0,856381143176264
5;56;0.0101;0,853835567599232
5;56;0.0151;0,851594237044103
5;56;0.0201;0,84291740785756
5;56;0.0301;0,860540414769141
5;56;0.0351;0,848809050225395
5;56;0.0401;0,871387798869846
5;56;0.0451;0,851605664279416
5;56;0.0501;0,851322238381049
5;56;0.0551;0,851297086731276
5;56;0.0601;0,851369670995421
5;56;0.0651;0,840077738091437
5;56;0.0751;0,850146558416116
5;56;0.0801;0,844806118069808
5;56;0.0851;0,843234185239352
5;56;0.0901;0,851539854752445
5;56;0.0951;0,842254273105816
5;56;0.1001;0,831665163688929
5;56;0.1051;0,830291809440561
5;56;0.1101;0,83660438780447
5;61;0.0001;0,849427230510911
5;61;0.0051;0,867517809247346
5;61;0.0101;0,853803732035059
5;61;0.0151;0,853091147477274
5;61;0.0201;0,855451845026239
5;61;0.0251;0,836500531986449
5;61;0.0301;0,85059501160174
5;61;0.0351;0,840019499393293
5;61;0.0451;0,848596165512928
5;61;0.0501;0,845922193795281
5;61;0.0551;0,85129842813737
5;61;0.0601;0,837687510475125
5;61;0.0651;0,843570652445136
5;61;0.0701;0,845792686593121
5;61;0.0751;0,839188224016225
5;61;0.0801;0,850672719322942
5;61;0.0901;0,849810741830766
5;61;0.0951;0,851507916486062
5;61;0.1001;0,851467418088136
5;61;0.1051;0,850889151253561
5;61;0.1101;0,851611298698413
5;61;0.1151;0,850026115518807
5;66;0.0001;0,850747447672651
5;66;0.0051;0,860313658043065
5;66;0.0151;0,848725041330957
5;66;0.0201;0,841342235709477
5;66;0.0251;0,851750537752912
5;66;0.0301;0,836741823140339
5;66;0.0351;0,849496701403047
5;66;0.0401;0,84480798796282
5;66;0.0451;0,839868885657299
5;66;0.0501;0,838446107876363
5;66;0.0601;0,851018443309556
5;66;0.0651;0,843248404390038
5;66;0.0701;0,840405476856908
5;66;0.0751;0,850892290843818
5;66;0.0801;0,842028009424801
5;66;0.0851;0,849756690133509
5;66;0.0901;0,849211663995854
5;66;0.0951;0,851124353565417
5;66;0.1051;0,713075040349276
5;66;0.1101;0,844303984140711
5;66;0.1151;0,846975032805158
5;71;0.0001;0,850045869634355
5;71;0.0051;0,850601202728878
5;71;0.0101;0,846003074337952
5;71;0.0151;0,854747000299593
5;71;0.0201;0,843679494475978
5;71;0.0301;0,846503197856747
5;71;0.0351;0,845514019781042
5;71;0.0401;0,833906039244629
5;71;0.0451;0,844427616666358
5;71;0.0501;0,82322747137032
5;71;0.0551;0,851797842930892
5;71;0.0601;0,836577944953069
5;71;0.0651;0,850302760381824
5;71;0.0751;0,848923947593415
5;71;0.0801;0,845420428994063
5;71;0.0851;0,850757572311834
5;71;0.0901;0,848531268146531
5;71;0.0951;0,838659538766006
5;71;0.1001;0,85150279559866
5;71;0.1051;0,850573046564129
5;71;0.1101;0,849435942989879
5;76;0.0001;0,850403293296762
5;76;0.0051;0,852078242524348
5;76;0.0101;0,846012471624246
5;76;0.0151;0,83472523557218
5;76;0.0201;0,831100738462067
5;76;0.0251;0,856089181856841
5;76;0.0301;0,857977603297994
5;76;0.0351;0,847790863541954
5;76;0.0451;0,845524296636006
5;76;0.0501;0,845854221777029
5;76;0.0551;0,851338184821228
5;76;0.0601;0,840753741251969
5;76;0.0651;0,851133052456982
5;76;0.0701;0,845348188288604
5;76;0.0751;0,84624142647951
5;76;0.0801;0,851724268385677
5;76;0.0901;0,833579155130705
5;76;0.0951;0,83594917787664
5;76;0.1001;0,843132297069875
5;76;0.1051;0,810072779214128
5;76;0.1101;0,849226365687078
5;76;0.1151;0,83139972807769
5;81;0.0001;0,850118202834145
5;81;0.0051;0,858768171799521
5;81;0.0151;0,842703685518598
5;81;0.0201;0,840275306913349
5;81;0.0251;0,855193526602519
5;81;0.0301;0,849669699662732
5;81;0.0351;0,850499400586716
5;81;0.0401;0,849625106491906
5;81;0.0451;0,850731595576271
5;81;0.0501;0,851765990574016
5;81;0.0601;0,851773645128715
5;81;0.0651;0,835136993196492
5;81;0.0701;0,85125529988726
5;81;0.0751;0,851417602927924
5;81;0.0801;0,801845061288271
5;81;0.0851;0,840123012781104
5;81;0.0901;0,85171305467839
5;81;0.0951;0,844506339247452
5;81;0.1051;0,851631910544541
5;81;0.1101;0,834434676172696
5;81;0.1151;0,806082250677289
5;86;0.0001;0,850576890112071
5;86;0.0051;0,845327685272929
5;86;0.0101;0,831061562094848
5;86;0.0151;0,834358967509869
5;86;0.0201;0,851793341770419
5;86;0.0301;0,84873869663356
5;86;0.0351;0,828160691188362
5;86;0.0401;0,857796827660821
5;86;0.0451;0,851780856170084
5;86;0.0501;0,84443926733499
5;86;0.0551;0,851548441145678
5;86;0.0601;0,850816266162109
5;86;0.0651;0,851257745876271
5;86;0.0751;0,836903076551238
5;86;0.0801;0,850946110860532
5;86;0.0851;0,84321905573985
5;86;0.0901;0,851785266505053
5;86;0.0951;0,831662381955753
5;86;0.1001;0,848152079781995
5;86;0.1051;0,841428090749432
5;86;0.1101;0,713075655206784
5;91;0.0001;0,850605284302213
5;91;0.0051;0,847203015028568
5;91;0.0101;0,847149352970873
5;91;0.0151;0,837620846769525
5;91;0.0201;0,844150843172611
5;91;0.0251;0,835650924924182
5;91;0.0301;0,830924525190732
5;91;0.0351;0,849968833892083
5;91;0.0451;0,851650666564019
5;91;0.0501;0,795963730031307
5;91;0.0551;0,851556507670606
5;91;0.0601;0,848751118380648
5;91;0.0651;0,851305829424018
5;91;0.0701;0,84823431277812
5;91;0.0751;0,851631212604501
5;91;0.0801;0,828020775465452
5;91;0.0901;0,847404893604112
5;91;0.0951;0,768975064693584
5;91;0.1001;0,842282996426485
5;91;0.1051;0,845592941502751
5;91;0.1101;0,841343823591746
5;91;0.1151;0,85131185113628
5;96;0.0001;0,850225184480966
5;96;0.0051;0,857192381973986
5;96;0.0151;0,83845850890449
5;96;0.0201;0,844454237908335
5;96;0.0251;0,851745092025643
5;96;0.0301;0,849205474282735
5;96;0.0351;0,846610078661685
5;96;0.0401;0,851801683516685
5;96;0.0451;0,849571736160499
5;96;0.0501;0,855140373778036
5;96;0.0601;0,8497446352699
5;96;0.0651;0,833975556355944
5;96;0.0701;0,840490654317868
5;96;0.0751;0,845608793579496
5;96;0.0801;0,84803327517532
5;96;0.0851;0,849763953661104
5;96;0.0901;0,83805917604846
5;96;0.0951;0,851217433501174
5;96;0.1051;0,837908063133855
5;96;0.1101;0,849904924586372
5;96;0.1151;0,841410405653652
5;101;0.0001;0,850844952133869
5;101;0.0051;0,840821459016101
5;101;0.0101;0,830522625203344
5;101;0.0151;0,848781515142441
5;101;0.0201;0,84368633852445
5;101;0.0301;0,85187809519232
5;101;0.0351;0,838429950536404
5;101;0.0401;0,85149792014141
5;101;0.0451;0,850854105832527
5;101;0.0501;0,85086671206872
5;101;0.0551;0,850878857632718
5;101;0.0601;0,85167258617876
5;101;0.0651;0,851278211023805
5;101;0.0751;0,847703139091608
5;101;0.0801;0,845190821757291
5;101;0.0851;0,851740213462696
5;101;0.0901;0,846080376617238
5;101;0.0951;0,849322400856786
5;101;0.1001;0,84385774522621
5;101;0.1051;0,843728984202448
5;101;0.1101;0,835797091330426
5;106;0.0001;0,849847730888853
5;106;0.0051;0,842110905987044
5;106;0.0101;0,828077430990595
5;106;0.0151;0,850555177813112
5;106;0.0201;0,827128210152321
5;106;0.0251;0,850492485596187
5;106;0.0301;0,850030925130701
5;106;0.0351;0,851735537847652
5;106;0.0451;0,851787888422182
5;106;0.0501;0,834105687214084
5;106;0.0551;0,850589153636852
5;106;0.0601;0,850870979493931
5;106;0.0651;0,825045499265754
5;106;0.0701;0,845431784915545
5;106;0.0751;0,827990903368687
5;106;0.0801;0,847846081793142
5;106;0.0901;0,832825525692944
5;106;0.0951;0,841720952000416
5;106;0.1001;0,778432201460995
5;106;0.1051;0,843546758776464
5;106;0.1101;0,834408845813229
5;106;0.1151;0,851389487451096
5;111;0.0001;0,850399670373947
5;111;0.0051;0,827038040484648
5;111;0.0151;0,824487309439783
5;111;0.0201;0,83948486258144
5;111;0.0251;0,844467209362807
5;111;0.0301;0,827209833556394
5;111;0.0351;0,833459341440174
5;111;0.0401;0,848206201611432
5;111;0.0451;0,849598190038397
5;111;0.0501;0,8498345164746
5;111;0.0601;0,846912817870453
5;111;0.0651;0,851802086924021
5;111;0.0701;0,850155207595673
5;111;0.0751;0,83132544941722
5;111;0.0801;0,850921330758155
5;111;0.0851;0,846957916884989
5;111;0.0901;0,787948598986385
5;111;0.0951;0,851436012160005
5;111;0.1051;0,826296634269559
5;111;0.1101;0,840989715396876
5;111;0.1151;0,844173057884439
5;116;0.0001;0,850668977342611
5;116;0.0051;0,832354749485323
5;116;0.0101;0,840644517994981
5;116;0.0151;0,830050928532199
5;116;0.0201;0,829020942447516
5;116;0.0301;0,846678813951972
5;116;0.0351;0,828333836284833
5;116;0.0401;0,847061683636165
5;116;0.0451;0,839513149252354
5;116;0.0501;0,848803701995462
5;116;0.0551;0,850952999386855
5;116;0.0601;0,851262916256873
5;116;0.0651;0,845501344753313
5;116;0.0751;0,851795821094361
5;116;0.0801;0,851625526444606
5;116;0.0851;0,851631046333907
5;116;0.0901;0,713075165258355
5;116;0.0951;0,713075040151218
5;116;0.1001;0,8470881852285
5;116;0.1051;0,847795917451328
5;116;0.1101;0,71307504018443
5;121;0.0001;0,850787739521107
5;121;0.0051;0,832151821117553
5;121;0.0101;0,850348355583129
5;121;0.0151;0,829695540671027
5;121;0.0201;0,842547307380062
5;121;0.0251;0,853246673067435
5;121;0.0301;0,848568301624718
5;121;0.0351;0,849585980014161
5;121;0.0451;0,848545207614843
5;121;0.0501;0,850771963827509
5;121;0.0551;0,851609307637118
5;121;0.0601;0,85177394629875
5;121;0.0651;0,843661740255808
5;121;0.0701;0,847313751592013
5;121;0.0751;0,842062188920827
5;121;0.0801;0,849789152126351
5;121;0.0901;0,851271424732181
5;121;0.0951;0,817051915077802
5;121;0.1001;0,770107910147463
5;121;0.1051;0,851166649239961
5;121;0.1101;0,851650891416863
5;121;0.1151;0,850553790980952
5;126;0.0001;0,850193758884618
5;126;0.0051;0,829410976342139
5;126;0.0151;0,829852882588433
5;126;0.0201;0,827315988508117
5;126;0.0251;0,851618050497661
5;126;0.0301;0,837341625231401
5;126;0.0351;0,839330902630993
5;126;0.0401;0,847482335833022
5;126;0.0451;0,850610464818069
5;126;0.0501;0,847792187067948
5;126;0.0601;0,833204238934269
5;126;0.0651;0,840090499422203
5;126;0.0701;0,848698358650317
5;126;0.0751;0,846789707140408
5;126;0.0801;0,851071917306105
5;126;0.0851;0,820293817472298
5;126;0.0901;0,848994886573197
5;126;0.0951;0,848407824986543
5;126;0.1051;0,847134148131714
5;126;0.1101;0,827004920114485
5;126;0.1151;0,81947678944086
5;131;0.0001;0,850797207804004
5;131;0.0051;0,827975692475138
5;131;0.0101;0,825819698931666
5;131;0.0151;0,834705091551543
5;131;0.0201;0,828836918311125
5;131;0.0301;0,834940415438278
5;131;0.0351;0,842486099807261
5;131;0.0401;0,851420014101818
5;131;0.0451;0,850287642631644
5;131;0.0501;0,851761130046642
5;131;0.0551;0,848646718043703
5;131;0.0601;0,850637351311517
5;131;0.0651;0,851619736432339
5;131;0.0751;0,851577871249762
5;131;0.0801;0,849719173976912
5;131;0.0851;0,850160173838073
5;131;0.0901;0,848173914284544
5;131;0.0951;0,8450421618587
5;131;0.1001;0,850092351282092
5;131;0.1051;0,849175657225946
5;131;0.1101;0,849942135193179
5;136;0.0001;0,850329408540032
5;136;0.0051;0,829271064339753
5;136;0.0101;0,822071711763918
5;136;0.0151;0,812448950259395
5;136;0.0201;0,850236454657462
5;136;0.0251;0,833838609485537
5;136;0.0301;0,836180826484748
5;136;0.0351;0,845105405228161
5;136;0.0451;0,846438884659219
5;136;0.0501;0,848697302322219
5;136;0.0551;0,851464379708701
5;136;0.0601;0,837435107512529
5;136;0.0651;0,851694906400649
5;136;0.0701;0,84966629618896
5;136;0.0751;0,845780746668789
5;136;0.0801;0,849978373942654
5;136;0.0901;0,851416632490991
5;136;0.0951;0,834454686155685
5;136;0.1001;0,8450436721758
5;136;0.1051;0,845872345494557
5;136;0.1101;0,842991577191451
5;136;0.1151;0,829554816463966
5;141;0.0001;0,850489260080381
5;141;0.0051;0,806387288606805
5;141;0.0151;0,831680371786027
5;141;0.0201;0,79951659391192
5;141;0.0251;0,839560556333641
5;141;0.0301;0,851162162564173
5;141;0.0351;0,85173805920419
5;141;0.0401;0,851238199288454
5;141;0.0451;0,844134141295583
5;141;0.0501;0,850512306522223
5;141;0.0601;0,843146936062995
5;141;0.0651;0,835770040519013
5;141;0.0701;0,847048234298112
5;141;0.0751;0,850411706446243
5;141;0.0801;0,851784989849157
5;141;0.0851;0,85146723668219
5;141;0.0901;0,713075066903423
5;141;0.0951;0,850721644939117
5;141;0.1051;0,828576562675755
5;141;0.1101;0,851460132068031
5;141;0.1151;0,851705216555488
5;146;0.0001;0,850466344652464
5;146;0.0051;0,827236547125446
5;146;0.0101;0,827460297075943
5;146;0.0151;0,823478435608706
5;146;0.0201;0,82655073408255
5;146;0.0301;0,825118458250772
5;146;0.0351;0,840658253478647
5;146;0.0401;0,851333073990687
5;146;0.0451;0,84982463349264
5;146;0.0501;0,849768681028432
5;146;0.0551;0,847220019489734
5;146;0.0601;0,85138495672462
5;146;0.0651;0,848815228426109
5;146;0.0751;0,839038204342128
5;146;0.0801;0,845316803257848
5;146;0.0851;0,813772014374487
5;146;0.0901;0,843965215734146
5;146;0.0951;0,844423293723584
5;146;0.1001;0,850402947454663
5;146;0.1051;0,832577276952932
5;146;0.1101;0,851284386562269
8;1;0.0001;0,849308842457989
8;1;0.0051;0,846244557268654
8;1;0.0101;0,851812607468452
8;1;0.0151;0,850010658381814
8;1;0.0201;0,850695532039197
8;1;0.0251;0,837019233780107
8;1;0.0301;0,721748027253148
8;1;0.0351;0,843267167164751
8;1;0.0451;0,851565875613084
8;1;0.0501;0,79868611948305
8;1;0.0551;0,84258218278515
8;1;0.0601;0,847771889482544
8;1;0.0651;0,749649007947223
8;1;0.0701;0,850228755429533
8;1;0.0751;0,73427074425445
8;1;0.0801;0,851126439174902
8;1;0.0901;0,826844460938039
8;1;0.0951;0,741250333939335
8;1;0.1001;0,812217494774481
8;1;0.1051;0,713081064448422
8;1;0.1101;0,835882537011697
8;1;0.1151;0,718875895874919
8;6;0.0001;0,850061073509664
8;6;0.0051;0,855122018097212
8;6;0.0151;0,851152072472177
8;6;0.0201;0,851222681422248
8;6;0.0251;0,853045869036776
8;6;0.0301;0,867313589809821
8;6;0.0351;0,871900825791567
8;6;0.0401;0,851078321294524
8;6;0.0451;0,848872113501528
8;6;0.0501;0,851785502631266
8;6;0.0601;0,84876523466539
8;6;0.0651;0,851637004893543
8;6;0.0701;0,837115617648145
8;6;0.0751;0,847869894479711
8;6;0.0801;0,8513590287637
8;6;0.0851;0,780425170788221
8;6;0.0901;0,851148749203534
8;6;0.0951;0,851677681796617
8;6;0.1051;0,848852322729811
8;6;0.1101;0,849672741881762
8;6;0.1151;0,849504431313438
8;11;0.0001;0,842141689767553
8;11;0.0051;0,859734573239379
8;11;0.0101;0,873054324183658
8;11;0.0151;0,868490368857842
8;11;0.0201;0,88194934387098
8;11;0.0301;0,889063285654996
8;11;0.0351;0,88910528540954
8;11;0.0401;0,846298136795975
8;11;0.0451;0,84469932016407
8;11;0.0501;0,851555312146633
8;11;0.0551;0,851411779960094
8;11;0.0601;0,8499192256366
8;11;0.0651;0,851756796034624
8;11;0.0751;0,835715689115647
8;11;0.0801;0,851729164777079
8;11;0.0851;0,838488467740439
8;11;0.0901;0,845022664039863
8;11;0.0951;0,846589976642862
8;11;0.1001;0,848100001225382
8;11;0.1051;0,82536851086849
8;11;0.1101;0,849331734578787
8;16;0.0001;0,848131412226768
8;16;0.0051;0,860947256461822
8;16;0.0101;0,861319221196479
8;16;0.0151;0,875562222828362
8;16;0.0201;0,862938703092685
8;16;0.0251;0,887371699366066
8;16;0.0301;0,851808364849702
8;16;0.0351;0,850437432417262
8;16;0.0451;0,850460700703718
8;16;0.0501;0,868190261816024
8;16;0.0551;0,851662859933045
8;16;0.0601;0,84776364775774
8;16;0.0651;0,85004618753613
8;16;0.0701;0,844951758100363
8;16;0.0751;0,848421304718402
8;16;0.0801;0,850369741686728
8;16;0.0901;0,836267144620838
8;16;0.0951;0,851368209699461
8;16;0.1001;0,845635880868519
8;16;0.1051;0,851704040925558
8;16;0.1101;0,845191862719536
8;16;0.1151;0,850864922917936
8;21;0.0001;0,847706942430431
8;21;0.0051;0,861187289918173
8;21;0.0151;0,884561799646047
8;21;0.0201;0,851629397895087
8;21;0.0251;0,888454886346479
8;21;0.0301;0,880893876721814
8;21;0.0351;0,851499940194587
8;21;0.0401;0,84905295812573
8;21;0.0451;0,847252095823129
8;21;0.0501;0,849971883596681
8;21;0.0601;0,849142092172049
8;21;0.0651;0,848442273796449
8;21;0.0701;0,851780191242168
8;21;0.0751;0,834343113772779
8;21;0.0801;0,851665925028776
8;21;0.0851;0,851524307756471
8;21;0.0901;0,848536680291974
8;21;0.0951;0,834106047681937
8;21;0.1051;0,8404250101407
8;21;0.1101;0,822672798497753
8;21;0.1151;0,847003373868369
8;26;0.0001;0,849666952134823
8;26;0.0051;0,865682450241144
8;26;0.0101;0,890950765862391
8;26;0.0151;0,887474083407985
8;26;0.0201;0,851795394352171
8;26;0.0301;0,851779829139025
8;26;0.0351;0,848461638146103
8;26;0.0401;0,880280857768526
8;26;0.0451;0,850234588406183
8;26;0.0501;0,847213229305741
8;26;0.0551;0,850324795761616
8;26;0.0601;0,851770890270924
8;26;0.0651;0,851203422685624
8;26;0.0751;0,713078691908747
8;26;0.0801;0,835667552439731
8;26;0.0851;0,851677442062514
8;26;0.0901;0,851795702936266
8;26;0.0951;0,842222286091052
8;26;0.1001;0,848807592208319
8;26;0.1051;0,839590810693952
8;26;0.1101;0,847104413382096
8;31;0.0001;0,849684919496049
8;31;0.0051;0,862300753445501
8;31;0.0101;0,878332203385095
8;31;0.0151;0,878110251526826
8;31;0.0201;0,837806867694916
8;31;0.0251;0,888118654906681
8;31;0.0301;0,850300950325331
8;31;0.0351;0,85019289514289
8;31;0.0451;0,851800969786557
8;31;0.0501;0,851189850551961
8;31;0.0551;0,845413704285286
8;31;0.0601;0,851555751672887
8;31;0.0651;0,850518120936649
8;31;0.0701;0,851796238753035
8;31;0.0751;0,835813383332117
8;31;0.0801;0,846380792211596
8;31;0.0901;0,834791936846547
8;31;0.0951;0,851791067081863
8;31;0.1001;0,849421207697672
8;31;0.1051;0,841976165836471
8;31;0.1101;0,849564249131416
8;31;0.1151;0,851396908763858
8;36;0.0001;0,861285846549695
8;36;0.0051;0,874943002304325
8;36;0.0151;0,87888562925685
8;36;0.0201;0,883660511079036
8;36;0.0251;0,879198072748693
8;36;0.0301;0,885527451384941
8;36;0.0351;0,856596386564459
8;36;0.0401;0,866975813962132
8;36;0.0451;0,844420709099653
8;36;0.0501;0,818900353388413
8;36;0.0601;0,851802458471154
8;36;0.0651;0,849630897335615
8;36;0.0701;0,851670216088215
8;36;0.0751;0,848140262218677
8;36;0.0801;0,84679799615151
8;36;0.0851;0,851735134961411
8;36;0.0901;0,825903497648337
8;36;0.0951;0,850925103429514
8;36;0.1051;0,845009243423519
8;36;0.1101;0,83425578242859
8;36;0.1151;0,847523919518842
8;41;0.0001;0,861852019198806
8;41;0.0051;0,883045494138606
8;41;0.0101;0,882738635781353
8;41;0.0151;0,879648583271636
8;41;0.0201;0,891543888677984
8;41;0.0301;0,891757613988258
8;41;0.0351;0,850082063889581
8;41;0.0401;0,888476090728245
8;41;0.0451;0,851718394914672
8;41;0.0501;0,847113367550255
8;41;0.0551;0,841838829792164
8;41;0.0601;0,847163696017647
8;41;0.0651;0,850852869335583
8;41;0.0751;0,849258681084984
8;41;0.0801;0,851781026939828
8;41;0.0851;0,843639106294783
8;41;0.0901;0,844545429682841
8;41;0.0951;0,844096098397786
8;41;0.1001;0,850362114127776
8;41;0.1051;0,814997271944105
8;41;0.1101;0,851146051032972
8;46;0.0001;0,862330749127592
8;46;0.0051;0,881673257232065
8;46;0.0101;0,882227807493341
8;46;0.0151;0,867568315609746
8;46;0.0201;0,850510347776433
8;46;0.0251;0,885071536396695
8;46;0.0301;0,886863101303506
8;46;0.0351;0,87803059627092
8;46;0.0451;0,849011373548216
8;46;0.0501;0,851262298164175
8;46;0.0551;0,828401120118804
8;46;0.0601;0,798103764311102
8;46;0.0651;0,849353027770607
8;46;0.0701;0,842367165878538
8;46;0.0751;0,84992585593821
8;46;0.0801;0,848130735817863
8;46;0.0901;0,811992005835619
8;46;0.0951;0,849725690636432
8;46;0.1001;0,851784479800882
8;46;0.1051;0,845691923733866
8;46;0.1101;0,850499394658404
8;46;0.1151;0,713075147912323
8;51;0.0001;0,862178416937144
8;51;0.0051;0,891838020789033
8;51;0.0151;0,883110095199387
8;51;0.0201;0,875030243561807
8;51;0.0251;0,873505326424502
8;51;0.0301;0,84660832486084
8;51;0.0351;0,838976554857802
8;51;0.0401;0,850404013887647
8;51;0.0451;0,851597479206009
8;51;0.0501;0,848045952125272
8;51;0.0601;0,851474893852236
8;51;0.0651;0,818924719892931
8;51;0.0701;0,844371582904054
8;51;0.0751;0,850256190330561
8;51;0.0801;0,842961837307158
8;51;0.0851;0,85174874021104
8;51;0.0901;0,850091882087293
8;51;0.0951;0,848459385955997
8;51;0.1051;0,82211589501269
8;51;0.1101;0,850017273540396
8;51;0.1151;0,840457662738555
8;56;0.0001;0,862273659399694
8;56;0.0051;0,886206061061919
8;56;0.0101;0,885844805315668
8;56;0.0151;0,866476446888277
8;56;0.0201;0,85171834838059
8;56;0.0301;0,851025559522739
8;56;0.0351;0,85168296383528
8;56;0.0401;0,851742747701463
8;56;0.0451;0,847228166447298
8;56;0.0501;0,837997660812321
8;56;0.0551;0,851588992578416
8;56;0.0601;0,848524504249897
8;56;0.0651;0,845862822936147
8;56;0.0751;0,850636441136241
8;56;0.0801;0,847921117704196
8;56;0.0851;0,835622220791252
8;56;0.0901;0,829301440139005
8;56;0.0951;0,849030102821974
8;56;0.1001;0,848303828080594
8;56;0.1051;0,851667414045296
8;56;0.1101;0,851799213685176
8;61;0.0001;0,859731215594629
8;61;0.0051;0,890882746407332
8;61;0.0101;0,879355106229282
8;61;0.0151;0,850721355447844
8;61;0.0201;0,887894910024314
8;61;0.0251;0,847168140785242
8;61;0.0301;0,847686920018061
8;61;0.0351;0,875430266016053
8;61;0.0451;0,851571364179062
8;61;0.0501;0,848999828682176
8;61;0.0551;0,846619187203243
8;61;0.0601;0,851081260611457
8;61;0.0651;0,851644525395664
8;61;0.0701;0,85175220864599
8;61;0.0751;0,841997971797514
8;61;0.0801;0,848949999586049
8;61;0.0901;0,848771609777143
8;61;0.0951;0,823553858730152
8;61;0.1001;0,718413431547021
8;61;0.1051;0,835277444387082
8;61;0.1101;0,827839561965795
8;61;0.1151;0,846097361113984
8;66;0.0001;0,862098316624775
8;66;0.0051;0,886165934039014
8;66;0.0151;0,879321441499824
8;66;0.0201;0,846337822166411
8;66;0.0251;0,873866332200937
8;66;0.0301;0,884192524762737
8;66;0.0351;0,878702060904912
8;66;0.0401;0,890218538187944
8;66;0.0451;0,840589372321919
8;66;0.0501;0,851724435940254
8;66;0.0601;0,848513023534164
8;66;0.0651;0,85098196621086
8;66;0.0701;0,850292013503755
8;66;0.0751;0,839022023125041
8;66;0.0801;0,849098826252593
8;66;0.0851;0,85113970310521
8;66;0.0901;0,851563266224029
8;66;0.0951;0,823140998959207
8;66;0.1051;0,851081600836945
8;66;0.1101;0,8437041068536
8;66;0.1151;0,851696808129369
8;71;0.0001;0,862083174198396
8;71;0.0051;0,878337284366677
8;71;0.0101;0,887759471841356
8;71;0.0151;0,882581627154071
8;71;0.0201;0,887490432136369
8;71;0.0301;0,883583744310078
8;71;0.0351;0,85178421328792
8;71;0.0401;0,850420114728447
8;71;0.0451;0,850749247696626
8;71;0.0501;0,849857408501628
8;71;0.0551;0,85137068843504
8;71;0.0601;0,851791663855591
8;71;0.0651;0,851386831716947
8;71;0.0751;0,851047218478504
8;71;0.0801;0,836724725832452
8;71;0.0851;0,849517569298678
8;71;0.0901;0,851792324803327
8;71;0.0951;0,799381231153723
8;71;0.1001;0,83238144998969
8;71;0.1051;0,846984664702611
8;71;0.1101;0,849634680324609
8;76;0.0001;0,861978878969254
8;76;0.0051;0,887763398358624
8;76;0.0101;0,887424654135363
8;76;0.0151;0,868131145686671
8;76;0.0201;0,850889250154732
8;76;0.0251;0,869507076332287
8;76;0.0301;0,851560783742606
8;76;0.0351;0,851576635697466
8;76;0.0451;0,837960853660485
8;76;0.0501;0,851713723965786
8;76;0.0551;0,851611436292957
8;76;0.0601;0,851730276416499
8;76;0.0651;0,843275147367266
8;76;0.0701;0,840265635510656
8;76;0.0751;0,851596870835299
8;76;0.0801;0,846668669052944
8;76;0.0901;0,839263160858918
8;76;0.0951;0,847096879651934
8;76;0.1001;0,85087692203014
8;76;0.1051;0,84824581392026
8;76;0.1101;0,713075041291215
8;76;0.1151;0,713075040408524
8;81;0.0001;0,862275679889469
8;81;0.0051;0,888180822417528
8;81;0.0151;0,886437014077102
8;81;0.0201;0,881860181890369
8;81;0.0251;0,880371122194133
8;81;0.0301;0,848459838664198
8;81;0.0351;0,851370052475053
8;81;0.0401;0,835959593506143
8;81;0.0451;0,842226128778377
8;81;0.0501;0,830584605704719
8;81;0.0601;0,850941447866321
8;81;0.0651;0,850749125556377
8;81;0.0701;0,850787188872989
8;81;0.0751;0,851603581819037
8;81;0.0801;0,851790240994557
8;81;0.0851;0,842885882940968
8;81;0.0901;0,850737711338924
8;81;0.0951;0,844494866331284
8;81;0.1051;0,8353753781926
8;81;0.1101;0,831771440697879
8;81;0.1151;0,850778520084259
8;86;0.0001;0,862258212008368
8;86;0.0051;0,87846533282621
8;86;0.0101;0,867253393139575
8;86;0.0151;0,86751676109562
8;86;0.0201;0,863128535694005
8;86;0.0301;0,850883015324142
8;86;0.0351;0,843736401444708
8;86;0.0401;0,851800356629828
8;86;0.0451;0,848493867668692
8;86;0.0501;0,851495696648167
8;86;0.0551;0,851006413300281
8;86;0.0601;0,850510171296899
8;86;0.0651;0,849848264623362
8;86;0.0751;0,845542632561558
8;86;0.0801;0,841139534994513
8;86;0.0851;0,850735311145143
8;86;0.0901;0,833084634599784
8;86;0.0951;0,838957518959189
8;86;0.1001;0,831678095600726
8;86;0.1051;0,8450279507333
8;86;0.1101;0,842515451946906
8;91;0.0001;0,861993081569796
8;91;0.0051;0,871050412773346
8;91;0.0101;0,876224690331226
8;91;0.0151;0,881219389174839
8;91;0.0201;0,851685435563288
8;91;0.0251;0,866839926249912
8;91;0.0301;0,849068933303387
8;91;0.0351;0,840735988113114
8;91;0.0451;0,847979121205319
8;91;0.0501;0,851714165548394
8;91;0.0551;0,851479348381614
8;91;0.0601;0,851634593195508
8;91;0.0651;0,851434047145544
8;91;0.0701;0,81493870736278
8;91;0.0751;0,851787919695582
8;91;0.0801;0,849115182834552
8;91;0.0901;0,838145282936425
8;91;0.0951;0,792555612121103
8;91;0.1001;0,851336127478071
8;91;0.1051;0,848719262001187
8;91;0.1101;0,850140836187355
8;91;0.1151;0,83848133112556
8;96;0.0001;0,862397260321021
8;96;0.0051;0,868983225489434
8;96;0.0151;0,860927415427083
8;96;0.0201;0,856286686993045
8;96;0.0251;0,851609147955399
8;96;0.0301;0,838684217808467
8;96;0.0351;0,887188385425435
8;96;0.0401;0,851786757705664
8;96;0.0451;0,848428119048929
8;96;0.0501;0,851696349874743
8;96;0.0601;0,836439490596174
8;96;0.0651;0,851627571350424
8;96;0.0701;0,850908907199424
8;96;0.0751;0,845332222782892
8;96;0.0801;0,831157847166504
8;96;0.0851;0,835276702245128
8;96;0.0901;0,846979001846093
8;96;0.0951;0,851326378334023
8;96;0.1051;0,849257100297907
8;96;0.1101;0,85077870673395
8;96;0.1151;0,820912593004531
8;101;0.0001;0,862149217204229
8;101;0.0051;0,876176222937033
8;101;0.0101;0,865718024204509
8;101;0.0151;0,860318536369563
8;101;0.0201;0,845275139718364
8;101;0.0301;0,883136974678944
8;101;0.0351;0,851644314911353
8;101;0.0401;0,851800855611935
8;101;0.0451;0,851472577763406
8;101;0.0501;0,851206466537706
8;101;0.0551;0,839881796597725
8;101;0.0601;0,851565067302352
8;101;0.0651;0,845188799105271
8;101;0.0751;0,851695296587004
8;101;0.0801;0,847049908381653
8;101;0.0851;0,838428971200735
8;101;0.0901;0,851668971937273
8;101;0.0951;0,849391924225117
8;101;0.1001;0,849169269649512
8;101;0.1051;0,851583799178632
8;101;0.1101;0,848006256110537
8;106;0.0001;0,86278314359872
8;106;0.0051;0,887414481810844
8;106;0.0101;0,849914886604542
8;106;0.0151;0,848655159093047
8;106;0.0201;0,85111503393649
8;106;0.0251;0,857295249722188
8;106;0.0301;0,886543359355879
8;106;0.0351;0,848706995533032
8;106;0.0451;0,848914549405446
8;106;0.0501;0,84669980580628
8;106;0.0551;0,845486564336872
8;106;0.0601;0,851737015679692
8;106;0.0651;0,85135566570213
8;106;0.0701;0,851035357588029
8;106;0.0751;0,85028564989973
8;106;0.0801;0,851797387458832
8;106;0.0901;0,849886994286937
8;106;0.0951;0,811613103532474
8;106;0.1001;0,845691482586862
8;106;0.1051;0,848675404755887
8;106;0.1101;0,840652050770872
8;106;0.1151;0,849500474230123
8;111;0.0001;0,862449977367372
8;111;0.0051;0,873124555862961
8;111;0.0151;0,856960803014713
8;111;0.0201;0,845802889394404
8;111;0.0251;0,851718452219558
8;111;0.0301;0,869846084163208
8;111;0.0351;0,839003413417788
8;111;0.0401;0,850424494230417
8;111;0.0451;0,851718363128352
8;111;0.0501;0,849739048566177
8;111;0.0601;0,851576571759876
8;111;0.0651;0,851657874188044
8;111;0.0701;0,846608589092965
8;111;0.0751;0,83549859420618
8;111;0.0801;0,848916665457216
8;111;0.0851;0,842694397588551
8;111;0.0901;0,850017489174988
8;111;0.0951;0,84217410511949
8;111;0.1051;0,849856065050496
8;111;0.1101;0,829063056442684
8;111;0.1151;0,843708767120026
8;116;0.0001;0,861913596599973
8;116;0.0051;0,878604568346594
8;116;0.0101;0,86238989070997
8;116;0.0151;0,862741497372907
8;116;0.0201;0,86285285530332
8;116;0.0301;0,882764662653182
8;116;0.0351;0,8741967565998
8;116;0.0401;0,851718401853629
8;116;0.0451;0,849552680979563
8;116;0.0501;0,828811232088417
8;116;0.0551;0,848407432144539
8;116;0.0601;0,831795234428898
8;116;0.0651;0,849039816283866
8;116;0.0751;0,840381623523473
8;116;0.0801;0,84934814439498
8;116;0.0851;0,839208423486132
8;116;0.0901;0,844430814774647
8;116;0.0951;0,823572287771682
8;116;0.1001;0,848592725773608
8;116;0.1051;0,85177889495527
8;116;0.1101;0,827755515522824
8;121;0.0001;0,862327934145527
8;121;0.0051;0,852406591937932
8;121;0.0101;0,841604780763402
8;121;0.0151;0,854847897666885
8;121;0.0201;0,850518470418894
8;121;0.0251;0,860890155291041
8;121;0.0301;0,85171991399512
8;121;0.0351;0,848516719033681
8;121;0.0451;0,851689992592405
8;121;0.0501;0,851123219748319
8;121;0.0551;0,850325410463694
8;121;0.0601;0,849697889429079
8;121;0.0651;0,851451226831377
8;121;0.0701;0,845202763253449
8;121;0.0751;0,851742813066602
8;121;0.0801;0,85109224907373
8;121;0.0901;0,851282501841312
8;121;0.0951;0,850074534939732
8;121;0.1001;0,713075041666527
8;121;0.1051;0,85166949162837
8;121;0.1101;0,837706579029212
8;121;0.1151;0,848368067768782
8;126;0.0001;0,86225089949771
8;126;0.0051;0,863076200444574
8;126;0.0151;0,870440119549856
8;126;0.0201;0,861998997187139
8;126;0.0251;0,891621639522419
8;126;0.0301;0,890457609757501
8;126;0.0351;0,891478447323849
8;126;0.0401;0,851038113594589
8;126;0.0451;0,849133602716132
8;126;0.0501;0,847879152050753
8;126;0.0601;0,851497752192216
8;126;0.0651;0,851640991023248
8;126;0.0701;0,844769542712159
8;126;0.0751;0,849182848252327
8;126;0.0801;0,846918910813104
8;126;0.0851;0,850777160925462
8;126;0.0901;0,851755039475005
8;126;0.0951;0,848269096080565
8;126;0.1051;0,82996757769358
8;126;0.1101;0,849571841677365
8;126;0.1151;0,850129418878431
8;131;0.0001;0,862294229270395
8;131;0.0051;0,859406238157368
8;131;0.0101;0,850503055236867
8;131;0.0151;0,844732440894118
8;131;0.0201;0,851416704217753
8;131;0.0301;0,846885996006
8;131;0.0351;0,872557570822401
8;131;0.0401;0,850721214349131
8;131;0.0451;0,870281036648558
8;131;0.0501;0,83704596246796
8;131;0.0551;0,851391746599694
8;131;0.0601;0,851159449849859
8;131;0.0651;0,851083253297041
8;131;0.0751;0,851578091134859
8;131;0.0801;0,849550453604726
8;131;0.0851;0,850322125096044
8;131;0.0901;0,850062791792263
8;131;0.0951;0,809134808888963
8;131;0.1001;0,851606691269846
8;131;0.1051;0,851195880947377
8;131;0.1101;0,843410880708746
8;136;0.0001;0,862148277878872
8;136;0.0051;0,878601859907806
8;136;0.0101;0,851212072758413
8;136;0.0151;0,843636756614504
8;136;0.0201;0,870285660418805
8;136;0.0251;0,87410850893053
8;136;0.0301;0,848669175664005
8;136;0.0351;0,862080896530932
8;136;0.0451;0,846530711183941
8;136;0.0501;0,849838025729967
8;136;0.0551;0,850221532108599
8;136;0.0601;0,848755798379037
8;136;0.0651;0,843736062112296
8;136;0.0701;0,850042767275655
8;136;0.0751;0,836616296194432
8;136;0.0801;0,851517091890044
8;136;0.0901;0,849564003636702
8;136;0.0951;0,851584394771619
8;136;0.1001;0,851396636210843
8;136;0.1051;0,845967091599705
8;136;0.1101;0,851460071681739
8;136;0.1151;0,713075107235924
8;141;0.0001;0,86234889086014
8;141;0.0051;0,851170629201465
8;141;0.0151;0,857982086147756
8;141;0.0201;0,85170207610098
8;141;0.0251;0,850350591597928
8;141;0.0301;0,88579861869006
8;141;0.0351;0,851761690332322
8;141;0.0401;0,851087657172465
8;141;0.0451;0,850037339930545
8;141;0.0501;0,850664465201539
8;141;0.0601;0,851748253179478
8;141;0.0651;0,851796373815148
8;141;0.0701;0,851568526406327
8;141;0.0751;0,842665417256108
8;141;0.0801;0,850677470866302
8;141;0.0851;0,845211629019912
8;141;0.0901;0,851228258514866
8;141;0.0951;0,850014862152105
8;141;0.1051;0,818256694048634
8;141;0.1101;0,851131085126989
8;141;0.1151;0,713075074185647
8;146;0.0001;0,862523859921749
8;146;0.0051;0,87036395540823
8;146;0.0101;0,853168790294816
8;146;0.0151;0,860808206646464
8;146;0.0201;0,873147898089154
8;146;0.0301;0,851737707003041
8;146;0.0351;0,829085525772836
8;146;0.0401;0,84808516895543
8;146;0.0451;0,844765889647814
8;146;0.0501;0,84868211565954
8;146;0.0551;0,845686290640658
8;146;0.0601;0,850794759613251
8;146;0.0651;0,850837692312301
8;146;0.0751;0,846567207364589
8;146;0.0801;0,851220792411651
8;146;0.0851;0,847521438683782
8;146;0.0901;0,838520230549027
8;146;0.0951;0,849804351895698
8;146;0.1001;0,839893827492827
8;146;0.1051;0,713075040171871
8;146;0.1101;0,850155972015531
11;1;0.0001;0,709674815478919
11;1;0.0051;0,85160412902802
11;1;0.0101;0,850882344254165
11;1;0.0151;0,851812140768654
11;1;0.0201;0,801865142756811
11;1;0.0251;0,852801648236335
11;1;0.0301;0,729305443124717
11;1;0.0351;0,772687141947741
11;1;0.0451;0,808984824061969
11;1;0.0501;0,850890274839322
11;1;0.0551;0,718786079120381
11;1;0.0601;0,831939066579616
11;1;0.0651;0,721217532841997
11;1;0.0701;0,773840184589307
11;1;0.0751;0,71310609345942
11;1;0.0801;0,719386265436158
11;1;0.0901;0,723435035384049
11;1;0.0951;0,85151030961306
11;1;0.1001;0,847062217325541
11;1;0.1051;0,713173565269244
11;1;0.1101;0,713134726746662
11;1;0.1151;0,843867691698802
11;6;0.0001;0,737982315003857
11;6;0.0051;0,844805564915295
11;6;0.0151;0,851970177395785
11;6;0.0201;0,851295728680516
11;6;0.0251;0,856042632357502
11;6;0.0301;0,876063900071933
11;6;0.0351;0,840533410033683
11;6;0.0401;0,85066068570732
11;6;0.0451;0,837867740224959
11;6;0.0501;0,849070560430041
11;6;0.0601;0,848474453241403
11;6;0.0651;0,713170450573269
11;6;0.0701;0,851599678117592
11;6;0.0751;0,851520259632106
11;6;0.0801;0,851645198887087
11;6;0.0851;0,837717571608811
11;6;0.0901;0,851758879064763
11;6;0.0951;0,850222534318374
11;6;0.1051;0,713657224689045
11;6;0.1101;0,795719745059917
11;6;0.1151;0,848962744635945
11;11;0.0001;0,845585406211367
11;11;0.0051;0,850623090563964
11;11;0.0101;0,821746684953361
11;11;0.0151;0,873616092015898
11;11;0.0201;0,861773175330835
11;11;0.0301;0,879780401684917
11;11;0.0351;0,850481441176947
11;11;0.0401;0,851784705299609
11;11;0.0451;0,851729469591818
11;11;0.0501;0,851263450201047
11;11;0.0551;0,851736791267584
11;11;0.0601;0,846131529374865
11;11;0.0651;0,850123579285938
11;11;0.0751;0,847956503460418
11;11;0.0801;0,851794961001963
11;11;0.0851;0,850991098849432
11;11;0.0901;0,84789098007186
11;11;0.0951;0,844306410675273
11;11;0.1001;0,847606199787906
11;11;0.1051;0,848118074922984
11;11;0.1101;0,848887795820656
11;16;0.0001;0,853462898020196
11;16;0.0051;0,861760491512145
11;16;0.0101;0,872764665772006
11;16;0.0151;0,879025521263191
11;16;0.0201;0,849572902715367
11;16;0.0251;0,884130146540397
11;16;0.0301;0,84614600760744
11;16;0.0351;0,846069372956312
11;16;0.0451;0,847612134913347
11;16;0.0501;0,851802168034171
11;16;0.0551;0,85148827424597
11;16;0.0601;0,851627464120799
11;16;0.0651;0,843238390153409
11;16;0.0701;0,85175615888046
11;16;0.0751;0,846806624391043
11;16;0.0801;0,84399394427939
11;16;0.0901;0,851732247060097
11;16;0.0951;0,851756907638045
11;16;0.1001;0,850390300667296
11;16;0.1051;0,832762265117266
11;16;0.1101;0,851775030430287
11;16;0.1151;0,713075320537085
11;21;0.0001;0,851337498626904
11;21;0.0051;0,868197040974896
11;21;0.0151;0,875828801489644
11;21;0.0201;0,873492201438837
11;21;0.0251;0,877157162312518
11;21;0.0301;0,851794454387935
11;21;0.0351;0,843413590332848
11;21;0.0401;0,850423671624928
11;21;0.0451;0,838101465762989
11;21;0.0501;0,838998800176065
11;21;0.0601;0,850965969785026
11;21;0.0651;0,847811522352525
11;21;0.0701;0,826391892063218
11;21;0.0751;0,851404515152345
11;21;0.0801;0,83155586153127
11;21;0.0851;0,851436765944732
11;21;0.0901;0,851262120209574
11;21;0.0951;0,827382267806963
11;21;0.1051;0,850159879268895
11;21;0.1101;0,839784178225838
11;21;0.1151;0,71308009212296
11;26;0.0001;0,84795427679387
11;26;0.0051;0,85096106932035
11;26;0.0101;0,880592016447523
11;26;0.0151;0,889294555938631
11;26;0.0201;0,840954159601764
11;26;0.0301;0,851664495706882
11;26;0.0351;0,851116945881385
11;26;0.0401;0,851737375086738
11;26;0.0451;0,835796153668942
11;26;0.0501;0,851787615239783
11;26;0.0551;0,851181785799447
11;26;0.0601;0,845581191703376
11;26;0.0651;0,8408298223242
11;26;0.0751;0,839539680368928
11;26;0.0801;0,85162385745874
11;26;0.0851;0,851141878600701
11;26;0.0901;0,713088212237473
11;26;0.0951;0,713090991177344
11;26;0.1001;0,846478646480724
11;26;0.1051;0,808963210419111
11;26;0.1101;0,851777419080669
11;31;0.0001;0,852946482845699
11;31;0.0051;0,873964864272797
11;31;0.0101;0,882756500294406
11;31;0.0151;0,851395780133556
11;31;0.0201;0,883601588871533
11;31;0.0251;0,850765894002056
11;31;0.0301;0,849820033461494
11;31;0.0351;0,851765828377818
11;31;0.0451;0,85003723896577
11;31;0.0501;0,851790681537355
11;31;0.0551;0,847676179632323
11;31;0.0601;0,851716638206508
11;31;0.0651;0,850278946143356
11;31;0.0701;0,850525543440167
11;31;0.0751;0,833427691345238
11;31;0.0801;0,85024526937302
11;31;0.0901;0,713075170867351
11;31;0.0951;0,841369560688018
11;31;0.1001;0,82936998136668
11;31;0.1051;0,851246273543828
11;31;0.1101;0,713139120511572
11;31;0.1151;0,82433180824643
11;36;0.0001;0,855584385424861
11;36;0.0051;0,873628552075318
11;36;0.0151;0,850927611444261
11;36;0.0201;0,850255762911941
11;36;0.0251;0,851615535978194
11;36;0.0301;0,842610484037684
11;36;0.0351;0,845392710492028
11;36;0.0401;0,850220061973122
11;36;0.0451;0,85129908185874
11;36;0.0501;0,851238108243751
11;36;0.0601;0,848414269997713
11;36;0.0651;0,850472219235119
11;36;0.0701;0,851708948985729
11;36;0.0751;0,849232478990501
11;36;0.0801;0,837733443075513
11;36;0.0851;0,837846958993635
11;36;0.0901;0,82554651050735
11;36;0.0951;0,851313055274442
11;36;0.1051;0,846861254048947
11;36;0.1101;0,713077922771989
11;36;0.1151;0,846266152569843
11;41;0.0001;0,854769094518382
11;41;0.0051;0,879657867303128
11;41;0.0101;0,880030703478519
11;41;0.0151;0,8489353429836
11;41;0.0201;0,850750857501788
11;41;0.0301;0,839246992053059
11;41;0.0351;0,846449213306873
11;41;0.0401;0,847193065666261
11;41;0.0451;0,851698832966583
11;41;0.0501;0,846731693374265
11;41;0.0551;0,851802294310588
11;41;0.0601;0,850788079716687
11;41;0.0651;0,845478678160544
11;41;0.0751;0,837248691735829
11;41;0.0801;0,850346439920772
11;41;0.0851;0,848095055656781
11;41;0.0901;0,826697789220843
11;41;0.0951;0,835707784241149
11;41;0.1001;0,847846798689219
11;41;0.1051;0,848038765981481
11;41;0.1101;0,848792699788899
11;46;0.0001;0,854080347043286
11;46;0.0051;0,887205047378311
11;46;0.0101;0,883684962280008
11;46;0.0151;0,891187758684702
11;46;0.0201;0,883433936636906
11;46;0.0251;0,851798336043313
11;46;0.0301;0,850071686905609
11;46;0.0351;0,849936453231955
11;46;0.0451;0,851788989062218
11;46;0.0501;0,850716576870717
11;46;0.0551;0,84414481260125
11;46;0.0601;0,833674612785872
11;46;0.0651;0,850558521484658
11;46;0.0701;0,835344470336474
11;46;0.0751;0,85180001367791
11;46;0.0801;0,809348263417845
11;46;0.0901;0,851336936330572
11;46;0.0951;0,849985541845096
11;46;0.1001;0,847757787596244
11;46;0.1051;0,848828568487733
11;46;0.1101;0,836978946594468
11;46;0.1151;0,84677177669898
11;51;0.0001;0,857045026179981
11;51;0.0051;0,851388653297513
11;51;0.0151;0,87607036150632
11;51;0.0201;0,883282633482579
11;51;0.0251;0,873438009077339
11;51;0.0301;0,851750999031995
11;51;0.0351;0,84793761600028
11;51;0.0401;0,84486795239575
11;51;0.0451;0,851435329589615
11;51;0.0501;0,85180049602121
11;51;0.0601;0,851781370148117
11;51;0.0651;0,846943536490588
11;51;0.0701;0,807410291000557
11;51;0.0751;0,84894960983286
11;51;0.0801;0,851791952514015
11;51;0.0851;0,828848127099101
11;51;0.0901;0,84420545653427
11;51;0.0951;0,71307748455118
11;51;0.1051;0,713085478806482
11;51;0.1101;0,848174927438997
11;51;0.1151;0,839148367806243
11;56;0.0001;0,854782071892699
11;56;0.0051;0,861510473394526
11;56;0.0101;0,851190280046975
11;56;0.0151;0,872368975890693
11;56;0.0201;0,87220548923603
11;56;0.0301;0,851735075584859
11;56;0.0351;0,849869662011836
11;56;0.0401;0,851780250922921
11;56;0.0451;0,851255088310014
11;56;0.0501;0,850572095190722
11;56;0.0551;0,851696550932307
11;56;0.0601;0,850259390080103
11;56;0.0651;0,849254002816615
11;56;0.0751;0,734154376881944
11;56;0.0801;0,850827639620372
11;56;0.0851;0,851248357485112
11;56;0.0901;0,849601335615232
11;56;0.0951;0,844490354818459
11;56;0.1001;0,85116704804599
11;56;0.1051;0,851186932685637
11;56;0.1101;0,830138471907418
11;61;0.0001;0,855266306461643
11;61;0.0051;0,888294577214261
11;61;0.0101;0,882180690465009
11;61;0.0151;0,880228638372808
11;61;0.0201;0,84227639494502
11;61;0.0251;0,847954043345054
11;61;0.0301;0,850890908275315
11;61;0.0351;0,84817729633444
11;61;0.0451;0,820921927739938
11;61;0.0501;0,851776594728818
11;61;0.0551;0,848213261797792
11;61;0.0601;0,850992240591964
11;61;0.0651;0,849403511412976
11;61;0.0701;0,850543910110394
11;61;0.0751;0,850520503963241
11;61;0.0801;0,849465569246201
11;61;0.0901;0,844732800286957
11;61;0.0951;0,851754712107966
11;61;0.1001;0,851034594707764
11;61;0.1051;0,841522552772328
11;61;0.1101;0,851288958522426
11;61;0.1151;0,849697854410059
11;66;0.0001;0,856417183161592
11;66;0.0051;0,882311645097871
11;66;0.0151;0,86797807074746
11;66;0.0201;0,842990054153857
11;66;0.0251;0,849968110839995
11;66;0.0301;0,845934703443817
11;66;0.0351;0,837295896159212
11;66;0.0401;0,851612035571963
11;66;0.0451;0,849445010421962
11;66;0.0501;0,850633257207396
11;66;0.0601;0,851084186975267
11;66;0.0651;0,848648479024442
11;66;0.0701;0,851550838481081
11;66;0.0751;0,844685957283489
11;66;0.0801;0,851786222383952
11;66;0.0851;0,851801755739025
11;66;0.0901;0,851517238366551
11;66;0.0951;0,851757285613152
11;66;0.1051;0,837355962979307
11;66;0.1101;0,845767310956607
11;66;0.1151;0,845263181966146
11;71;0.0001;0,858186926514803
11;71;0.0051;0,87653474681219
11;71;0.0101;0,871144969596152
11;71;0.0151;0,851790002411824
11;71;0.0201;0,851600583874883
11;71;0.0301;0,851609746717448
11;71;0.0351;0,846557319094306
11;71;0.0401;0,84389154953593
11;71;0.0451;0,851801519342379
11;71;0.0501;0,845315950035467
11;71;0.0551;0,851087317726882
11;71;0.0601;0,833387836445078
11;71;0.0651;0,851708716643929
11;71;0.0751;0,812799563728811
11;71;0.0801;0,851797040908144
11;71;0.0851;0,847358739421925
11;71;0.0901;0,82855310603517
11;71;0.0951;0,713075041246081
11;71;0.1001;0,827834345260443
11;71;0.1051;0,850327217567215
11;71;0.1101;0,713075062954858
11;76;0.0001;0,856541190079594
11;76;0.0051;0,851287277924586
11;76;0.0101;0,876758991269324
11;76;0.0151;0,860005888044429
11;76;0.0201;0,872692606970893
11;76;0.0251;0,832447775221357
11;76;0.0301;0,88328903542257
11;76;0.0351;0,851607600933418
11;76;0.0451;0,848126297021577
11;76;0.0501;0,829149713797234
11;76;0.0551;0,850153158997366
11;76;0.0601;0,846404737489708
11;76;0.0651;0,835690567881225
11;76;0.0701;0,849318709897298
11;76;0.0751;0,836428739522075
11;76;0.0801;0,818956168229306
11;76;0.0901;0,851763983841764
11;76;0.0951;0,844609654020194
11;76;0.1001;0,838809501939896
11;76;0.1051;0,849159031578042
11;76;0.1101;0,713100406755312
11;76;0.1151;0,713076965395261
11;81;0.0001;0,860378615899106
11;81;0.0051;0,850535187967685
11;81;0.0151;0,873825031171434
11;81;0.0201;0,850684895495105
11;81;0.0251;0,867841676932771
11;81;0.0301;0,849546745567558
11;81;0.0351;0,850686794830172
11;81;0.0401;0,850881886761044
11;81;0.0451;0,850157432667132
11;81;0.0501;0,841025718314549
11;81;0.0601;0,849014242261114
11;81;0.0651;0,851597292092406
11;81;0.0701;0,843206829131003
11;81;0.0751;0,713076762234742
11;81;0.0801;0,850567548984342
11;81;0.0851;0,847717703887459
11;81;0.0901;0,84953876151728
11;81;0.0951;0,829480988733087
11;81;0.1051;0,851224593042044
11;81;0.1101;0,851515058399561
11;81;0.1151;0,850257055952977
11;86;0.0001;0,855191506989798
11;86;0.0051;0,883452747254883
11;86;0.0101;0,871725552950301
11;86;0.0151;0,870821081462488
11;86;0.0201;0,877423890419914
11;86;0.0301;0,850677614382961
11;86;0.0351;0,818046835442118
11;86;0.0401;0,847229464773386
11;86;0.0451;0,851367839995162
11;86;0.0501;0,850447161792601
11;86;0.0551;0,848251335515167
11;86;0.0601;0,826800227571351
11;86;0.0651;0,851794914579898
11;86;0.0751;0,849995991933097
11;86;0.0801;0,85161391891558
11;86;0.0851;0,811804496237333
11;86;0.0901;0,843434101694526
11;86;0.0951;0,851794140677445
11;86;0.1001;0,844219433047508
11;86;0.1051;0,844832444772772
11;86;0.1101;0,848029032413235
11;91;0.0001;0,855574295221538
11;91;0.0051;0,880633098782555
11;91;0.0101;0,853467285965622
11;91;0.0151;0,840551926483382
11;91;0.0201;0,882021862952549
11;91;0.0251;0,866576774890328
11;91;0.0301;0,879375596209747
11;91;0.0351;0,851151885244924
11;91;0.0451;0,849895380339646
11;91;0.0501;0,84800270368427
11;91;0.0551;0,817299848865316
11;91;0.0601;0,851205844955107
11;91;0.0651;0,838625905032968
11;91;0.0701;0,851529560809867
11;91;0.0751;0,713075042311573
11;91;0.0801;0,850670427524562
11;91;0.0901;0,801392635984697
11;91;0.0951;0,84907255570998
11;91;0.1001;0,851742187018521
11;91;0.1051;0,841880031769123
11;91;0.1101;0,713084858828284
11;91;0.1151;0,849535191550954
11;96;0.0001;0,855349153441873
11;96;0.0051;0,866546622152609
11;96;0.0151;0,848315132824251
11;96;0.0201;0,847674480580819
11;96;0.0251;0,846188938185747
11;96;0.0301;0,849791620225945
11;96;0.0351;0,876788844962233
11;96;0.0401;0,850595870163212
11;96;0.0451;0,851014294106713
11;96;0.0501;0,846524202343102
11;96;0.0601;0,836869348986752
11;96;0.0651;0,848132841219292
11;96;0.0701;0,851700361357783
11;96;0.0751;0,851241002488037
11;96;0.0801;0,845969423805011
11;96;0.0851;0,846811659956442
11;96;0.0901;0,813243601214076
11;96;0.0951;0,85052704880382
11;96;0.1051;0,851755024452687
11;96;0.1101;0,849437992000356
11;96;0.1151;0,832142334186463
11;101;0.0001;0,855296817044506
11;101;0.0051;0,870828639627508
11;101;0.0101;0,863934491305761
11;101;0.0151;0,864048287205629
11;101;0.0201;0,879507644161328
11;101;0.0301;0,850522064748567
11;101;0.0351;0,846916143800846
11;101;0.0401;0,851680423172083
11;101;0.0451;0,847763247952079
11;101;0.0501;0,851557660807945
11;101;0.0551;0,851740189796099
11;101;0.0601;0,85178702909206
11;101;0.0651;0,847674500234801
11;101;0.0751;0,851650955345836
11;101;0.0801;0,847612268058388
11;101;0.0851;0,850875579465728
11;101;0.0901;0,845226663500116
11;101;0.0951;0,837077390613412
11;101;0.1001;0,851412626958571
11;101;0.1051;0,851779571785532
11;101;0.1101;0,851254755731255
11;106;0.0001;0,855074201804834
11;106;0.0051;0,881496168539761
11;106;0.0101;0,860136731670772
11;106;0.0151;0,851035098471136
11;106;0.0201;0,880865495396477
11;106;0.0251;0,834272795301348
11;106;0.0301;0,851790120844781
11;106;0.0351;0,85125146722516
11;106;0.0451;0,851772599044702
11;106;0.0501;0,849394807559543
11;106;0.0551;0,847160673064858
11;106;0.0601;0,84905425060608
11;106;0.0651;0,851176706218273
11;106;0.0701;0,848769692731378
11;106;0.0751;0,840030670243302
11;106;0.0801;0,848999149776767
11;106;0.0901;0,713075077957747
11;106;0.0951;0,848964936693902
11;106;0.1001;0,713075045393729
11;106;0.1051;0,84853315482195
11;106;0.1101;0,713075040784642
11;106;0.1151;0,841349516265907
11;111;0.0001;0,860387941036479
11;111;0.0051;0,88366598504724
11;111;0.0151;0,884627407510166
11;111;0.0201;0,849556879470091
11;111;0.0251;0,851793602302124
11;111;0.0301;0,845148292213963
11;111;0.0351;0,851802193089384
11;111;0.0401;0,850427318752508
11;111;0.0451;0,848039007362967
11;111;0.0501;0,851103443178801
11;111;0.0601;0,851395155404652
11;111;0.0651;0,847764986830959
11;111;0.0701;0,850780588234806
11;111;0.0751;0,848924161132946
11;111;0.0801;0,850873721210307
11;111;0.0851;0,849067455589776
11;111;0.0901;0,839369842512144
11;111;0.0951;0,834122656712337
11;111;0.1051;0,851612907025757
11;111;0.1101;0,851541482619535
11;111;0.1151;0,835198499315757
11;116;0.0001;0,857544761412712
11;116;0.0051;0,850306502787727
11;116;0.0101;0,84168473289119
11;116;0.0151;0,848153431100745
11;116;0.0201;0,886002934799277
11;116;0.0301;0,851744133375302
11;116;0.0351;0,85105555174163
11;116;0.0401;0,847948586548379
11;116;0.0451;0,851603555779577
11;116;0.0501;0,840431967760974
11;116;0.0551;0,851709112405171
11;116;0.0601;0,848126093146237
11;116;0.0651;0,850466556293251
11;116;0.0751;0,850146429984996
11;116;0.0801;0,837013989133339
11;116;0.0851;0,851324464096086
11;116;0.0901;0,84672355856211
11;116;0.0951;0,85172212242975
11;116;0.1001;0,85109112521857
11;116;0.1051;0,849056137358673
11;116;0.1101;0,846284984606816
11;121;0.0001;0,855718328811076
11;121;0.0051;0,871828378620075
11;121;0.0101;0,842421216770111
11;121;0.0151;0,852144232289551
11;121;0.0201;0,842810694651456
11;121;0.0251;0,882658051656603
11;121;0.0301;0,874281463938026
11;121;0.0351;0,851801606942039
11;121;0.0451;0,838008861035086
11;121;0.0501;0,851744258411421
11;121;0.0551;0,842792597288862
11;121;0.0601;0,849775618162065
11;121;0.0651;0,851470907781595
11;121;0.0701;0,841793628644902
11;121;0.0751;0,84927494864695
11;121;0.0801;0,838526322879843
11;121;0.0901;0,826276164440747
11;121;0.0951;0,832030848595414
11;121;0.1001;0,788416309629668
11;121;0.1051;0,850739763457034
11;121;0.1101;0,832646875033229
11;121;0.1151;0,851802370888783
11;126;0.0001;0,862388832663796
11;126;0.0051;0,857861926743434
11;126;0.0151;0,847126993372115
11;126;0.0201;0,870563017578903
11;126;0.0251;0,849329972323908
11;126;0.0301;0,851438863672522
11;126;0.0351;0,850040872491719
11;126;0.0401;0,848943535571685
11;126;0.0451;0,851793096535958
11;126;0.0501;0,849544833875371
11;126;0.0601;0,84668792224997
11;126;0.0651;0,841489118212622
11;126;0.0701;0,840540196337594
11;126;0.0751;0,825134721314142
11;126;0.0801;0,829433215421906
11;126;0.0851;0,849583796422145
11;126;0.0901;0,851748446689664
11;126;0.0951;0,849919258496582
11;126;0.1051;0,851715212738403
11;126;0.1101;0,851614559524274
11;126;0.1151;0,849100351670673
11;131;0.0001;0,859675410636519
11;131;0.0051;0,869325542467442
11;131;0.0101;0,870153353151082
11;131;0.0151;0,848761352182997
11;131;0.0201;0,84604373928034
11;131;0.0301;0,851811407975954
11;131;0.0351;0,850355949346028
11;131;0.0401;0,851789651261815
11;131;0.0451;0,850672243201147
11;131;0.0501;0,851119692149869
11;131;0.0551;0,827008987431642
11;131;0.0601;0,851278812348566
11;131;0.0651;0,849072409058309
11;131;0.0751;0,851236699350732
11;131;0.0801;0,848434185389959
11;131;0.0851;0,848687974904162
11;131;0.0901;0,8507938627958
11;131;0.0951;0,850549395037168
11;131;0.1001;0,851298347217065
11;131;0.1051;0,713075498810851
11;131;0.1101;0,846099990874949
11;136;0.0001;0,862540904604845
11;136;0.0051;0,866094395551962
11;136;0.0101;0,85157523499399
11;136;0.0151;0,85106423740416
11;136;0.0201;0,875155810267442
11;136;0.0251;0,851920936933213
11;136;0.0301;0,851366528319455
11;136;0.0351;0,851788340738431
11;136;0.0451;0,848678933904691
11;136;0.0501;0,848139263002073
11;136;0.0551;0,840513969315782
11;136;0.0601;0,851245220918684
11;136;0.0651;0,833338129661544
11;136;0.0701;0,847710252482073
11;136;0.0751;0,837123342715712
11;136;0.0801;0,851568239292303
11;136;0.0901;0,847144248132906
11;136;0.0951;0,850087102190101
11;136;0.1001;0,78799653318839
11;136;0.1051;0,850963267125442
11;136;0.1101;0,836470561822086
11;136;0.1151;0,713075129244823
11;141;0.0001;0,862641180165203
11;141;0.0051;0,850027612905895
11;141;0.0151;0,867788889346829
11;141;0.0201;0,873954072320739
11;141;0.0251;0,87811085128052
11;141;0.0301;0,842496139861091
11;141;0.0351;0,845919166018481
11;141;0.0401;0,850174811836795
11;141;0.0451;0,851507165861096
11;141;0.0501;0,845220874137562
11;141;0.0601;0,845745740931843
11;141;0.0651;0,85180088927656
11;141;0.0701;0,836697034501349
11;141;0.0751;0,84624508371556
11;141;0.0801;0,840461017894851
11;141;0.0851;0,847798370786634
11;141;0.0901;0,841098362749437
11;141;0.0951;0,713075522917112
11;141;0.1051;0,851792613838786
11;141;0.1101;0,713076018067665
11;141;0.1151;0,847458845717148
11;146;0.0001;0,857038237088697
11;146;0.0051;0,849942118797994
11;146;0.0101;0,87340047158509
11;146;0.0151;0,856749533622997
11;146;0.0201;0,849269688484863
11;146;0.0301;0,849682773985131
11;146;0.0351;0,81317716807441
11;146;0.0401;0,85064948462702
11;146;0.0451;0,848796964658043
11;146;0.0501;0,851612221329924
11;146;0.0551;0,851431116496515
11;146;0.0601;0,849793250954266
11;146;0.0651;0,850343732412454
11;146;0.0751;0,848091674465521
11;146;0.0801;0,8517455622073
11;146;0.0851;0,844654313987773
11;146;0.0901;0,85030612442353
11;146;0.0951;0,851289322529972
11;146;0.1001;0,851729895514724
11;146;0.1051;0,814941456406481
11;146;0.1101;0,849646348663855
14;1;0.0001;0,573992631766332
14;1;0.0051;0,849079624541211
14;1;0.0101;0,852240148539527
14;1;0.0151;0,851005785235436
14;1;0.0201;0,753996696521421
14;1;0.0251;0,754127686752603
14;1;0.0301;0,749715842599584
14;1;0.0351;0,850287589352122
14;1;0.0451;0,831531748302858
14;1;0.0501;0,845333245636121
14;1;0.0551;0,712527115125046
14;1;0.0601;0,83044562132054
14;1;0.0651;0,807231235058966
14;1;0.0701;0,738120286006599
14;1;0.0751;0,730313580906116
14;1;0.0801;0,841895492637391
14;1;0.0901;0,712017917670454
14;1;0.0951;0,85031065501584
14;1;0.1001;0,818289600260003
14;1;0.1051;0,844684602243042
14;1;0.1101;0,850378360018424
14;1;0.1151;0,71193587180265
14;6;0.0001;0,837593860673154
14;6;0.0051;0,850694832293334
14;6;0.0151;0,851276872810639
14;6;0.0201;0,852929698003335
14;6;0.0251;0,856314396511428
14;6;0.0301;0,834628531375293
14;6;0.0351;0,844180419298855
14;6;0.0401;0,842503082170258
14;6;0.0451;0,847019521884415
14;6;0.0501;0,843231770161022
14;6;0.0601;0,848324321737415
14;6;0.0651;0,838592839566798
14;6;0.0701;0,846509003550759
14;6;0.0751;0,850749170582288
14;6;0.0801;0,836402154252999
14;6;0.0851;0,832341633894202
14;6;0.0901;0,840655002841041
14;6;0.0951;0,850317001217451
14;6;0.1051;0,71158477921321
14;6;0.1101;0,711567683892598
14;6;0.1151;0,842670376484497
14;11;0.0001;0,84358810467297
14;11;0.0051;0,851006403882418
14;11;0.0101;0,853926439974083
14;11;0.0151;0,857561734603086
14;11;0.0201;0,87158539063623
14;11;0.0301;0,826845402166984
14;11;0.0351;0,849458507361294
14;11;0.0401;0,842073581821998
14;11;0.0451;0,848324398686868
14;11;0.0501;0,830206730271195
14;11;0.0551;0,848630074350482
14;11;0.0601;0,85055592665994
14;11;0.0651;0,848557672423074
14;11;0.0751;0,840669727194291
14;11;0.0801;0,851159869136012
14;11;0.0851;0,850688122177502
14;11;0.0901;0,851319356205818
14;11;0.0951;0,824103202173182
14;11;0.1001;0,725520291477771
14;11;0.1051;0,777686868427501
14;11;0.1101;0,711528423426798
14;16;0.0001;0,848270019160005
14;16;0.0051;0,854457253410214
14;16;0.0101;0,849729841318492
14;16;0.0151;0,850937785296292
14;16;0.0201;0,8646323519274
14;16;0.0251;0,889445050224728
14;16;0.0301;0,850887802920677
14;16;0.0351;0,851058306795389
14;16;0.0451;0,851248168537645
14;16;0.0501;0,845276319476125
14;16;0.0551;0,848061554135998
14;16;0.0601;0,851293516669501
14;16;0.0651;0,837825978513212
14;16;0.0701;0,849718601014047
14;16;0.0751;0,816160040319966
14;16;0.0801;0,848197940981706
14;16;0.0901;0,711540853844557
14;16;0.0951;0,851282064496626
14;16;0.1001;0,846734691974596
14;16;0.1051;0,850687288424438
14;16;0.1101;0,849554503327629
14;16;0.1151;0,832388322321729
14;21;0.0001;0,845662279601361
14;21;0.0051;0,849924119175214
14;21;0.0151;0,864934300804454
14;21;0.0201;0,878287897874304
14;21;0.0251;0,851171867785772
14;21;0.0301;0,848253106301295
14;21;0.0351;0,846208201594462
14;21;0.0401;0,834679525397255
14;21;0.0451;0,849265003010879
14;21;0.0501;0,850955326192132
14;21;0.0601;0,82912406287249
14;21;0.0651;0,823548996037426
14;21;0.0701;0,848900319108791
14;21;0.0751;0,830164988167575
14;21;0.0801;0,84999409272243
14;21;0.0851;0,846502272828279
14;21;0.0901;0,846941992228532
14;21;0.0951;0,83297797420771
14;21;0.1051;0,849918789336626
14;21;0.1101;0,792931808900355
14;21;0.1151;0,851289748116898
14;26;0.0001;0,849819568078053
14;26;0.0051;0,87178722490075
14;26;0.0101;0,867422890589956
14;26;0.0151;0,892134626835381
14;26;0.0201;0,880800035989079
14;26;0.0301;0,84980355411302
14;26;0.0351;0,851318988751322
14;26;0.0401;0,851315056758022
14;26;0.0451;0,845605908298967
14;26;0.0501;0,835542380162156
14;26;0.0551;0,846753707291358
14;26;0.0601;0,844252748482175
14;26;0.0651;0,851255451973882
14;26;0.0751;0,844959148199309
14;26;0.0801;0,849494123918953
14;26;0.0851;0,845757486015563
14;26;0.0901;0,84893936345386
14;26;0.0951;0,850966439364712
14;26;0.1001;0,844343453347634
14;26;0.1051;0,83089443458835
14;26;0.1101;0,846935826211004
14;31;0.0001;0,854733932584222
14;31;0.0051;0,858937100706374
14;31;0.0101;0,863399343055004
14;31;0.0151;0,873682470544896
14;31;0.0201;0,850301310900135
14;31;0.0251;0,851292414156384
14;31;0.0301;0,848261305103351
14;31;0.0351;0,849144950889679
14;31;0.0451;0,842035222962229
14;31;0.0501;0,849334465438965
14;31;0.0551;0,843582356887126
14;31;0.0601;0,845188039993216
14;31;0.0651;0,71154792856587
14;31;0.0701;0,846751071730576
14;31;0.0751;0,851238844782109
14;31;0.0801;0,838837745780376
14;31;0.0901;0,79766501344279
14;31;0.0951;0,845821485970757
14;31;0.1001;0,711537493699281
14;31;0.1051;0,711529127975297
14;31;0.1101;0,851318490244097
14;31;0.1151;0,711527844931078
14;36;0.0001;0,856840603236661
14;36;0.0051;0,868452325489588
14;36;0.0151;0,883893320066516
14;36;0.0201;0,850613158724731
14;36;0.0251;0,850524663550755
14;36;0.0301;0,851312848704143
14;36;0.0351;0,848317295508194
14;36;0.0401;0,851074566315602
14;36;0.0451;0,847452137233918
14;36;0.0501;0,845194967838235
14;36;0.0601;0,820299189666972
14;36;0.0651;0,84562602167484
14;36;0.0701;0,849086031697412
14;36;0.0751;0,833034690815784
14;36;0.0801;0,849059447351126
14;36;0.0851;0,839761951660715
14;36;0.0901;0,828111641708471
14;36;0.0951;0,851212829372315
14;36;0.1051;0,834665317568521
14;36;0.1101;0,842255843269505
14;36;0.1151;0,851287283341218
14;41;0.0001;0,856025836718617
14;41;0.0051;0,851336110199563
14;41;0.0101;0,872427914450291
14;41;0.0151;0,850664235230309
14;41;0.0201;0,873870793257135
14;41;0.0301;0,847406526554582
14;41;0.0351;0,850867338952582
14;41;0.0401;0,84441791580746
14;41;0.0451;0,850274197632104
14;41;0.0501;0,826424415196147
14;41;0.0551;0,840688246053704
14;41;0.0601;0,806296176326828
14;41;0.0651;0,828643082509348
14;41;0.0751;0,850918786099154
14;41;0.0801;0,844190376672805
14;41;0.0851;0,848010306133118
14;41;0.0901;0,850299035050615
14;41;0.0951;0,711525572294045
14;41;0.1001;0,851239977870588
14;41;0.1051;0,850374805390073
14;41;0.1101;0,851265678222609
14;46;0.0001;0,855403152477684
14;46;0.0051;0,881038619639092
14;46;0.0101;0,873006458034087
14;46;0.0151;0,869442362761705
14;46;0.0201;0,888217522247109
14;46;0.0251;0,836784790870125
14;46;0.0301;0,851031350592536
14;46;0.0351;0,851318285161517
14;46;0.0451;0,843168716806783
14;46;0.0501;0,850067975772329
14;46;0.0551;0,849976499072237
14;46;0.0601;0,849961931764223
14;46;0.0651;0,765819124409699
14;46;0.0701;0,851214797416538
14;46;0.0751;0,843573461791048
14;46;0.0801;0,851041259106111
14;46;0.0901;0,827224828983002
14;46;0.0951;0,850619565564349
14;46;0.1001;0,841477189718822
14;46;0.1051;0,800287573518669
14;46;0.1101;0,711527467425873
14;46;0.1151;0,711526188296651
14;51;0.0001;0,856948904501323
14;51;0.0051;0,887929206446698
14;51;0.0151;0,872250918561796
14;51;0.0201;0,851093914045447
14;51;0.0251;0,881144663507211
14;51;0.0301;0,848589620867348
14;51;0.0351;0,850127307846579
14;51;0.0401;0,850953789921081
14;51;0.0451;0,846300743399774
14;51;0.0501;0,846229138894334
14;51;0.0601;0,850973321586585
14;51;0.0651;0,849898260009521
14;51;0.0701;0,851189558445551
14;51;0.0751;0,846633575775704
14;51;0.0801;0,833289900707602
14;51;0.0851;0,839546254053169
14;51;0.0901;0,850127889203663
14;51;0.0951;0,849474920035382
14;51;0.1051;0,711526413875513
14;51;0.1101;0,844845045882468
14;51;0.1151;0,711649009958789
14;56;0.0001;0,85659900918806
14;56;0.0051;0,889222082381448
14;56;0.0101;0,89869968410099
14;56;0.0151;0,878186452352434
14;56;0.0201;0,883831114748258
14;56;0.0301;0,843308177423918
14;56;0.0351;0,851313696793386
14;56;0.0401;0,842305397657172
14;56;0.0451;0,848314807160981
14;56;0.0501;0,82670440026372
14;56;0.0551;0,808392064170599
14;56;0.0601;0,849161572858459
14;56;0.0651;0,851207181527051
14;56;0.0751;0,831309715395597
14;56;0.0801;0,842269609568496
14;56;0.0851;0,851073337415302
14;56;0.0901;0,850896221173176
14;56;0.0951;0,849817940378617
14;56;0.1001;0,847927113393098
14;56;0.1051;0,849563972808353
14;56;0.1101;0,850610139507298
14;61;0.0001;0,856669263308987
14;61;0.0051;0,850306614529584
14;61;0.0101;0,883215945906416
14;61;0.0151;0,837704812196352
14;61;0.0201;0,850259141995029
14;61;0.0251;0,848994562105665
14;61;0.0301;0,848139673008686
14;61;0.0351;0,850366689146994
14;61;0.0451;0,845932618248338
14;61;0.0501;0,851210133923548
14;61;0.0551;0,847369679736661
14;61;0.0601;0,848176126387975
14;61;0.0651;0,850864878229326
14;61;0.0701;0,849687981380926
14;61;0.0751;0,845585877499594
14;61;0.0801;0,827807460874369
14;61;0.0901;0,84870677241645
14;61;0.0951;0,847275787641191
14;61;0.1001;0,818620817765339
14;61;0.1051;0,848073252807089
14;61;0.1101;0,847642385875344
14;61;0.1151;0,839890179653817
14;66;0.0001;0,856226631866577
14;66;0.0051;0,864434190065766
14;66;0.0151;0,850453870500479
14;66;0.0201;0,893777686561786
14;66;0.0251;0,851154812784271
14;66;0.0301;0,845888442465434
14;66;0.0351;0,848759416137683
14;66;0.0401;0,85130992633768
14;66;0.0451;0,848432441861668
14;66;0.0501;0,846214704316728
14;66;0.0601;0,840685451503268
14;66;0.0651;0,840721490450285
14;66;0.0701;0,85052209847184
14;66;0.0751;0,850823499743415
14;66;0.0801;0,851319048633264
14;66;0.0851;0,851279040061512
14;66;0.0901;0,839428812926115
14;66;0.0951;0,711525575964552
14;66;0.1051;0,838253760240084
14;66;0.1101;0,711527079280052
14;66;0.1151;0,850970666751716
14;71;0.0001;0,857437255976085
14;71;0.0051;0,873354283515517
14;71;0.0101;0,878368299463141
14;71;0.0151;0,846531952801396
14;71;0.0201;0,822405098308212
14;71;0.0301;0,843355732380674
14;71;0.0351;0,851054849848336
14;71;0.0401;0,849383466005739
14;71;0.0451;0,833625807398455
14;71;0.0501;0,851261397225057
14;71;0.0551;0,851312575340093
14;71;0.0601;0,847996357302377
14;71;0.0651;0,839170250722128
14;71;0.0751;0,844239128277368
14;71;0.0801;0,848513597429278
14;71;0.0851;0,827569818827495
14;71;0.0901;0,849810104310542
14;71;0.0951;0,850913913018791
14;71;0.1001;0,755618783394334
14;71;0.1051;0,851233103534473
14;71;0.1101;0,842481172508477
14;76;0.0001;0,857606389855033
14;76;0.0051;0,885383359589589
14;76;0.0101;0,886473852391717
14;76;0.0151;0,834105014880773
14;76;0.0201;0,851257170271353
14;76;0.0251;0,849503953453622
14;76;0.0301;0,840944618894848
14;76;0.0351;0,851104225249077
14;76;0.0451;0,851294013455608
14;76;0.0501;0,850337784186975
14;76;0.0551;0,849640632072437
14;76;0.0601;0,841607935766379
14;76;0.0651;0,815930084962597
14;76;0.0701;0,850371848503904
14;76;0.0751;0,825413563324489
14;76;0.0801;0,851166613748315
14;76;0.0901;0,840603065641973
14;76;0.0951;0,842224930393048
14;76;0.1001;0,848852012165328
14;76;0.1051;0,851312818671932
14;76;0.1101;0,759642053615112
14;76;0.1151;0,810961780166246
14;81;0.0001;0,857572184979026
14;81;0.0051;0,885871966443602
14;81;0.0151;0,851274128601095
14;81;0.0201;0,854614857143497
14;81;0.0251;0,811933552002342
14;81;0.0301;0,865471287149949
14;81;0.0351;0,850800070123637
14;81;0.0401;0,839866090829173
14;81;0.0451;0,823354842542339
14;81;0.0501;0,848136004606519
14;81;0.0601;0,850516826253312
14;81;0.0651;0,830427015731809
14;81;0.0701;0,839532350411003
14;81;0.0751;0,848562233607621
14;81;0.0801;0,850190881481232
14;81;0.0851;0,850785908595089
14;81;0.0901;0,849789474379135
14;81;0.0951;0,848646753986763
14;81;0.1051;0,711525615859413
14;81;0.1101;0,851286046629913
14;81;0.1151;0,843614545513067
14;86;0.0001;0,856782195810814
14;86;0.0051;0,897065188063836
14;86;0.0101;0,870407656252368
14;86;0.0151;0,862166913850022
14;86;0.0201;0,858931170157748
14;86;0.0301;0,851175277086585
14;86;0.0351;0,83560784478705
14;86;0.0401;0,837335554344321
14;86;0.0451;0,849225589276698
14;86;0.0501;0,846436117934536
14;86;0.0551;0,825095338364191
14;86;0.0601;0,844969556577069
14;86;0.0651;0,850351721539516
14;86;0.0751;0,851114453659106
14;86;0.0801;0,845993286043
14;86;0.0851;0,848899450006709
14;86;0.0901;0,847408421159133
14;86;0.0951;0,711526284316469
14;86;0.1001;0,839714820850768
14;86;0.1051;0,849797606115887
14;86;0.1101;0,839964852356204
14;91;0.0001;0,858413368558507
14;91;0.0051;0,889071306420533
14;91;0.0101;0,882194878028222
14;91;0.0151;0,885053535776516
14;91;0.0201;0,880578651910431
14;91;0.0251;0,846054055273198
14;91;0.0301;0,837441040516343
14;91;0.0351;0,850867136844394
14;91;0.0451;0,850874059227556
14;91;0.0501;0,851027327929943
14;91;0.0551;0,837902517070621
14;91;0.0601;0,850700941904235
14;91;0.0651;0,850138221564537
14;91;0.0701;0,851178220464148
14;91;0.0751;0,849751039273255
14;91;0.0801;0,841991063686527
14;91;0.0901;0,842774134032697
14;91;0.0951;0,849095297851314
14;91;0.1001;0,802931060005254
14;91;0.1051;0,849224365232529
14;91;0.1101;0,849754592171962
14;91;0.1151;0,711525666104534
14;96;0.0001;0,856787872387168
14;96;0.0051;0,874810811602534
14;96;0.0151;0,846233754977925
14;96;0.0201;0,851036598145098
14;96;0.0251;0,88084830836103
14;96;0.0301;0,850169735719563
14;96;0.0351;0,83598286137247
14;96;0.0401;0,851281329231841
14;96;0.0451;0,850075089830222
14;96;0.0501;0,850830026543762
14;96;0.0601;0,848825222173617
14;96;0.0651;0,848867847354179
14;96;0.0701;0,850911699693962
14;96;0.0751;0,837049778002564
14;96;0.0801;0,850209818567584
14;96;0.0851;0,844859262587099
14;96;0.0901;0,806692753818158
14;96;0.0951;0,711525572711854
14;96;0.1051;0,847082132450859
14;96;0.1101;0,839987520186075
14;96;0.1151;0,832385746562244
14;101;0.0001;0,856647935946125
14;101;0.0051;0,877252118984552
14;101;0.0101;0,880880169698832
14;101;0.0151;0,850833602984785
14;101;0.0201;0,886260929277172
14;101;0.0301;0,848562734271347
14;101;0.0351;0,850296299093261
14;101;0.0401;0,847767566948677
14;101;0.0451;0,848209699878816
14;101;0.0501;0,850792255757622
14;101;0.0551;0,851229392838184
14;101;0.0601;0,847822562252205
14;101;0.0651;0,850954319011083
14;101;0.0751;0,843137260982557
14;101;0.0801;0,850447921203091
14;101;0.0851;0,850198087588001
14;101;0.0901;0,839364043831726
14;101;0.0951;0,841417735154796
14;101;0.1001;0,711525572285182
14;101;0.1051;0,848562492083345
14;101;0.1101;0,711525707844665
14;106;0.0001;0,85726922407696
14;106;0.0051;0,893471770427777
14;106;0.0101;0,87843378082619
14;106;0.0151;0,870122069012232
14;106;0.0201;0,887615458980297
14;106;0.0251;0,848202922019412
14;106;0.0301;0,843661334035347
14;106;0.0351;0,843497800187601
14;106;0.0451;0,847505098572234
14;106;0.0501;0,829229319676754
14;106;0.0551;0,848949853365131
14;106;0.0601;0,84677699234145
14;106;0.0651;0,840142651795933
14;106;0.0701;0,831922686815374
14;106;0.0751;0,850626011802849
14;106;0.0801;0,851236595788864
14;106;0.0901;0,844769173418107
14;106;0.0951;0,814727190566748
14;106;0.1001;0,842626315832628
14;106;0.1051;0,8124315464613
14;106;0.1101;0,747273488376721
14;106;0.1151;0,841508609999301
14;111;0.0001;0,855799613243324
14;111;0.0051;0,890104487625187
14;111;0.0151;0,851165809198934
14;111;0.0201;0,849003947893582
14;111;0.0251;0,850913250325101
14;111;0.0301;0,851091690839018
14;111;0.0351;0,842788793663556
14;111;0.0401;0,848010570785311
14;111;0.0451;0,846833225383055
14;111;0.0501;0,850303100635269
14;111;0.0601;0,83724234434944
14;111;0.0651;0,850987704990978
14;111;0.0701;0,843094912917362
14;111;0.0751;0,851229891800845
14;111;0.0801;0,851228661108018
14;111;0.0851;0,85113471739023
14;111;0.0901;0,813316787601741
14;111;0.0951;0,848100583433349
14;111;0.1051;0,851169716025
14;111;0.1101;0,803652088464787
14;111;0.1151;0,84752220236711
14;116;0.0001;0,85588439679677
14;116;0.0051;0,882686697876293
14;116;0.0101;0,870107008577824
14;116;0.0151;0,850435756054657
14;116;0.0201;0,893682299358885
14;116;0.0301;0,851001266544167
14;116;0.0351;0,850261359423771
14;116;0.0401;0,840434528325758
14;116;0.0451;0,84857338532304
14;116;0.0501;0,851299131662445
14;116;0.0551;0,798624240215288
14;116;0.0601;0,844378568818649
14;116;0.0651;0,817558412182211
14;116;0.0751;0,83928998657507
14;116;0.0801;0,850180257207244
14;116;0.0851;0,850858982125296
14;116;0.0901;0,846612843771997
14;116;0.0951;0,831334117798976
14;116;0.1001;0,85123360971264
14;116;0.1051;0,829980326865079
14;116;0.1101;0,711525585849715
14;121;0.0001;0,857280191921928
14;121;0.0051;0,883769123878095
14;121;0.0101;0,887940612814589
14;121;0.0151;0,863447517174033
14;121;0.0201;0,87769444912389
14;121;0.0251;0,849903539136386
14;121;0.0301;0,843596081649779
14;121;0.0351;0,834761709262601
14;121;0.0451;0,849512890218218
14;121;0.0501;0,851316675283621
14;121;0.0551;0,85125801315856
14;121;0.0601;0,846064468900779
14;121;0.0651;0,849683824005063
14;121;0.0701;0,829391751533217
14;121;0.0751;0,849662480280914
14;121;0.0801;0,845355246767127
14;121;0.0901;0,828059868208227
14;121;0.0951;0,833062537221406
14;121;0.1001;0,83786681127461
14;121;0.1051;0,849186679480398
14;121;0.1101;0,85028617091912
14;121;0.1151;0,850963531980913
14;126;0.0001;0,856620949317833
14;126;0.0051;0,877648572819698
14;126;0.0151;0,877375531084751
14;126;0.0201;0,850040904796171
14;126;0.0251;0,848626924631437
14;126;0.0301;0,843874915261963
14;126;0.0351;0,850387214034514
14;126;0.0401;0,818243964817722
14;126;0.0451;0,8399292381686
14;126;0.0501;0,847003353253842
14;126;0.0601;0,847902404121484
14;126;0.0651;0,832658774625643
14;126;0.0701;0,820374083972227
14;126;0.0751;0,849913227650104
14;126;0.0801;0,846525170234074
14;126;0.0851;0,840573380283693
14;126;0.0901;0,851193283273731
14;126;0.0951;0,846679692774047
14;126;0.1051;0,844421236229806
14;126;0.1101;0,851202349245307
14;126;0.1151;0,850727959597665
14;131;0.0001;0,858025343128443
14;131;0.0051;0,863420378684177
14;131;0.0101;0,850307636041981
14;131;0.0151;0,850954407607234
14;131;0.0201;0,843295119516947
14;131;0.0301;0,847800343009669
14;131;0.0351;0,849955344225302
14;131;0.0401;0,849124928139986
14;131;0.0451;0,816001805352889
14;131;0.0501;0,850890622004353
14;131;0.0551;0,84429163611267
14;131;0.0601;0,851072935261913
14;131;0.0651;0,850564071739252
