<bid_top>;<bid_quantity>;<bid_amount>;<ask_top>;<ask_quantity>;<ask_amount>
0.3388174;0.9792237;0.97712432;0.39103754;0;0
0.3388174;0.9747281;0.97244866;0.34602018;0.99842822;0.99703031
0.3388174;0.97970072;0.97757811;0.34581555;0.99655908;0.99526603
0.32822985;0.97995229;0.9777949;0.28391665;0.98469306;0.98425402
0.32822985;0.97898012;0.97675483;0.28391665;0.9848575;0.98441485
0.32822985;0.97877621;0.97654943;0.28391665;0.98557364;0.98508295
0.32822985;0.979032;0.97696628;0.28391665;0.98557364;0.98539737
0.32822992;0.9791738;0.97716638;0.28391665;0.98571659;0.98511326
0.32823185;0.97879787;0.9767696;0.28391665;0.98571659;0.98511326
0.33614913;0.97911772;0.9771069;0.28391665;0.98571659;0.98511326
0.33614509;0.97826147;0.97620274;0.28391665;0.98571438;0.98511119
0.33614662;0.98913038;0.98770822;0.28391665;0.98178464;0.98146559
0.33614892;0.979975;0.97807336;0.28391665;0.98555965;0.98260241
0.33615065;0.97856249;0.97662688;0.28391665;0.98541207;0.98235163
0.33614574;0.97921923;0.97731602;0.30811437;0.98513072;0.98210116
0.35541747;0.97898425;0.97707021;0.31092457;0.98479129;0.98178856
0.35632305;0.97319961;0.971071;0.31541312;0.9850684;0.98237149
0.37349782;0.97839934;0.97656889;0.31541312;0.98503003;0.98232887
0.41533311;0.97623491;0.97437012;0.36114018;0.98500792;0.98218488
0.41533451;0.97544414;0.97349599;0.36114018;0.98729304;0.9843226
0.41533451;0.97549329;0.97357304;0.36114018;0.98726289;0.98443771
0.41533451;0.97662651;0.97476352;0.36114018;0.98789325;0.98502553
0.41533451;0.98155012;0.97997865;0.36212988;0.98781377;0.98495361
0.41533451;0.98134757;0.97976507;0.36212988;0.98790969;0.98504214
0.41533451;0.98058758;0.97896341;0.36212988;0.98782954;0.98496628
0.41533452;0.98150026;0.97992351;0.36212988;0.98820228;0.98531513
0.41533453;0.97587275;0.97397317;0.36212988;0.98821587;0.98532665
0.44285844;0.98159088;0.98000998;0.36212988;0.988419;0.98549345
0.44285844;0.9816751;0.98009906;0.36212988;0.98867937;0.98574129
0.50571428;0.97812181;0.97635374;0.5943491;0.98720616;0.98438695
0.59440445;0.97831031;0.97654406;0.66871969;0.98764481;0.98480076
0.53663246;0.97680126;0.97493636;0.51345694;0.98726227;0.984281
0.52253643;0.97929308;0.97757125;0.51345694;0.98657436;0.98364513
0.52024858;0.9807157;0.97907141;0.46175359;0.98794745;0.9848991
0.52025158;0.98127337;0.97966077;0.46175359;0.98757472;0.98456119
0.52025454;0.96883948;0.96647764;0.46175359;0.98712954;0.98413496
0.48797145;0.98069164;0.97900453;0.40050726;0.98774652;0.9847109
0.4879705;0.9803793;0.97867449;0.40050726;0.98768507;0.98465386
0.48814112;0.97997751;0.97825875;0.40050726;0.98857714;0.98597507
0.4879705;0.98035918;0.97864352;0.41762739;0.98651681;0.98405123
0.4879705;0.98009402;0.97836976;0.43336407;0.98823495;0.98563858
0.4879705;0.97995374;0.97808748;0.45031127;0.98789302;0.98507016
0.4879705;0.98423932;0.98258796;0.45290523;0.98819102;0.98534732
0.50025754;0.98517631;0.98357791;0.4383815;0.98780745;0.98498701
0.48205592;0.98499636;0.98338147;0.39515894;0.9886358;0.98575265
0.48223445;0.98426024;0.9826017;0.48572254;0.98746944;0.9846768
0.46490429;0.98419597;0.98253677;0.42111948;0.98744203;0.98466699
0.4191928;0.98339324;0.98167772;0.38617972;0.9869134;0.98416664
0.41919047;0.98391923;0.98223319;0.39496345;0.98855201;0.98570795
0.49407907;0.98625994;0.98471518;0.42072907;0.98962087;0.98669951
0.45927836;0.98554672;0.9839554;0.29908394;0.98948384;0.98656904
0.48031558;0.99090867;0.98966437;0.28265834;0.98783941;0.98515903
0.48031558;0.99442155;0.99338323;0.28265834;0.98323351;0.98087684
0.48031558;0.9943508;0.99330871;0.28265834;0.98348996;0.98112438
0.48031558;0.99439218;0.99335126;0.28265834;0.98348379;0.98111817
0.48031558;0.99401486;0.99293505;0.28265834;0.98348436;0.98095854
0.48031557;0.98718639;0.98571391;0.26544062;0.98037615;0.97807206
0.48031557;0.99275632;0.99135485;0.2654379;0.98186234;0.97943957
0.48031495;0.98787679;0.98641074;0.26543308;0.98412888;0.98154929
0.34359323;0.98232474;0.9805149;0.26542871;1;1
0.39647251;0.99229032;0.99106074;0.49608791;0.99844049;0.99853259
0.39647251;0.99243766;0.9912186;0.54780657;0.99143083;0.99200335
0.39222756;0.99218447;0.99094564;0.38722015;0.99828851;0.99837614
0.38842872;0.98741871;0.98591441;0.44902394;0.96687282;0.96911259
0.37163324;0.98687707;0.98536428;0.3735147;0.9678863;0.97006422
0.36176923;0.71996416;0.7022672;0.3543788;0.96813074;0.97029304
0.36177179;0.38011467;0.36872774;0.3543788;0.96473371;0.96712227
0.36177677;0.95774075;0.93625273;0.3543788;0.96818964;0.97034941
0.5763781;0.72103926;0.70577995;0.81105451;0.96680594;0.96908747
0.38842872;0.68967977;0.67376461;0.57004559;0.96647731;0.96878069
0.4150882;0.72702153;0.735771;0.57004559;0.96682767;0.96908858
0.4150882;0.74969408;0.75785527;0.56254638;0.9672921;0.96951566
0.4150882;0.7778974;0.77921157;0.57004559;0.97796806;0.98173645
0.44174769;0.76889825;0.77434248;0.57004559;0.97815003;0.98199196
0.44174769;0.68194099;0.68940715;0.56590809;0.97815817;0.98197859
0.41509154;0.75640087;0.76255558;0.56590809;0.9773977;0.9812721
0.44174769;0;0;0.58057097;0.97806053;0.98188911
0.52981818;0.9858028;0.9849588;0.58097171;0.97790708;0.98174394
0.60254545;0.99184452;0.99140285;0.59879503;0.97813115;0.98196636
0.60254545;0.99161277;0.99112124;0.61647851;1;1
0.60254545;0.02564396;0.01843277;0.6416773;0.94732147;0.95008622
0.56618185;0.98457138;0.98357527;0.6942364;0.94726361;0.95002272
0.67084913;0.97802411;0.97678705;0.70284497;0.91577712;0.92070406
0.63239252;0.98815726;0.9874001;0.61153995;0.94829745;0.95100413
0.74493808;0.98988727;0.98958819;0.70284497;0.94731084;0.95012549
0.74493808;0.98884519;0.98852541;0.70284497;0.94703723;0.95342147
0.97975552;0.98093384;0.98056877;0.96333388;0.95986355;0.96538726
1;0.98701578;0.98705521;1;0.95370983;0.95967316
1;0.98188984;0.9816074;1;0.95456299;0.96046887
0.89158345;0.98948457;0.9896394;0.96941707;0.94802189;0.95436966
1;0.99158752;0.9918847;0.99818055;0.95540873;0.96127003
1;0.98478653;0.98640438;0.99731578;0.948439;0.95477008
0.72392759;0.99270785;0.99485663;0.96673336;0.94831653;0.95464324
0.8340246;0.99179911;0.99390795;1;0.954663;0.96056595
0.77869924;0.98829117;0.98946447;0.99915849;0.95446574;0.96054074
0.51507466;0.99464557;0.99621974;0.58597475;0.95336568;0.95949031
0.46181205;0.98974299;0.98948469;0.54502104;0.94693768;0.95349808
0.46181112;0.98927408;0.9889763;0.54502104;0.94670097;0.95326259
1;0.99040744;0.9947463;1;1;1
1;0.99875102;1;0.95301053;0.99396975;0.99381129

[[[0.3388174  0.9792237  0.97712432 0.39103754 0.         0.        ]
  [0.3388174  0.9747281  0.97244866 0.34602018 0.99842822 0.99703031]
  [0.3388174  0.97970072 0.97757811 0.34581555 0.99655908 0.99526603]
  [0.32822985 0.97995229 0.9777949  0.28391665 0.98469306 0.98425402]
  [0.32822985 0.97898012 0.97675483 0.28391665 0.9848575  0.98441485]
  [0.32822985 0.97877621 0.97654943 0.28391665 0.98557364 0.98508295]
  [0.32822985 0.979032   0.97696628 0.28391665 0.98557364 0.98539737]
  [0.32822992 0.9791738  0.97716638 0.28391665 0.98571659 0.98511326]
  [0.32823185 0.97879787 0.9767696  0.28391665 0.98571659 0.98511326]
  [0.33614913 0.97911772 0.9771069  0.28391665 0.98571659 0.98511326]
  [0.33614509 0.97826147 0.97620274 0.28391665 0.98571438 0.98511119]
  [0.33614662 0.98913038 0.98770822 0.28391665 0.98178464 0.98146559]
  [0.33614892 0.979975   0.97807336 0.28391665 0.98555965 0.98260241]
  [0.33615065 0.97856249 0.97662688 0.28391665 0.98541207 0.98235163]
  [0.33614574 0.97921923 0.97731602 0.30811437 0.98513072 0.98210116]
  [0.35541747 0.97898425 0.97707021 0.31092457 0.98479129 0.98178856]
  [0.35632305 0.97319961 0.971071   0.31541312 0.9850684  0.98237149]
  [0.37349782 0.97839934 0.97656889 0.31541312 0.98503003 0.98232887]
  [0.41533311 0.97623491 0.97437012 0.36114018 0.98500792 0.98218488]
  [0.41533451 0.97544414 0.97349599 0.36114018 0.98729304 0.9843226 ]
  [0.41533451 0.97549329 0.97357304 0.36114018 0.98726289 0.98443771]
  [0.41533451 0.97662651 0.97476352 0.36114018 0.98789325 0.98502553]
  [0.41533451 0.98155012 0.97997865 0.36212988 0.98781377 0.98495361]
  [0.41533451 0.98134757 0.97976507 0.36212988 0.98790969 0.98504214]
  [0.41533451 0.98058758 0.97896341 0.36212988 0.98782954 0.98496628]
  [0.41533452 0.98150026 0.97992351 0.36212988 0.98820228 0.98531513]
  [0.41533453 0.97587275 0.97397317 0.36212988 0.98821587 0.98532665]
  [0.44285844 0.98159088 0.98000998 0.36212988 0.988419   0.98549345]
  [0.44285844 0.9816751  0.98009906 0.36212988 0.98867937 0.98574129]
  [0.50571428 0.97812181 0.97635374 0.5943491  0.98720616 0.98438695]
  [0.59440445 0.97831031 0.97654406 0.66871969 0.98764481 0.98480076]
  [0.53663246 0.97680126 0.97493636 0.51345694 0.98726227 0.984281  ]
  [0.52253643 0.97929308 0.97757125 0.51345694 0.98657436 0.98364513]
  [0.52024858 0.9807157  0.97907141 0.46175359 0.98794745 0.9848991 ]
  [0.52025158 0.98127337 0.97966077 0.46175359 0.98757472 0.98456119]
  [0.52025454 0.96883948 0.96647764 0.46175359 0.98712954 0.98413496]
  [0.48797145 0.98069164 0.97900453 0.40050726 0.98774652 0.9847109 ]
  [0.4879705  0.9803793  0.97867449 0.40050726 0.98768507 0.98465386]
  [0.48814112 0.97997751 0.97825875 0.40050726 0.98857714 0.98597507]
  [0.4879705  0.98035918 0.97864352 0.41762739 0.98651681 0.98405123]
  [0.4879705  0.98009402 0.97836976 0.43336407 0.98823495 0.98563858]
  [0.4879705  0.97995374 0.97808748 0.45031127 0.98789302 0.98507016]
  [0.4879705  0.98423932 0.98258796 0.45290523 0.98819102 0.98534732]
  [0.50025754 0.98517631 0.98357791 0.4383815  0.98780745 0.98498701]
  [0.48205592 0.98499636 0.98338147 0.39515894 0.9886358  0.98575265]
  [0.48223445 0.98426024 0.9826017  0.48572254 0.98746944 0.9846768 ]
  [0.46490429 0.98419597 0.98253677 0.42111948 0.98744203 0.98466699]
  [0.4191928  0.98339324 0.98167772 0.38617972 0.9869134  0.98416664]
  [0.41919047 0.98391923 0.98223319 0.39496345 0.98855201 0.98570795]
  [0.49407907 0.98625994 0.98471518 0.42072907 0.98962087 0.98669951]
  [0.45927836 0.98554672 0.9839554  0.29908394 0.98948384 0.98656904]
  [0.48031558 0.99090867 0.98966437 0.28265834 0.98783941 0.98515903]
  [0.48031558 0.99442155 0.99338323 0.28265834 0.98323351 0.98087684]
  [0.48031558 0.9943508  0.99330871 0.28265834 0.98348996 0.98112438]
  [0.48031558 0.99439218 0.99335126 0.28265834 0.98348379 0.98111817]
  [0.48031558 0.99401486 0.99293505 0.28265834 0.98348436 0.98095854]
  [0.48031557 0.98718639 0.98571391 0.26544062 0.98037615 0.97807206]
  [0.48031557 0.99275632 0.99135485 0.2654379  0.98186234 0.97943957]
  [0.48031495 0.98787679 0.98641074 0.26543308 0.98412888 0.98154929]
  [0.34359323 0.98232474 0.9805149  0.26542871 1.         1.        ]
  [0.39647251 0.99229032 0.99106074 0.49608791 0.99844049 0.99853259]
  [0.39647251 0.99243766 0.9912186  0.54780657 0.99143083 0.99200335]
  [0.39222756 0.99218447 0.99094564 0.38722015 0.99828851 0.99837614]
  [0.38842872 0.98741871 0.98591441 0.44902394 0.96687282 0.96911259]
  [0.37163324 0.98687707 0.98536428 0.3735147  0.9678863  0.97006422]
  [0.36176923 0.71996416 0.7022672  0.3543788  0.96813074 0.97029304]
  [0.36177179 0.38011467 0.36872774 0.3543788  0.96473371 0.96712227]
  [0.36177677 0.95774075 0.93625273 0.3543788  0.96818964 0.97034941]
  [0.5763781  0.72103926 0.70577995 0.81105451 0.96680594 0.96908747]
  [0.38842872 0.68967977 0.67376461 0.57004559 0.96647731 0.96878069]
  [0.4150882  0.72702153 0.735771   0.57004559 0.96682767 0.96908858]
  [0.4150882  0.74969408 0.75785527 0.56254638 0.9672921  0.96951566]
  [0.4150882  0.7778974  0.77921157 0.57004559 0.97796806 0.98173645]
  [0.44174769 0.76889825 0.77434248 0.57004559 0.97815003 0.98199196]
  [0.44174769 0.68194099 0.68940715 0.56590809 0.97815817 0.98197859]
  [0.41509154 0.75640087 0.76255558 0.56590809 0.9773977  0.9812721 ]
  [0.44174769 0.         0.         0.58057097 0.97806053 0.98188911]
  [0.52981818 0.9858028  0.9849588  0.58097171 0.97790708 0.98174394]
  [0.60254545 0.99184452 0.99140285 0.59879503 0.97813115 0.98196636]
  [0.60254545 0.99161277 0.99112124 0.61647851 1.         1.        ]
  [0.60254545 0.02564396 0.01843277 0.6416773  0.94732147 0.95008622]
  [0.56618185 0.98457138 0.98357527 0.6942364  0.94726361 0.95002272]
  [0.67084913 0.97802411 0.97678705 0.70284497 0.91577712 0.92070406]
  [0.63239252 0.98815726 0.9874001  0.61153995 0.94829745 0.95100413]
  [0.74493808 0.98988727 0.98958819 0.70284497 0.94731084 0.95012549]
  [0.74493808 0.98884519 0.98852541 0.70284497 0.94703723 0.95342147]
  [0.97975552 0.98093384 0.98056877 0.96333388 0.95986355 0.96538726]
  [1.         0.98701578 0.98705521 1.         0.95370983 0.95967316]
  [1.         0.98188984 0.9816074  1.         0.95456299 0.96046887]
  [0.89158345 0.98948457 0.9896394  0.96941707 0.94802189 0.95436966]
  [1.         0.99158752 0.9918847  0.99818055 0.95540873 0.96127003]
  [1.         0.98478653 0.98640438 0.99731578 0.948439   0.95477008]
  [0.72392759 0.99270785 0.99485663 0.96673336 0.94831653 0.95464324]
  [0.8340246  0.99179911 0.99390795 1.         0.954663   0.96056595]
  [0.77869924 0.98829117 0.98946447 0.99915849 0.95446574 0.96054074]
  [0.51507466 0.99464557 0.99621974 0.58597475 0.95336568 0.95949031]
  [0.46181205 0.98974299 0.98948469 0.54502104 0.94693768 0.95349808]
  [0.46181112 0.98927408 0.9889763  0.54502104 0.94670097 0.95326259]
  [1.         0.99040744 0.9947463  1.         1.         1.        ]
  [1.         0.99875102 1.         0.95301053 0.99396975 0.99381129]]]
