<OPEN>;<HIGH>;<LOW>;<CLOSE>;(predicted -> )<LOW>
0.486199;0.579299;0.5838;0.545;0.526936
0.5638;0.405;0.286;0.253;0.766174
0.241;0.35;0.501999;0.542899;0.187598
0.554;0.425999;0.614;0.520099;0.414885
0.460799;0.5261;0.340999;0.4777;0.500653
0.5302;0.5249;0.555;0.5413;0.516266
0.552;0.59;0.430999;0.298999;0.753579
0.341;0.355999;0.423;0.592799;0.38131
0.543999;0.5228;0.525999;0.415399;0.571887
0.402;0.397199;0.5681;0.5998;0.361434
0.5069;0.625;0.5148;0.614;0.529335
0.558099;0.48;0.2475;0.247599;0.792433
0.405;0.328899;0.374599;0.4377;0.424007
0.453;0.517099;0.691;0.614699;0.337053
0.601999;0.503999;0.0;0.378;0.78539
0.413;0.48;1.0;0.536;0.280101
0.534999;0.442;0.5956;0.445;0.635634
0.4102;0.558;0.381;0.646;0.533331
0.641799;0.53;0.588999;0.402999;0.739587
0.367;0.491;0.464999;0.436999;0.563214
0.485999;0.652;0.477;0.807;0.56105
0.813;0.574999;0.49;0.277;1.03692
0.303999;0.238;0.654999;0.497;0.384558
0.446;0.413;0.504;0.494;0.458739
0.464999;0.580999;0.387999;0.527099;0.539408
0.57;0.533;0.539999;0.483899;0.635205
0.475999;0.471;0.347;0.403;0.645766
0.402;0.455199;0.472999;0.528599;0.442592
0.542999;0.5848;0.661999;0.556399;0.555007
0.585;0.497999;0.5769;0.618;0.653485
0.512999;0.433;0.567099;0.439;0.624833
0.067;0.471;0.0;0.218;0.361649
0.742;0.458299;0.784999;0.637;0.547309
0.559999;0.5227;0.521;0.534899;0.619496
0.532;0.53;0.57;0.4286;0.656138
0.405;0.570999;0.48;0.654499;0.535107
0.719999;0.485;0.680199;0.565;0.75056
0.488999;0.662999;0.1428;0.132999;0.97254
0.147;0.055999;0.451599;0.4538;0.101415
0.466999;0.429;0.403999;0.4566;0.294275
0.354999;0.680999;0.5184;0.623399;0.287277
0.828;0.51;0.6448;0.5992;0.768165
0.475999;0.433199;0.592199;0.442;0.570858
0.472;0.655699;0.3631;0.6291;0.640047
0.616499;0.6421;0.7226;0.704899;0.654558
0.7135;1.0;0.658299;1.0;0.814463
1.0;0.7177;0.936999;0.716099;1.08152
0.713999;0.842199;0.815;0.6015;1.02088
0.631;0.436199;0.712399;0.643599;1.00234
0.361699;0.491999;0.099499;0.0;1.14097
0.247199;0.085;0.4027;0.4714;0.385196
0.4621;0.4541;0.2905;0.270299;0.532622
0.271999;0.300899;0.501899;0.597999;0.0610986
0.6;0.734;0.6098;0.7746;0.439028
0.750999;0.516999;0.814399;0.4983;0.717
0.5302;0.827;0.3888;0.8046;0.764591
0.7923;0.728499;0.832999;0.6428;0.896589
0.648499;0.745199;0.684699;0.8446;0.872532
0.875;0.5443;0.572299;0.195;1.30789
0.158999;0.349;0.337;0.625;0.546432
0.64;0.570999;0.829999;0.509;0.705329
0.594999;0.424199;0.298;0.399699;0.91408
0.302999;0.408799;0.428999;0.3669;0.492937
0.3738;0.2929;0.3092;0.356;0.39903
0.3472;0.4611;0.079699;0.035399;0.48481
0.037999;0.207499;0.5411;0.714;-0.417235
0.75;0.4315;0.738;0.525999;0.324879
0.644;0.644;0.2076;0.268;0.771619
0.108999;0.6126;0.535399;0.994;-0.0047884
1.0;0.915599;0.8667;0.807099;0.839008
0.811;0.421799;0.321199;0.0;1.29142
0.0;0.075;0.2871;0.524999;0.047467
0.614;0.429;0.734999;0.4325;0.395287
0.406799;0.482899;0.369999;0.384799;0.454889
0.3162;0.4051;0.4786;0.547899;0.222666
0.558999;0.767199;0.5294;0.8408;0.485522
0.837899;0.51;0.584299;0.230199;0.988878
0.2321;0.292699;0.4127;0.5923;0.307495
0.451;0.371099;0.578;0.384999;0.382901
0.444;0.424;0.451;0.418;0.421996
0.562799;0.744999;0.457599;0.565099;0.642101
0.4952;0.417499;0.456399;0.4105;0.634322
0.407999;0.3655;0.464;0.438899;0.449956
0.447;0.460999;0.387899;0.388599;0.492696
0.396999;0.402499;0.3651;0.4274;0.381149
0.416;0.3945;0.594999;0.561499;0.248949
0.468999;0.402999;0.468999;0.402999;0.388182
0.5472;0.6287;0.356;0.488;0.598521
0.4176;0.4059;0.46;0.536999;0.398485
0.549199;0.6334;0.5898;0.561899;0.554929
0.591;0.744499;0.590399;0.8246;0.657181
0.8012;0.5348;0.6298;0.3175;1.02575
0.325899;0.284799;0.589999;0.486999;0.511438
0.547899;0.6079;0.444;0.558;0.702483
0.484999;0.485999;0.405999;0.488;0.654686
0.437;0.8546;0.547;0.8738;0.53545
0.930999;1.0;0.901999;0.955199;0.892163
0.930999;0.5624;0.983;0.6249;1.06374
0.64;0.456699;0.652;0.442099;1.03886
0.4896;0.8659;0.469;0.608699;0.939406
0.574399;0.464999;0.586999;0.7263;0.873158
0.715;0.8432;0.667;0.8314;0.899331
0.833999;1.0;0.853;0.947699;0.934202
0.958;0.616799;0.954;0.4248;1.22327
0.424999;0.1232;0.517499;0.5501;0.864974
0.418799;0.812899;0.398499;0.799199;0.710828
0.9306;0.831099;0.883;0.797399;0.962714
0.793599;0.527;0.453599;0.3231;1.26029
0.323;0.592999;0.2694;0.233799;0.948975
0.262;0.0;0.113999;0.1525;0.557704
0.214999;0.158999;0.701;0.488;-0.0988803
0.403;0.403;0.529;0.505;0.124005
0.497499;0.6644;0.159999;0.645299;0.436548
0.7075;0.954099;0.859999;0.882199;0.550569
0.81;0.8401;0.96;0.6231;0.882337
0.596999;0.9273;0.473999;1.0;0.956977
0.966;0.555599;0.661;0.0;1.46729
0.242;0.0;0.556899;0.625799;0.507615
0.255899;0.554099;0.38;0.360399;0.475139
0.5711;0.4609;0.502099;0.4712;0.645278
0.501999;0.351999;0.416;0.380499;0.571797
0.391;0.433399;0.300999;0.439399;0.41698
0.367999;0.5286;0.5224;0.4453;0.354041
0.499;0.262999;0.585599;0.528199;0.338749
0.435;0.451;0.463;0.445999;0.359202
0.555799;0.885899;0.449999;0.867899;0.566969
0.8372;0.5581;0.838;0.4756;0.874484
0.480999;0.523399;0.453;0.5483;0.765611
0.5568;0.6176;0.356999;0.290199;0.933374
0.278199;0.108699;0.295499;0.3825;0.376246
0.386;0.3723;0.6745;0.4765;0.207479
0.488999;0.483999;0.451;0.457;0.445981
0.456099;0.5897;0.329999;0.531199;0.508133
0.5159;0.4743;0.1178;0.0;0.794808
0.0;0.2319;0.362099;0.8459;-0.362586
0.7892;1.0;0.8973;0.540999;0.54153
0.5944;0.0;0.5144;0.5962;0.432772
0.596599;0.416;0.6644;0.4468;0.420798
0.511;0.518999;0.576;0.561;0.461681
0.5092;0.525199;0.297999;0.400799;0.643677
0.396799;0.479799;0.489;0.5962;0.394542
0.610999;0.543;0.376999;0.181999;0.801805
0.184;0.369999;0.414999;0.725999;0.127778
0.722999;0.592999;0.644;0.365;0.691713
0.305;0.347;0.506999;0.551;0.317899
0.628;0.532;0.581;0.546999;0.59248
0.448;0.6569;0.426599;0.59;0.584707
0.671999;0.5747;0.5394;0.558999;0.788308
0.542999;0.650299;0.629;0.628;0.693519
0.55;0.9278;0.64;1.0;0.68588
1.0;0.740299;0.905999;0.701;1.08474
0.702999;0.451;0.835999;0.504999;0.984637
0.454;0.518;0.555999;0.532;0.850213
0.5467;0.558;0.4222;0.454999;0.935305
0.4883;0.664999;0.5398;0.646;0.761584
0.68;0.6919;0.661;0.584;0.917382
0.634;0.416099;0.4613;0.429199;0.988246
0.302999;0.467;0.398699;0.3978;0.634021
0.451999;0.231999;0.533999;0.478;0.476942
0.493;0.580999;0.509999;0.524999;0.531302
0.512999;0.704;0.509999;0.759;0.585158
0.771;0.6368;0.658;0.6036;0.867657
0.558;0.583199;0.594999;0.4444;0.831006
0.464;0.394;0.442;0.445999;0.744496
0.504999;0.404999;0.534;0.463999;0.633017
0.363;0.442;0.489999;0.530999;0.438426
0.576;0.5901;0.466;0.562;0.651453
0.569;0.567899;0.57;0.476999;0.696845
0.464999;0.532;0.448999;0.463;0.683976
0.475;0.543999;0.4038;0.515999;0.671227
0.552;0.495;0.611199;0.472;0.666157
0.427;0.375;0.542;0.497999;0.520865
0.51;0.573;0.484999;0.6355;0.571746
0.631999;0.778999;0.631;0.7285;0.70538
0.731999;0.5213;0.6499;0.6383;0.865442
0.658999;0.533699;0.494099;0.292699;0.984896
0.286999;0.372;0.4471;0.557;0.499506
0.527999;0.487;0.551899;0.516999;0.600273
0.520099;0.619;0.445999;0.457;0.713859
0.4449;0.606999;0.192;0.731999;0.650821
0.789;0.496699;0.953;0.399999;0.758628
0.369;0.3613;0.259999;0.214;0.737114
0.198;0.264;0.425;0.488;0.161526
0.488999;0.430999;0.625299;0.506999;0.315619
0.399;0.541;0.4281;0.543999;0.374634
0.652;0.624499;0.5189;0.586;0.661976
0.613999;0.4952;0.502699;0.385999;0.760097
0.355;0.517299;0.404;0.312;0.615341
0.350999;0.314999;0.378;0.481999;0.388155
0.445;0.518999;0.576;0.681999;0.324986
0.4938;0.4937;0.506999;0.448;0.506324
0.685199;0.487499;0.366;0.291;0.827853
0.254;0.264299;0.28;0.363;0.270993
0.373999;0.4355;0.418999;0.321999;0.292928
0.297;0.354999;0.239;0.232;0.230561
0.217999;0.195;0.494;0.601999;-0.282838
0.586;0.752;0.394999;0.3415;0.471983
0.373999;0.233999;0.445999;0.415499;0.197203
0.417999;0.575;0.395;0.346;0.385717
0.4404;0.308;0.314;0.454;0.292812
0.358599;0.508299;0.627;0.775799;0.071285
0.775;0.4567;0.742999;0.458199;0.608034
0.584799;0.683;0.308;0.378;0.825171
0.2622;0.327999;0.497;0.541;0.3045
0.532;0.8383;0.599;0.936;0.489722
0.93;0.721699;0.893;0.670299;0.913996
0.677999;0.802;0.5212;0.6017;1.02933
0.643;0.269999;0.811799;0.558999;0.823207
0.3729;0.684;0.3631;0.596;0.733925
0.7391;0.4812;0.568899;0.250999;1.03144
0.274999;0.4358;0.3318;0.667;0.510386
0.657;0.5931;0.7132;0.561;0.692353
0.512999;0.504099;0.472999;0.317999;0.798155
0.347999;0.2088;0.513999;0.511;0.382523
0.5221;0.75;0.508;0.651;0.565858
0.679899;0.656999;0.586999;0.689999;0.770704
0.661;0.582;0.404;0.235999;1.02381
0.231999;0.1474;0.359;0.319;0.413982
0.312;0.549599;0.509;0.710599;0.227151
0.709999;0.4208;0.643;0.482399;0.618938
0.536;0.638199;0.611999;0.5611;0.602657
0.512;0.4507;0.256;0.301899;0.784028
0.355;0.616299;0.302;0.26;0.658677
0.225999;0.318;0.4444;0.732999;0.140188
0.728999;0.436599;0.778599;0.5277;0.527967
0.491;0.483399;0.508;0.498299;0.528795
0.511;0.415;0.599;0.497;0.502399
0.505099;0.648899;0.409999;0.592999;0.615797
0.590899;0.5891;0.585;0.45;0.732488
0.448999;0.445999;0.503;0.602999;0.578428
0.605;0.540999;0.527999;0.524;0.713918
0.522999;0.594999;0.5037;0.597;0.673533
0.596;0.489;0.645299;0.533999;0.70282
0.536;0.634999;0.551;0.565;0.732944
0.552;0.7636;0.608999;0.629999;0.781087
0.644999;0.445899;0.274;0.325;1.06746
0.320999;0.407299;0.308;0.100999;0.731582
0.101;0.0842;0.372;0.677999;-0.135504
0.686;0.496;0.701;0.496;0.385795
0.491999;0.603999;0.42;0.512;0.516573
0.508;0.524999;0.504199;0.636;0.506459
0.635999;0.612;0.5226;0.431999;0.75658
0.434;0.368;0.067199;0.258;0.70729
0.565999;0.631999;0.9328;0.741999;0.425706
0.434;0.368;0.067199;0.258;0.721822
0.224999;0.483999;0.700199;0.570999;0.172878
0.603999;0.384;0.7288;0.538;0.505225
0.5058;0.813;0.535599;0.849999;0.565285
0.9052;0.71;0.726399;0.669;0.976379
0.657;0.522199;0.621;0.408;0.95676
0.397999;0.5198;0.4905;0.409999;0.773806
0.408999;0.296799;0.459499;0.445999;0.607
0.444;0.397199;0.427999;0.545;0.47221
0.536;0.579;0.582;0.484999;0.565074
0.519999;0.8667;0.538;0.832999;0.636084
0.808;0.5743;0.690999;0.371;1.02695
0.374;0.531999;0.198999;0.77;0.706435
0.780999;0.494;0.95;0.411;0.794391
0.394;0.378;0.521999;0.559999;0.600282
0.520099;0.728;0.5468;0.606;0.695906
0.648899;0.616999;0.612199;0.677999;0.810383
0.689999;0.8345;0.648;0.8621;0.842435
0.85;0.5805;0.8761;0.5409;1.01108
0.552;0.564;0.144599;0.425899;1.12821
0.423;0.315999;0.8903;0.500099;0.545753
0.485999;0.5991;0.390999;0.463999;0.807563
0.465;0.6349;0.545999;0.733;0.638462
0.698999;0.469;0.454999;0.378999;0.948066
0.41;0.417999;0.4475;0.475;0.60382
0.484999;0.457999;0.417099;0.2244;0.708789
0.216;0.34;0.5354;0.521599;0.2311
0.704999;0.527999;0.480999;0.666999;0.639299
0.497;0.631499;0.544;0.511;0.585593
0.504999;0.5739;0.562999;0.524999;0.651947
0.542;0.5765;0.564;0.655999;0.672988
0.639;0.4906;0.569;0.405;0.829653
0.405;0.517499;0.512999;0.545;0.603885
0.562999;0.397999;0.585999;0.548;0.633404
0.49;0.701;0.525;0.609;0.639663
0.648;0.519;0.561999;0.613;0.781003
0.613999;0.522999;0.286;0.263999;0.958712
0.264;0.288;0.390999;0.387;0.405986
0.387999;0.509999;0.4087;0.5441;0.389621
0.565999;0.394999;0.798299;0.4939;0.446961
0.4788;0.595;0.097;0.18;0.80894
0.172199;0.234499;0.375;0.385999;0.130657
0.372999;0.483899;0.43;0.565;0.187156
0.501;0.3646;0.626999;0.546999;0.255609
0.623999;0.911;0.58;0.5242;0.682563
0.53;0.109999;0.550999;0.4838;0.516016
0.494;1.0;0.503;1.0;0.509632
0.997;0.520499;0.803;0.309999;1.10623
0.311;0.4061;0.549999;0.5887;0.560249
0.600999;0.5152;0.422;0.506299;0.794045
0.491;0.4587;0.455999;0.4714;0.647859
0.474;0.369;0.5947;0.4656;0.512917
0.431599;0.719999;0.360299;0.634999;0.586522
0.6644;0.530999;0.5904;0.371;0.821326
0.381;0.38;0.396599;0.4418;0.575335
0.347;0.443999;0.494;0.575199;0.360266
0.661;0.572;0.625;0.387;0.715227
0.444;0.390999;0.544;0.566;0.508136
0.528999;0.42;0.538999;0.518999;0.536019
0.508;0.905;0.506;0.881999;0.580562
0.873999;0.601999;0.729;0.536;0.986237
0.552;0.478;0.477999;0.402;0.89053
0.386;0.472;0.5503;0.555;0.598727
0.527999;0.536999;0.5287;0.4696;0.725354
0.4932;0.392;0.5396;0.5274;0.611613
0.525799;0.852999;0.4354;0.831;0.672764
0.831;0.685;0.819099;0.698;0.885335
0.707;0.578;0.6459;0.463999;0.999946
0.467999;1.0;0.555999;1.0;0.740937
1.0;1.0;1.0;0.9437;1.01087
0.942;0.345999;1.0;0.458;1.19051
0.609499;1.0;0.390999;0.708999;1.13292
0.5715;0.378899;0.510999;0.552;1.03693
0.695999;1.0;0.492;1.0;0.966887
0.966;0.545999;0.592999;0.0;1.47691
0.0;0.166;0.547;0.6301;0.374357
0.611;0.039999;0.665999;0.435899;0.518826
0.433999;1.0;0.481;1.0;0.446851
1.0;0.599999;0.415399;0.0;1.35743
0.0;0.0;0.0471;0.441699;0.129787
0.397999;0.509;0.587499;0.468299;0.204966
0.493;0.4936;0.55;0.686999;0.337363
0.692;0.5334;0.885999;0.59;0.542177
0.475;0.431999;0.517;0.421999;0.611995
0.539;0.661999;0.357999;0.509;0.749339
0.521999;0.583;0.658;0.494;0.673143
0.481;0.356999;0.3342;0.471;0.679175
0.469999;1.0;0.611699;1.0;0.513104
1.0;0.701999;1.0;0.5628;1.02595
0.573999;0.258;0.6971;0.459199;0.867678
0.458999;0.351999;0.518899;0.515;0.660349
0.527;0.772;0.4482;0.6844;0.716022
0.664999;0.976999;0.6698;1.0;0.757376
1.0;1.0;1.0;0.901;0.989334
0.878;0.532999;0.667399;0.411999;1.30467
0.391999;0.338;0.327;0.184699;1.04296
0.219999;0.183;0.537599;0.593299;0.368629
0.471;0.454;0.527;0.474;0.501002
0.582;0.611;0.3297;0.370699;0.777585
0.385999;0.650999;0.6083;0.8553;0.417546
0.852;0.881;0.815999;0.705999;0.878487
0.720999;0.596;0.6927;0.657;0.956924
0.615;0.888999;0.560299;0.791799;0.922046
0.814999;0.405999;0.899;0.5532;0.996692
0.295;0.149;0.359999;0.250999;0.702406
0.582999;1.0;0.5548;1.0;0.673515
1.0;0.0;0.4038;0.0;1.26555
0.0;0.0;0.3523;0.472999;-0.163069
0.424999;1.0;0.5972;1.0;0.197289
1.0;0.861999;1.0;0.8261;0.814245
0.957;0.461;0.879;0.6199;1.02884
0.482999;0.495999;0.519999;0.321999;0.884778
0.349;0.609;0.477;0.56;0.687236
0.570999;0.454999;0.451999;0.555999;0.800432
0.555;0.664;0.628;0.747;0.662953
0.746;0.636;0.692;0.515;0.922415
0.501999;0.673999;0.494;0.558;0.855611
0.594;0.275999;0.497;0.521999;0.81125
0.628;0.661999;0.308;0.1612;1.02276
0.051;0.386;0.375;0.4448;0.313962
0.467999;0.087;0.063499;0.03;0.457314
0.0;0.223999;0.1967;0.665799;-0.63011
0.657;0.573;0.8447;0.3162;0.220973
0.35;0.189;0.5131;0.524999;0.0116148
0.491399;0.610999;0.198999;0.422;0.388283
0.419599;0.376;0.0;0.0;0.456993
0.0;0.0;0.294999;0.466899;-0.699811
0.463999;0.496;0.59;0.417;-0.0795565
0.442;0.941;0.478;0.731;0.350455
0.7821;0.214999;0.795999;0.491;0.624023
0.2589;0.277;0.356;0.391999;0.215048
0.7633;0.7223;0.0;0.0;1.04474
0.0;0.0;0.381;0.628;-0.392233
0.619999;0.852;0.637999;0.905999;0.268991
0.857999;0.646999;0.793599;0.5373;0.784306
0.600999;0.315999;0.1544;0.056199;0.96947
0.029;0.06;0.583999;0.5375;-0.214385
0.506999;1.0;0.359;0.9788;0.38873
1.0;0.7691;1.0;0.8312;0.80607
0.891999;0.5349;0.819;0.513999;1.02662
0.444;0.536999;0.5604;0.638;0.738139
0.634999;0.733999;0.723699;0.597999;0.841505
0.605;0.461;0.5489;0.661;0.871668
0.454;0.295999;0.545;0.298999;0.707648
0.372699;0.945999;0.369099;0.719;0.661988
0.8353;0.694;0.8029;0.909099;0.874782
0.963999;0.608999;0.5921;0.236899;1.32026
0.152999;0.222;0.0;0.0;0.81659
0.0;0.0;0.460999;0.6244;-0.301187
0.631999;0.460099;0.707;0.452599;0.283072
0.5054;0.641;0.489;0.586;0.462438
0.582999;0.597999;0.57;0.598999;0.610636
0.579599;0.53;0.544999;0.526;0.69286
0.493;0.536999;0.5516;0.604299;0.607921
0.655;0.934999;0.6544;0.9397;0.721914
0.906999;0.431;0.868;0.468;1.03002
0.441;0.433999;0.537999;0.476999;0.763116
0.548999;0.777;0.274999;0.2942;1.03067
0.259999;0.168999;0.062;0.134799;0.649238
0.091;0.301;0.484999;0.671599;-0.144946
0.713999;0.444;0.677;0.479399;0.453056
0.477;0.797999;0.424999;0.853;0.480966
0.853999;0.501;0.875999;0.451;0.826795
0.447299;0.467999;0.382;0.363999;0.759605
0.5107;0.469999;0.425599;0.376;0.725935
0.126;0.29;0.0;0.0;0.408755
0.0;0.020999;0.362;0.362;-0.494753
0.48;0.181;0.42;0.448999;-0.285276
0.379999;0.253;0.573;0.471;-0.30347
0.453;0.439;0.506;0.5;-0.000496864
0.518999;0.699999;0.226999;0.250999;0.53587
0.302;0.143;0.0007;0.087499;0.157551
0.006999;0.0624;0.298999;0.3785;-0.761216
0.382;0.486699;0.354799;0.5073;-0.276937
0.527999;0.484899;0.6852;0.465699;0.127248
0.488;0.351;0.5313;0.526;0.224433
0.442;0.439999;0.546999;0.428999;0.289578
0.525199;0.668999;0.218;0.312;0.678236
0.305599;0.328;0.451;0.427;0.277291
0.3982;0.319;0.149899;0.113999;0.382466
0.140999;0.210999;0.3536;0.466999;-0.291126
0.404;0.284999;0.1745;0.047;0.0196167
0.140999;0.178;0.491;0.568999;-0.59114
0.481999;0.406999;0.556;0.472;-0.0892333
0.480699;0.691;0.362499;0.673;0.256453
0.6743;1.0;0.7805;0.728;0.602663
0.811999;0.413699;0.710999;0.580999;0.922532
0.552;0.6983;0.6038;0.6946;0.755257
0.685;0.854999;0.6852;0.9024;0.832329
0.878;0.445;0.894999;0.515999;1.03009
0.543999;0.515999;0.613999;0.542999;0.867418
0.4479;0.545;0.269;0.4119;0.899092
0.441099;0.669;0.518999;0.7021;0.664208
0.81;0.668999;0.637999;0.330799;1.08179
0.260999;0.146;0.0;0.3482;0.623516
0.319;0.314999;0.4509;0.043999;0.393478
0.052999;0.0;0.416599;0.499;-0.429039
0.508;0.497;0.63;0.503999;0.0713565
0.475;0.6146;0.1616;0.216999;0.525866
0.241;0.2684;0.299399;0.3676;0.0578084
0.359999;0.325799;0.469;0.445399;0.00603282
0.484;0.5022;0.493299;0.616;0.195281
0.644199;0.627;0.5897;0.444;0.583918
0.408799;0.308999;0.478999;0.524999;0.359307
0.475;0.441;0.474;0.454;0.409178
0.504599;1.0;0.567999;0.980999;0.494442
0.9634;0.731999;0.951999;0.667;0.950775
0.677;0.42;0.228;0.069;1.26992
0.051999;0.222999;0.4222;0.524;0.221963
0.5575;0.527;0.534799;0.605999;0.507117
0.578499;0.413;0.616;0.531;0.537125
0.48;0.454;0.614;0.454;0.506003
0.497699;0.604999;0.035999;0.048999;0.915761
0.0593;0.161999;0.0;0.116999;0.10948
0.112;0.124;0.6526;0.499;-0.473546
0.497;0.384999;0.3297;0.320999;0.0709423
0.298999;0.4345;0.471299;0.695;-0.150343
0.731;0.5135;0.736399;0.521;0.42233
0.494;0.478999;0.599;0.500999;0.44427
0.501799;1.0;0.4189;0.966;0.600121
0.9912;0.902;1.0;0.942;0.890804
0.923999;0.486999;0.726999;0.368;1.2347
0.353999;0.3879;0.359999;0.318999;0.867749
0.342999;0.502099;0.443;0.621;0.575972
0.631;0.369;0.585999;0.515999;0.689582
0.4915;0.743;0.473999;0.599;0.670792
0.597499;0.429;0.423999;0.221999;0.89655
0.231999;0.171999;0.227;0.177;0.404025
0.165;0.393999;0.296999;0.385999;0.0581928
0.416999;0.542;0.6356;0.828;0.108213
0.736;0.476999;0.7804;0.544999;0.553066
0.573;0.455;0.573;0.455;0.619323
0.5015;0.832999;0.3949;0.7421;0.674299
0.767499;0.533;0.734899;0.422599;0.907991
0.399;0.362;0.3626;0.337299;0.724084
0.347;1.0;0.497399;1.0;0.493748
1.0;0.534199;1.0;0.4281;1.0531
0.43;0.3498;0.589999;0.5139;0.745917
0.34;0.307;0.507;0.315;0.572533
0.681599;0.841;0.5;0.690999;0.833259
0.5124;0.387999;0.095999;0.0;1.02012
0.021;0.010999;0.329;0.367999;-0.107532
0.373;0.698;0.555;0.746;0.123204
0.744999;0.507;0.707999;0.512;0.626285
0.484999;0.402;0.547;0.532;0.499106
0.5099;1.0;0.472999;1.0;0.581542
1.0;0.74;0.917;0.762999;0.978822
0.783;0.646999;0.477499;0.099;1.31457
0.156999;0.188699;0.3515;0.722999;0.431792
0.658;0.7313;0.863999;0.632799;0.630406
0.658999;0.446999;0.747999;0.5402;0.795902
0.510899;0.570999;0.337;0.510999;0.834859
0.5881;0.6738;0.6079;0.731999;0.725792
0.687999;0.6817;0.726099;0.663;0.834478
0.661;0.750499;0.678;0.562999;0.942005
0.576999;0.692;0.603999;0.47;0.996072
0.469;0.304;0.521999;0.523999;0.816796
0.474;0.234;0.535;0.47;0.586069
0.500799;0.753;0.081299;0.093999;0.947396
0.116199;0.183;0.444199;0.812;-0.0436119
0.771;0.64;0.6155;0.266999;0.715412
0.259;0.250999;0.372;0.493;0.217155
0.552999;0.881999;0.491999;0.753;0.530014
0.747;0.274;0.748;0.526;0.683559
0.4639;0.4485;0.356999;0.302999;0.644676
0.323099;0.457499;0.497999;0.457;0.38781
0.487;0.447;0.496;0.505;0.48872
0.443899;0.470999;0.216;0.154999;0.645492
0.1991;0.505;0.449099;0.494;0.231994
0.5;0.101999;0.5249;0.508;0.176559
0.372999;0.323;0.429;0.365;0.0819781
0.504;0.611;0.408;0.442;0.391398
0.512999;0.467999;0.458099;0.451999;0.470433
0.372999;0.533;0.318899;0.609;0.357197
0.632;1.0;0.701;1.0;0.546766
1.0;0.845;1.0;0.6959;0.981451
0.624;0.256999;0.724999;0.491899;0.907341
0.524099;1.0;0.6612;0.749;0.783742
0.8509;0.415999;0.777799;0.728;1.02811
0.658;0.494999;0.0;0.0;1.34647
0.0;0.0;0.055599;0.018;0.28697
0.0;0.063;0.241;0.337;-0.494309
0.385999;0.146999;0.648;0.539;-0.444966
0.508;0.414999;0.564999;0.513999;-0.0388077
0.505;0.846;0.453;0.501;0.433902
0.528999;0.445;0.394999;0.716099;0.465957
0.6927;0.857999;0.768;0.6539;0.660355
0.6503;0.756;0.71;0.830399;0.776697
0.919999;0.953;0.798999;0.8986;1.01382
0.981;0.412999;0.971;0.588999;1.12029
0.398;0.398;0.64;0.483;0.775538
0.561;1.0;0.384;1.0;0.866611
1.0;1.0;1.0;0.471;1.12273
0.442399;0.118;0.353999;0.341999;1.04351
0.3476;0.316;0.447;0.7;0.488979
0.62;0.478299;0.485999;0.116999;0.822369
0.234999;0.108699;0.462;0.512999;0.140215
0.473099;0.929;0.56;0.91;0.370175
0.928899;0.558999;0.788999;0.403999;0.962908
0.386;0.295999;0.0;0.0;0.870109
0.0;0.0;0.466;0.741;-0.449126
0.782;1.0;0.8;1.0;0.390069
1.0;0.378;1.0;0.504;0.839428
0.521899;1.0;0.423999;0.879999;0.76564
0.8761;0.466999;0.6476;0.435;1.11143
0.442;0.521;0.464399;0.570999;0.759379
0.53;0.561;0.731;0.489;0.723184
0.588;0.503;0.540999;0.482999;0.863267
0.402;0.45;0.649;0.695;0.524847
0.4823;0.603999;0.462;0.493;0.709457
0.704699;0.808999;0.503;0.786;0.8815
0.77;0.932;0.811999;0.908999;0.850389
0.96;0.496;0.866;0.446999;1.18403
0.393;0.593999;0.612;0.52;0.835124
0.564999;0.347;0.582;0.633;0.827203
0.558999;0.451;0.617999;0.452999;0.759233
0.5031;0.943;0.341999;0.931;0.765476
0.926899;0.916999;0.987;0.878;0.898824
0.922;0.902999;0.716;0.522999;1.25051
0.439;0.824;0.389;1.0;0.934122
1.0;0.583999;0.852999;0.125;1.38043
0.190999;0.0;0.621;0.4565;0.60334
0.408999;1.0;0.442;1.0;0.619359
1.0;0.597999;0.686;0.0;1.36203
0.0;0.209;0.424999;0.776;0.244285
0.807;0.964999;0.4662;0.893;0.875921
0.936999;0.859999;1.0;0.863;0.887234
0.771999;0.435;0.847;0.601999;0.976757
0.504;0.383;0.576999;0.383;0.870878
0.5726;1.0;0.362;1.0;0.863988
1.0;0.917;1.0;0.899;0.980053
0.888999;1.0;0.902999;0.976999;1.00227
1.0;0.899999;0.0;0.0;1.90376
0.0;0.0;0.704;1.0;0.269378
1.0;0.298999;1.0;0.6021;0.857926
0.4793;1.0;0.370899;1.0;0.70344
1.0;0.905;1.0;0.720499;0.985638
0.725;1.0;0.828;1.0;0.89382
1.0;1.0;1.0;1.0;1.0567
1.0;1.0;0.966999;0.6871;1.21113
0.0;0.0;0.033;0.312899;0.931663
1.0;1.0;0.966999;0.6871;1.01777
0.789999;0.0;1.0;0.605899;0.886668
0.0;0.0;0.0;0.0;0.349403
0.2064;1.0;1.0;1.0;0.000942588
1.0;0.219999;0.4428;0.0;1.24396
0.0;0.885999;0.0;1.0;0.274909
1.0;1.0;1.0;1.0;0.791577
1.0;0.197;1.0;0.498999;1.03327
0.414999;0.530999;0.447;0.545;0.737525
0.622;0.753999;0.0;0.0;1.27424
0.0;0.0;0.063;0.586099;0.0224301
0.528999;0.663;0.736499;0.382899;0.381286
0.502;0.286;0.0;0.0;0.700332
0.0;0.0;0.0;0.0;-0.352373
0.0;0.0;0.831;0.715;-1.074
0.0;0.0;0.0;0.0;-1.26647
1.0;1.0;0.645;1.0;0.292019
1.0;1.0;1.0;1.0;0.687654
1.0;1.0;1.0;1.0;0.917316
1.0;1.0;1.0;1.0;1.02054
1.0;0.378999;1.0;0.318999;1.29474
0.762999;1.0;0.937;1.0;0.910557
1.0;0.606999;0.338;1.0;1.44773
1.0;1.0;1.0;0.0;1.30805
0.0;0.445999;0.0;1.0;0.777624
1.0;0.084;0.9324;0.0;1.17286
0.0;0.0;0.757;0.890999;-0.147989
0.792;0.499;0.802999;0.49;0.581843
0.514;1.0;0.079999;1.0;0.749726
1.0;1.0;1.0;1.0;0.846655
1.0;1.0;1.0;1.0;0.979117
1.0;1.0;1.0;1.0;1.04717
1.0;1.0;1.0;1.0;1.08421
1.0;0.102999;1.0;0.545999;1.24065
0.634;1.0;0.0;1.0;1.23491
1.0;1.0;1.0;1.0;0.978876
1.0;0.0;1.0;0.0;1.34393
0.0;0.0;0.0;0.412999;0.532327
0.637;0.0;0.5669;0.0;0.569088
0.0;0.0;1.0;0.0;-0.159275
0.48;0.0;0.0;0.0;0.130088
0.0;0.0;0.0;0.0;-0.839864
0.0;0.0;0.812999;0.0;-0.852918
0.0;0.0;0.0;0.0;-1.13567
0.0;1.0;0.542699;1.0;-0.631042
1.0;0.0;1.0;1.0;0.0543364
1.0;0.494;1.0;0.494;0.568468
0.495;1.0;0.235999;1.0;0.649268
1.0;1.0;1.0;0.0;1.14296
0.0;0.976;1.0;1.0;0.35179
1.0;0.0;1.0;0.0;1.38116
0.503;1.0;0.0;0.4761;1.27317
0.472999;0.0;1.0;0.507899;0.556273
0.103999;1.0;0.0;1.0;0.460876
1.0;1.0;1.0;1.0;0.846849
1.0;0.0;1.0;0.0;1.20618
0.0;0.0;0.0;0.0;0.378872
0.0;0.0;1.0;1.0;-0.766017
1.0;0.504999;1.0;0.540999;0.436277
0.181;0.192999;0.548;0.194;0.0647613
0.340999;1.0;0.082999;1.0;0.356875
1.0;1.0;1.0;1.0;0.757931
1.0;0.0;1.0;0.0;1.12704
0.0;0.0;0.0;0.909;-0.10749
0.0;0.0;0.838999;0.314999;-0.675889
0.616;0.0;1.0;0.655999;-0.314259
0.0;0.263999;0.0;0.403;-0.763409
1.0;1.0;0.0;0.608;0.7848
0.716;0.756499;1.0;0.204999;0.6708
0.236;1.0;0.569999;0.888999;0.546724
1.0;0.0;0.0;0.0;1.42843
0.0;0.0;0.0;0.0;-0.0546864
0.0;0.0;1.0;0.349;-0.633096
0.515;0.447;0.933999;0.784999;-0.0598929
0.0;1.0;0.0;1.0;-0.0245086
1.0;0.0;1.0;1.0;0.322295
1.0;0.851999;0.835999;0.0;0.95861
0.0;1.0;1.0;1.0;0.145296
1.0;1.0;1.0;0.741;1.09387
0.744;0.0;1.0;0.557999;0.944511
1.0;0.602;0.0;0.0;1.65356
0.0;0.0;0.0;0.0;0.360785
0.0;1.0;0.0;1.0;0.0228384
1.0;0.573;1.0;0.0;0.944889
0.0;0.0;0.183;0.2673;0.09029
0.0;0.0;0.741;0.3357;-0.533216
0.555999;0.548999;1.0;0.747999;0.0450858
0.0;1.0;0.0;0.0;0.541652
0.0;0.026699;0.406999;0.0;0.0359961
0.0;0.0;0.0;0.475999;-0.970005
0.137;1.0;0.323;1.0;-0.457647
1.0;0.8359;0.0;0.0;1.11719
0.0;0.0;0.521;0.974;-0.619017
0.21;0.646;0.873999;0.718;-0.25083
1.0;0.8289;0.0;0.0;1.28848
0.0;0.0;0.823999;0.6698;-0.286349
0.596;1.0;0.0;0.0;0.927643
0.0;0.0;0.927;1.0;-0.488355
1.0;0.022999;0.2377;0.299999;0.451899
0.518999;0.646;1.0;0.945999;0.0190326
0.609;0.216;1.0;0.615;0.247971
0.600699;1.0;0.0;1.0;0.782708
1.0;0.0;1.0;0.0;0.903983
0.0;0.1959;0.0;0.0;0.225771
0.0;0.0;0.0;0.0;-0.479882
0.0;0.0;0.37;1.0;-1.5254
1.0;0.0;1.0;0.0;-0.179379
0.927999;0.893;0.402;0.411;0.751809
0.013999;1.0;0.222999;1.0;0.150202
1.0;0.0;1.0;0.0;0.877873
0.0;0.772499;0.0;0.0;0.612695
0.001999;0.0;0.0;0.0;-0.066512
0.0;0.0;0.0;0.0;-0.806083
0.0;0.0;1.0;0.006;-0.685971
1.0;0.537999;1.0;1.0;0.281424
0.0;1.0;0.0;0.451999;0.336624
1.0;1.0;0.546;1.0;0.996102
0.966999;0.6033;0.0;0.0;1.60046
0.0;0.0;0.466;0.0;0.32248
0.0;0.0;0.488999;0.3366;-0.336536
0.637;0.375999;1.0;0.854999;0.0127592
0.234999;0.331;0.0;0.268;0.0157186
0.872999;1.0;0.665;0.867;0.623942
0.933999;0.122;0.579999;0.105;0.988544
0.0;0.0;0.0;0.0;-0.0525228
0.0;1.0;0.0;0.405;0.0626662
0.066;0.0;0.786999;0.772999;-0.614347
0.64;0.0;1.0;0.133;-0.0193886
0.192999;0.520999;0.547999;0.847999;-0.222628
0.600999;0.959;0.057999;0.399999;0.734712
0.917;0.369;0.0;0.0;1.19038
0.0;0.0;0.181999;0.46;-0.374984
0.403999;0.0;0.0;0.0;-0.424006
0.0;0.6152;1.0;0.844999;-0.661229
1.0;0.369799;1.0;0.743;0.450418
0.239999;0.3919;0.515;0.515999;0.120968
0.582999;1.0;0.0;0.023299;1.00952
0.0;0.0;0.223099;0.4427;-0.163182
0.632;0.865;0.1919;0.149;0.719125
0.011999;0.0;0.049999;0.0;-0.140002
0.108;0.736499;0.0;1.0;-0.425558
1.0;0.3695;1.0;0.039;0.605229
0.341999;0.662999;0.780999;0.8772;0.27291
0.796999;0.745;0.0;0.0;1.32464
0.0;0.0;0.0;0.0;0.137831
0.0;0.0;0.0;0.0;-0.638195
0.0;0.0;0.0;0.0;-1.18411
0.0;0.0;0.0;1.0;-2.29658
1.0;0.401999;1.0;0.743;-0.47565
0.59;0.962;0.0;0.428;0.446171
0.436999;0.564999;0.0;0.0;0.616703
0.0;0.0;0.0;0.0;-0.331392
0.0;0.0;0.0;0.0;-0.97736
0.0;0.411;0.3064;1.0;-1.33616
1.0;1.0;1.0;1.0;0.214172
1.0;0.0;1.0;1.0;0.409068
0.698;1.0;0.425;0.431;0.800375
0.2255;1.0;0.0;1.0;0.59324
1.0;0.556999;1.0;0.896099;0.856484
0.851999;0.715;0.0;0.0;1.5251
0.0;0.0;0.0;0.234;0.30827
0.0;0.0;0.177999;0.795999;-0.785463
0.789999;0.0;1.0;0.448999;-0.218066
0.787999;0.787999;0.019899;0.6463;0.62177
0.3267;1.0;0.0;1.0;0.379748
1.0;1.0;1.0;0.0;1.01898
0.289999;0.579999;0.593;0.726;0.665633
0.59;1.0;0.701999;1.0;0.777216
1.0;0.8269;1.0;0.945;1.04032
0.444;0.039;1.0;0.438;0.712083
0.175999;0.474999;0.175999;0.2547;0.708259
0.859;0.974;0.0;0.590299;1.29998
0.859;0.381;0.075899;0.0;1.39565
0.0;0.091999;0.207;1.0;-0.18241
1.0;0.462;1.0;0.0;0.731541
0.0;0.162999;0.0637;1.0;-0.37704
1.0;0.128999;1.0;0.442999;0.302682
0.478;0.478;0.282;0.288;0.379101
0.0;1.0;0.0;0.818799;0.0925639
1.0;0.336999;1.0;0.0;0.90747
0.070999;0.0971;0.0;0.0741;0.224073
0.0;0.976999;0.909999;1.0;-0.172716
1.0;0.036999;1.0;0.070999;0.890399
0.144999;0.060999;0.890799;0.494;-0.000917077
0.390999;0.515999;0.268999;0.3836;0.379724
0.474;0.473;0.0;0.0;0.626183
0.0;0.0;0.0;0.040299;-0.412171
0.332;0.3187;0.621499;0.6516;-0.429895
0.384;0.515;0.6975;0.6841;-0.113564
0.631;0.707999;0.297999;0.115;0.731645
0.05;0.0;0.69;0.552999;-0.301673
0.545999;0.398;0.394599;0.2916;0.270341
0.358899;0.629999;0.0;0.513399;0.280798
0.506099;0.866;1.0;0.7002;0.320966
0.867;1.0;1.0;1.0;0.792606
1.0;1.0;1.0;1.0;1.02649
1.0;1.0;1.0;0.375299;1.28783
0.256999;0.0;0.802;0.792;0.659949
0.57;0.298999;0.198;0.243;0.974847
0.081;1.0;0.347999;1.0;0.284336
1.0;1.0;0.9776;0.885999;0.908623
0.919;1.0;0.913399;1.0;0.993822
1.0;1.0;1.0;1.0;1.06344
1.0;0.807;1.0;0.0;1.46183
0.0;0.0;0.7182;0.89;0.493936
0.694;0.266999;0.565999;0.125999;1.00888
0.714999;1.0;0.0;1.0;1.12086
0.637;1.0;0.866;0.0;1.01646
0.004;0.0;0.0;0.0;0.747908
0.0;0.0;0.0;0.642699;-0.480991
0.646999;0.901;0.2192;1.0;0.271616
0.597999;0.335999;1.0;0.414999;0.304873
0.243;0.2515;0.228999;0.1139;0.288282
0.695399;1.0;0.1794;0.253799;0.951318
0.287599;0.947;0.0;0.0;1.00435
0.0;0.0;0.0;0.7683;-0.205403
0.687;0.603999;1.0;0.489999;0.320012
0.413999;0.973999;0.0;1.0;0.627823
1.0;0.243;1.0;0.601999;0.794072
0.401;0.679;0.468;0.73;0.557236
0.675999;0.610999;0.0;0.0;1.20404
0.096;0.381;0.0;0.0;0.530217
0.0;0.02;0.724;1.0;-0.656523
1.0;1.0;0.918999;0.9677;0.523401
0.753999;0.4604;1.0;0.462499;0.703875
0.216;0.073;0.789999;0.731999;0.0838079
0.725999;0.238;0.0;0.0;0.768147
0.239;1.0;0.256999;1.0;0.226171
1.0;0.615;0.99;0.0;1.02863
0.0;0.0;1.0;0.635999;-0.000595212
0.573999;0.507799;0.213;0.2385;0.750471
0.217999;0.505099;0.210999;1.0;0.0439801
1.0;0.43;1.0;0.556999;0.631613
0.616999;0.499;0.0;0.145;0.937892
0.100999;1.0;0.060999;1.0;0.292156
1.0;0.874;1.0;0.0;1.08172
0.129999;0.988;0.552;1.0;0.56153
1.0;0.517;1.0;0.0;1.35904
0.006;0.303999;0.429;0.2496;0.716624
0.153999;0.0;1.0;0.585;0.0604221
0.686;0.547999;0.444;0.530999;0.679538
0.254;0.898;0.0;0.0;0.832317
0.061999;0.057999;0.32;0.4701;-0.0876061
0.282;0.152999;0.0;0.694899;-0.595825
0.678999;0.405;0.986999;0.146;0.11786
0.179;0.625999;0.655;0.289;0.244815
0.0;0.0;0.323;0.487;-0.416779
0.835;0.523;0.6976;0.442599;0.421108
0.487;0.878999;0.4106;0.506999;0.628803
0.411999;0.736;0.0;1.0;0.595463
1.0;1.0;1.0;0.5095;0.928811
0.911999;1.0;0.6385;1.0;1.13118
1.0;1.0;1.0;1.0;1.04506
1.0;0.359999;1.0;0.580999;1.22067
0.426999;0.463999;0.318999;0.314999;1.08349
0.369;1.0;0.329;1.0;0.766976
1.0;1.0;1.0;0.7538;1.04708
0.81;0.087;0.0;0.0;1.59047
0.0;0.0;0.2404;1.0;-0.067871
1.0;1.0;1.0;1.0;0.601096
1.0;0.492999;1.0;0.499;0.946302
0.084999;0.396;1.0;1.0;0.048373
0.813;1.0;0.0;1.0;1.15847
1.0;1.0;1.0;0.0;1.19398
0.0;0.0;0.0;0.941399;0.408692
1.0;1.0;1.0;1.0;0.744072
0.820999;1.0;1.0;0.881799;0.828645
0.874;0.0;1.0;0.527;0.984017
0.363;0.472999;0.363;0.3996;0.746677
0.602999;1.0;0.0;0.0;1.29474
0.0;0.76;0.406799;1.0;0.32861
1.0;1.0;1.0;1.0;0.903971
1.0;0.804999;1.0;0.748399;1.10838
0.576;0.313;1.0;0.4285;0.922797
0.466999;0.012;0.5712;0.135;0.889251
0.194999;1.0;0.537999;1.0;0.398407
1.0;0.815999;0.376;0.402999;1.38016
0.277;0.568;0.894999;0.4298;0.638399
0.671999;1.0;0.657;1.0;0.928504
1.0;1.0;1.0;1.0;1.04446
1.0;1.0;1.0;1.0;1.09257
1.0;0.353999;1.0;0.397999;1.32415
0.024999;0.441;0.225999;0.602;0.72623
1.0;1.0;0.581;1.0;1.14976
1.0;0.0;0.358;0.0;1.45594
0.0;0.0;0.158;0.0;0.276811
0.0;0.0;0.0;0.0;-0.33394
0.0;0.0;0.0;0.0;-0.939714
0.0;0.0;0.962999;0.129999;-0.917556
0.2;1.0;0.609;1.0;-0.22487
1.0;1.0;0.0;0.0;1.35113
0.0;0.360999;0.0;1.0;-0.120871
1.0;1.0;1.0;0.8413;0.650937
0.689;0.536;0.0;0.0;1.26872
0.0;0.1841;1.0;1.0;-0.241809
1.0;0.545299;1.0;0.482799;0.778435
0.364199;0.5267;0.0;0.5979;0.638024
0.0;1.0;0.686;1.0;0.0193366
1.0;0.239;0.829999;0.0;1.1299
0.0;0.0;0.000599;1.0;-0.286325
1.0;1.0;1.0;0.0546;0.745095
0.091999;0.382;0.486999;1.0;0.0386723
1.0;0.330999;1.0;0.422;0.728662
0.227;0.337;0.337999;0.411999;0.301815
0.585;0.960999;0.0;0.207999;0.96573
0.449999;0.936;0.0;0.0;1.11964
0.0;0.0;0.0;0.0;0.25484
0.0;0.004;0.625;1.0;-0.951799
1.0;1.0;1.0;0.664999;0.4416
1.0;0.799;1.0;0.552999;0.929958
0.0;0.0;0.0;0.376;0.202156
0.619999;1.0;0.0;0.0;0.977159
0.0;0.0;0.097999;0.09;-0.0368229
0.057;0.764;0.13;1.0;-0.343
1.0;0.463999;1.0;0.676999;0.50782
0.203999;0.0;0.0;0.0;0.026209
0.0;0.0;1.0;0.478;-0.732797
0.605999;0.616;0.0;0.473999;0.265227
0.376;1.0;0.416999;1.0;0.218321
1.0;1.0;1.0;0.3119;0.966052
0.599999;0.147999;0.0;0.0;1.17093
0.0;0.3232;0.0;1.0;-0.245028
1.0;1.0;1.0;0.0;0.802512
1.0;0.0;1.0;0.549899;0.842334
0.31;0.195499;0.546;0.5002;0.247181
0.587999;0.772999;0.0;0.0;0.947891
0.0;0.0;0.0;0.0;-0.053396
0.0;0.0;0.0;0.0;-0.762372
0.0;0.0;0.165599;0.0;-1.14604
0.0;0.0;0.3114;0.7102;-1.79133
0.713;0.274;1.0;1.0;-0.747137
0.468099;1.0;0.315199;0.0;0.371388
0.2188;0.0;0.4485;1.0;-0.564601
1.0;1.0;1.0;1.0;0.431455
1.0;0.397199;0.233599;0.787899;1.03843
0.634;0.9201;0.1967;0.0;1.07969
0.0;0.0;0.0;0.563299;0.00396454
0.514799;0.0;0.808;0.384;-0.105538
0.428;0.777;0.5365;0.7128;0.194419
0.804199;1.0;0.245199;1.0;0.879968
1.0;0.768999;1.0;0.317999;1.047
0.408;1.0;0.8147;1.0;0.647263
1.0;1.0;0.0;0.0;1.87078
0.0;0.0;0.0;0.0;0.797419
0.0;0.0;0.963099;0.554899;-0.216838
0.4452;0.439;0.3119;0.308199;0.366695
0.499799;1.0;0.0;1.0;0.590808
1.0;1.0;1.0;1.0;0.792266
1.0;1.0;0.375299;0.0;1.58235
0.0;0.0;0.302599;1.0;0.239156
1.0;0.741;1.0;0.5382;0.838388
0.253;0.0;0.7377;0.165899;0.420255
0.775999;1.0;0.9183;0.898;0.680918
1.0;0.522;0.0;0.0852;1.61945
0.0;0.0;0.0;0.0;0.321025
0.0;0.0;0.0;0.54;-0.742005
0.673;0.768;1.0;1.0;-0.0277034
0.927;0.922999;0.0;0.744999;1.07631
0.738999;0.241;1.0;0.465;0.603969
0.261;0.759;0.0;0.534999;0.636009
0.738999;0.241;1.0;0.465;0.600693
0.632;0.632;0.0;0.0;1.14977
0.0;0.948999;0.955999;1.0;0.0634112
1.0;0.158;0.534;0.194;1.24428
0.095;1.0;0.519999;1.0;0.323499
1.0;1.0;1.0;1.0;0.925667
1.0;0.671999;0.968999;0.192;1.32398
0.222999;0.218;1.0;0.738;0.530172
0.399;0.247;0.0;0.0;0.975496
0.0;1.0;0.0;0.0;0.687666
0.0;0.0;0.0;0.132999;0.0116029
0.106999;0.015;0.5922;0.033;-0.365066
0.058999;0.9981;0.0;0.802;-0.133329
0.802;0.0;1.0;0.143999;0.344405
0.143999;0.0;0.657299;0.387;-0.316276
0.768;0.709999;0.4587;0.371;0.599638
1.0;1.0;0.209999;1.0;1.1264
0.069;1.0;1.0;0.218999;0.45173
0.218999;0.0;0.190999;0.402;0.557951
0.402;0.483;0.803;0.801;0.206182
0.813;0.939999;0.661;0.954999;0.774074
0.942999;0.554699;0.744999;0.0;1.2651
0.656199;0.4873;0.713;1.0;0.783179
0.5998;0.765999;0.0;0.052499;1.28597
0.007;0.665;0.924999;1.0;0.11288
1.0;1.0;1.0;1.0;0.925637
1.0;1.0;0.3888;1.0;1.36241
1.0;0.754;1.0;0.567;1.17727
0.476999;0.523999;1.0;1.0;0.673563
0.632;0.0;0.0;0.0;1.282
0.0;1.0;0.329999;1.0;0.233061
1.0;1.0;1.0;0.876;0.899077
0.811;0.974999;0.909999;0.909;0.94027
0.790999;1.0;0.362;0.0;1.57741
0.0;0.911999;0.558999;1.0;0.604547
1.0;0.442;1.0;0.0;1.45363
0.0;0.973999;0.429;0.441;0.891931
1.0;0.96;0.0;1.0;1.64964
0.111999;1.0;0.873;0.0;0.847421
0.0;0.0;0.783999;1.0;0.308374
0.877;0.5802;0.0;0.613;1.17513
0.991;0.7958;1.0;0.71;0.895638
0.481999;0.0;0.6105;0.215999;0.711549
0.102499;0.010599;0.6735;0.4628;-0.112956
0.576999;1.0;0.186299;1.0;0.547458
1.0;1.0;0.9057;0.681999;0.905962
0.652;0.0;0.0;0.0;1.11052
0.0;0.012;0.0;1.0;-0.515463
1.0;0.644999;1.0;0.964999;0.329501
0.965999;0.335999;1.0;0.5;0.644235
0.1952;0.1952;0.0;0.0;0.343365
0.0848;1.0;0.326999;1.0;0.0186869
1.0;1.0;1.0;0.332599;0.93431
0.204;0.689;0.31;1.0;0.568707
1.0;1.0;0.0;0.0;1.65735
0.0;0.0;1.0;0.738;0.0383654
1.0;0.528;0.0;0.173;1.32153
0.0;1.0;1.0;0.671;0.140012
0.671;0.0;0.0;0.195999;0.963915
0.241999;1.0;0.689;1.0;0.212968
1.0;1.0;1.0;1.0;0.876332
1.0;0.747599;0.220999;0.416999;1.55971
0.412999;0.0;1.0;0.553;0.508256
1.0;1.0;1.0;1.0;0.86124
1.0;0.778999;0.0;0.706;1.56876
0.0;0.382;0.674999;1.0;0.140778
0.994;0.238999;0.906;0.680999;0.841127
0.727;1.0;1.0;0.0;0.908736
0.0;1.0;0.595199;0.950999;0.497127
1.0;0.0;1.0;1.0;0.931729
0.866999;0.644999;0.989699;0.644999;0.84706
0.432;1.0;0.0;1.0;0.947464
1.0;1.0;0.706;0.0;1.38594
0.0;1.0;1.0;1.0;0.360821
1.0;1.0;1.0;1.0;1.13998
1.0;0.0;0.0;0.0;1.85238
0.0;0.0;0.611399;0.674099;0.0358679
0.5146;1.0;0.5155;1.0;0.472099
1.0;1.0;0.0;1.0;1.3397
1.0;1.0;1.0;0.0;1.20872
0.0;0.0;0.119;0.238;0.701673
0.329999;0.0;0.0;0.0;0.364391
0.0;0.0;0.0;0.0;-0.587182
0.0;0.0;0.947299;0.506;-1.01345
0.064999;0.0;0.1507;0.513;-1.4132
1.0;1.0;0.75;1.0;0.212977
1.0;1.0;1.0;1.0;0.670955
1.0;1.0;1.0;0.0;1.2082
0.0;0.0;0.0;1.0;0.306163
1.0;1.0;1.0;0.76;0.769136
0.873999;0.243;1.0;0.685;0.829462
0.0;0.717999;0.415;0.799999;0.273336
1.0;1.0;0.0;1.0;1.33639
1.0;1.0;1.0;1.0;0.917763
1.0;0.3108;1.0;0.0;1.33467
0.0;1.0;0.920899;1.0;0.343705
1.0;0.0;1.0;0.0;1.36879
0.0;0.0;0.968;0.722999;0.0847467
0.783;0.290999;0.403999;0.146;0.889311
0.022;1.0;0.0;0.0;0.661231
0.0;0.0;0.0;1.0;-0.481974
1.0;0.075999;0.0;0.0;0.367618
0.0;0.0;0.560799;1.0;-1.25976
1.0;1.0;1.0;1.0;0.214423
1.0;0.091;1.0;0.981999;0.458164
1.0;0.807999;1.0;0.719999;0.70735
0.582999;1.0;0.0;0.0;1.27041
0.0;0.0;0.0;1.0;0.0512608
1.0;0.436;1.0;0.0;0.780688
0.394;0.0;0.0554;0.0;0.445724
0.0;0.0;0.0;1.0;-1.07006
1.0;0.3121;1.0;0.040999;0.198827
0.5869;0.4111;0.0;0.987399;0.144533
0.492099;0.225799;0.0;0.0;0.0997492
0.0;0.0;0.0;0.0;-0.822469
0.0;0.0;0.0;0.660799;-1.7642
0.649;0.694;1.0;0.8079;-0.405019
0.822999;0.180999;0.212999;0.0;0.442491
0.0;0.0;0.622;1.0;-1.03835
0.882;0.34;0.747;0.119999;0.207058
0.305999;0.305999;0.0;0.0;0.0957259
0.0;1.0;0.754099;1.0;-0.244959
1.0;0.5407;0.0;0.0;1.29918
0.0;0.313199;0.0;1.0;-0.287386
1.0;0.1056;1.0;0.0;0.517354
0.0;0.0;0.069;0.399;-0.579192
0.0;1.0;0.473199;1.0;-0.430777
1.0;1.0;0.7639;0.0;0.993607
0.0;0.0;1.0;1.0;-0.253554
1.0;0.345999;0.444;0.0;0.965882
0.0;0.0;0.0;0.1448;-0.280213
0.161199;0.0;0.0;0.0;-0.755524
0.254;0.093999;1.0;1.0;-1.04616
0.4427;1.0;0.363499;0.6901;0.0386515
0.663299;0.8862;0.0;0.0;0.987873
0.052;0.0;0.0;0.0;0.0082829
0.0;0.545;1.0;1.0;-0.507437
1.0;1.0;1.0;0.776799;0.710116
0.673999;0.015;0.0;0.1799;0.869889
0.215;0.0;1.0;0.2762;-0.14218
0.0;0.2202;0.201499;0.4726;-0.491991
0.7841;0.985799;0.0;0.9855;0.577463
1.0;1.0;1.0;0.694499;0.785685
0.677999;0.5;0.240399;0.7379;0.994153
0.042;1.0;0.323;0.0;0.715477
0.040999;1.0;0.397999;1.0;0.467593
1.0;0.0;1.0;0.0;1.17242
0.472999;0.5177;0.477099;0.487899;0.806705
0.0;1.0;0.516599;1.0;0.273926
1.0;1.0;1.0;1.0;0.936807
1.0;0.442999;0.0;0.0;1.7725
0.0;0.0;0.442999;0.8892;-0.00134623
0.878;0.689999;0.0;0.0;1.13986
0.0;0.0;0.9213;1.0;-0.508209
0.3086;0.552999;0.0;0.524699;0.024406
1.0;0.548;1.0;0.0;0.762121
0.0;0.495;0.0;0.0;0.462685
0.0;0.0;0.044999;0.5942;-0.645219
0.701;0.385;0.855;0.3947;0.0715175
0.161;0.879;0.524;0.374099;0.264806
0.271;0.117899;0.495;1.0;-0.213378
1.0;1.0;1.0;1.0;0.569234
1.0;0.6534;0.309099;0.0;1.43007
0.0;0.0;0.0;0.3348;0.149582
0.366;0.441;0.0;0.0;0.340024
0.0;0.0;0.0531;1.0;-1.11729
1.0;0.445999;1.0;0.0;0.295801
0.0;0.0;0.4595;0.9483;-0.902023
0.010399;0.725999;1.0;1.0;-0.668158
1.0;0.869799;0.0634;0.516199;1.01707
0.511;0.6297;0.3566;0.0;0.863678
0.0;0.0;0.3411;0.3977;-0.115283
0.472;0.0;0.0;0.306199;-0.297361
0.325999;0.913499;0.662999;1.0;-0.169679
1.0;1.0;1.0;1.0;0.673438
0.0;0.0;0.0;0.0;0.266919
0.659999;1.0;0.314999;1.0;0.621877
1.0;1.0;1.0;1.0;0.825239
1.0;1.0;0.350999;0.501899;1.45348
0.764;0.0;0.654;0.0;1.21619
0.0;0.537199;0.418099;0.305899;0.49584
0.301;0.0;0.0;0.471;0.229425
0.951;1.0;0.3196;1.0;0.844715
0.530999;0.478999;0.905499;1.0;0.32532
1.0;0.837999;1.0;0.0;1.08923
0.0;0.0;0.0;0.0;0.54569
0.0;0.0;0.0;0.0;-0.28037
0.0;0.902;0.4915;1.0;-0.389676
1.0;0.0;0.8147;0.3797;0.457684
1.0;1.0;1.0;0.494;0.801829
0.033;0.0;0.0;0.085299;0.291384
0.0;0.0;0.0;0.2782;-0.691899
0.215;1.0;0.9004;1.0;-0.300088
1.0;1.0;1.0;1.0;0.717358
0.853999;0.865899;0.0;0.658;1.37909
1.0;0.4541;1.0;0.494999;1.06484
0.0;0.0;0.0;0.542;0.249431
0.0;1.0;0.451;0.947299;-0.0503889
1.0;0.0;0.087;0.0;1.0005
0.0;0.0;0.0;0.0;-0.380792
0.0;0.0;0.221;1.0;-1.51071
1.0;0.695;1.0;0.0;0.239722
0.0;0.0;0.4629;0.7845;-0.805273
0.714399;0.817999;0.337599;0.518;0.359497
0.5336;1.0;0.613;1.0;0.428019
1.0;1.0;0.915;1.0;0.899885
1.0;1.0;1.0;0.178899;1.24929
0.144999;0.0;0.0;0.664099;0.724543
0.0;0.0;0.7402;0.0;0.0243613
1.0;1.0;1.0;1.0;0.705785
1.0;1.0;0.0;0.0;1.70184
0.0;0.0;0.0;0.0;0.534851
0.0;0.0;0.0;0.0;-0.267082
0.0;0.0;0.3547;0.699;-1.22573
0.798;1.0;0.0;1.0;0.259242
1.0;0.5728;1.0;0.2299;0.723443
0.158999;0.287999;0.0;0.0;0.450758
0.0;1.0;0.0;1.0;0.0274071
1.0;0.527;1.0;0.391399;0.813437
0.406999;0.186999;0.160299;0.1717;0.620774
0.0584;0.747;0.3225;0.596;0.141437
0.0;0.078999;0.210499;0.0;-0.115409
0.423999;0.0;0.668999;0.477999;-0.357377
0.576999;1.0;0.576999;1.0;0.252578
1.0;0.222;0.0;0.0;1.12141
0.0;0.245599;0.0;0.0;-0.0392816
0.0;0.0224;0.0;1.0;-1.308
1.0;1.0;1.0;0.0;0.397218
0.0;0.375999;0.0;0.564499;-0.191878
0.296999;0.0;1.0;0.608999;-0.50179
0.7;0.441;0.016;0.0;0.480924
0.912999;1.0;0.147999;0.933399;0.910584
0.037;0.0;0.0;0.0;-0.00463641
0.0;0.0;0.230399;0.370999;-0.88171
0.269;1.0;0.353999;0.566;-0.0717155
0.471999;0.0;0.0;0.2869;-0.171318
0.299;0.046;1.0;0.963099;-0.831579
0.899;0.494;0.882999;0.494;0.274647
0.501999;1.0;0.191;0.670999;0.62509
0.757;0.0;0.408;0.51;0.579659
0.379999;0.0;0.924999;0.578;-0.198626
0.81;0.456;0.0;0.552999;0.617141
0.411;1.0;0.010399;0.0;0.739858
0.0;0.0;0.4936;0.588;-0.295409
0.694;0.552999;1.0;0.564999;0.308213
0.557;1.0;0.486;0.884999;0.652162
0.897999;0.405;0.279999;0.0;1.32207
0.266;0.483;0.26;0.796199;0.43091
0.524;0.439999;0.0;0.0;0.814194
0.0;0.085999;0.616999;0.933999;-0.541039
0.778;0.537999;1.0;0.940299;0.177396
0.0;0.7693;0.0;0.0;0.369904
0.741;0.0357;0.835599;0.031;0.601379
0.0;0.143;0.468;0.861;-0.488671
0.891999;0.649999;0.589999;0.811999;0.474019
0.761;1.0;1.0;1.0;0.509412
0.979999;0.947;1.0;0.688;0.986863
0.986;0.238;0.813;0.546;1.19237
0.326999;0.513;0.525999;0.542;0.675763
0.631;1.0;0.209;1.0;0.965754
1.0;1.0;1.0;0.888999;0.9641
1.0;0.402999;1.0;1.0;1.02652
0.707999;1.0;0.888999;1.0;0.784973
1.0;1.0;1.0;0.237499;1.27179
0.006;0.0;0.306899;0.128399;0.909827
0.1508;0.497;0.4297;0.4984;0.530753
0.973199;1.0;0.5574;1.0;1.06549
1.0;0.449999;1.0;0.677999;1.02449
0.299;0.299;0.210999;0.0;0.917564
0.0;0.102099;0.0;0.0;0.25349
0.155;0.0;0.0;0.0;-0.310918
0.0;0.0;0.684899;0.575;-1.07199
0.1253;1.0;0.4706;1.0;-0.419509
1.0;0.814999;0.0;0.0;1.1774
0.0;0.0;0.576;0.900999;-0.512951
0.849;0.67;0.635999;1.0;0.378982
1.0;0.665999;0.221;0.0;1.22163
0.0;0.372;0.610999;1.0;-0.155132
1.0;0.5865;1.0;0.967799;0.621716
0.887299;0.5129;0.1251;0.0;1.28384
0.0;0.242599;0.0;0.2682;0.186316
0.400499;0.369;0.998199;0.791299;-0.0222585
0.933;0.67;0.888;0.644;0.73804
0.645999;0.658999;0.431999;0.593999;0.870098
0.616;0.469999;0.706;0.647999;0.69795
0.486999;0.271;0.7822;0.511;0.511692
0.527;0.451;0.3726;0.3395;0.716845
0.283799;1.0;0.4602;1.0;0.408737
1.0;0.748;1.0;0.153999;1.13424
0.214799;0.372;0.391;0.876999;0.546653
0.817999;0.575999;0.742999;0.5457;0.889171
0.575;0.427999;0.0;0.0;1.13143
0.0;0.0;0.491;0.857199;-0.347169
0.39;0.1668;0.088999;0.0;-0.0432453
0.725999;1.0;0.109999;0.1655;0.806601
0.0;0.459999;0.501;1.0;-0.218805
1.0;0.635999;1.0;0.631599;0.695465
0.641999;1.0;0.66;1.0;0.727642
1.0;0.498;0.385999;0.0;1.50198
0.0;0.0;0.602999;0.611;0.0854918
0.308999;0.42;0.505;0.512999;0.200925
0.611;0.902;0.0;0.1863;0.966171
0.028;0.103999;0.444;0.773899;-0.238045
1.0;0.608;0.584;0.0;0.928743
0.0;0.147999;0.054999;0.4575;-0.169267
0.360999;0.858;0.0;1.0;0.0836589
1.0;0.489;1.0;0.683499;0.59999
0.332;0.351999;0.004;0.364999;0.42348
0.534999;1.0;0.359999;0.495;0.66827
0.465;0.751;0.908;1.0;0.431267
1.0;0.526999;0.15;0.463299;1.39265
0.26;0.948;0.793999;0.0;0.755171
0.0;0.0;0.443899;1.0;0.0659623
1.0;0.604599;0.7231;0.3789;0.914652
0.0;0.804;0.459999;0.0;0.605805
0.484;0.0;0.0;0.195999;0.590573
0.361999;0.379999;0.623;0.483;0.111014
0.379;0.355;0.0;0.0;0.369746
0.0;0.0;0.402;0.2059;-0.550877
0.129;0.637999;0.393;1.0;-0.543963
1.0;0.959;0.672499;0.0;0.885777
0.304;0.0;0.9385;1.0;-0.121095
0.688699;1.0;0.364;0.3515;0.823427
0.893299;0.498999;0.082999;0.1067;1.31019
0.0;0.994;0.0;0.0;0.755248
0.0;0.0;0.251;0.488299;-0.0703297
0.363;1.0;0.451;0.5107;0.400279
0.531;0.0;0.448099;0.574399;0.221611
0.5;0.5468;0.8549;0.4757;0.276802
0.500999;0.726199;0.0;0.0;0.954387
0.0;0.0;0.346999;0.937299;-0.512525
0.960999;0.444;0.618;0.026;0.63952
0.028;0.066;0.0;0.0;-0.230765
0.0;0.280999;0.451;0.950999;-0.974821
0.976999;0.591999;1.0;0.591999;0.292713
0.283;0.365;0.1875;0.2387;0.215442
0.53;0.647999;0.059499;0.091299;0.663553
0.0;0.233999;0.506;0.649;-0.335365
0.918999;0.469999;0.484999;0.658;0.562696
0.648;1.0;0.9278;0.778;0.501327
0.658;0.156;0.0;0.0;1.05539
0.0;0.0;0.527;0.539999;-0.376593
0.605;0.551;0.843299;0.4449;0.25923
0.417;0.848999;0.3177;0.9191;0.449113
0.988;0.577;0.275999;0.0;1.30716
0.0;0.094999;0.027;0.123;0.174625
0.204;0.183999;0.432999;0.381;-0.224142
0.194999;0.0;0.019;0.162499;-0.659331
0.388999;0.160999;0.659899;0.421499;-0.563847
0.383;0.548;0.4457;0.5786;-0.155171
0.542;0.639;0.3734;0.342399;0.409029
0.263999;0.328499;0.293;0.492;0.0585713
0.571899;1.0;0.128299;0.970999;0.540904
1.0;0.554999;1.0;0.682;0.805739
0.370999;0.875;0.379;1.0;0.603733
1.0;0.5296;1.0;0.2222;1.11002
0.561999;0.354399;0.798299;0.853499;0.687019
0.576999;0.897;0.126999;0.829599;0.973112
0.812;1.0;0.657;0.916399;0.949118
0.975999;1.0;1.0;1.0;0.970075
1.0;0.393;0.8769;0.582999;1.23992
0.586999;1.0;0.6931;1.0;0.840253
1.0;0.510999;1.0;0.674999;1.13629
0.763;0.361;0.0;0.0;1.57197
0.0;0.59;0.0;0.0;0.812814
1.0;0.409999;1.0;1.0;0.853653
0.0;0.59;0.0;0.0;0.680662
0.0;0.0;0.435;0.364999;-0.0889055
0.334999;1.0;0.0;0.0;0.684644
0.0;0.0;0.1071;1.0;-0.667124
1.0;1.0;1.0;0.667;0.488869
0.564;0.0;1.0;1.0;0.0899115
0.6931;0.358;0.535;0.0648;0.636817
0.486899;0.57;0.0;0.060199;0.786913
0.0;0.214999;0.0;0.0;0.0276127
0.0;0.0;0.309999;0.757999;-1.03764
0.757999;0.0;0.551;0.296999;-0.37454
0.296999;0.027;0.346;0.155;-0.687279
0.093;0.275999;0.381799;0.415;-0.831213
0.494;0.4792;0.6872;0.877799;-0.311821
0.548;0.409099;0.0;0.0;0.327129
0.0;0.0;0.180999;0.262999;-0.757023
0.239;0.813;0.4808;0.804;-0.29351
0.774999;0.231999;0.7402;0.552;0.280712
0.544;1.0;0.719;1.0;0.378502
1.0;0.573;1.0;0.363999;1.00449
0.551;0.365799;0.226399;0.2639;1.01497
0.157999;1.0;0.0;0.9021;0.548575
0.788;0.548;1.0;1.0;0.625751
1.0;0.5;0.0;0.0;1.54978
0.0;0.0;0.16;0.734;-0.0861011
0.733;0.932;0.978999;0.453999;0.498159
0.454999;0.325999;0.482199;0.491;0.585542
0.512;0.242;0.5811;0.326599;0.494046
0.316999;1.0;0.0;1.0;0.49843
1.0;0.695;1.0;0.320999;0.969497
0.378;0.284;0.097;0.085999;0.912581
0.085999;0.431999;0.0;0.0;0.458122
0.0;0.4466;0.0;0.0;0.154401
0.0;0.0;0.725999;0.708999;-0.74582
0.547999;1.0;0.3973;0.282;0.449056
0.433;0.6717;0.0;0.0;0.835428
0.0;0.0;0.336999;0.0;-0.0498376
0.0;0.938;0.529;1.0;-0.182044
1.0;0.3523;0.364999;0.0;1.03513
0.0;0.4187;0.001;1.0;-0.329437
1.0;0.0;1.0;0.529999;0.218178
0.466999;0.588999;0.0;0.357;0.385425
0.471999;0.584499;0.400299;0.178999;0.497399
0.126999;0.0;0.08;0.0;-0.0747464
0.0;0.0;0.333999;0.408;-0.942232
0.408;0.569;0.462;0.339999;-0.160109
0.339999;0.643999;0.553999;0.628;0.0681379
0.64;0.547;0.572;0.499;0.547511
0.636;0.223999;0.6906;0.552999;0.454155
0.427999;0.744999;0.2622;0.469999;0.590453
0.387;1.0;0.294199;0.221;0.838018
0.28;0.0;0.0;0.0;0.52921
0.0;0.0;0.828;0.8522;-0.737344
1.0;1.0;0.610999;1.0;0.60641
1.0;0.331899;1.0;0.555999;0.78075
0.225;0.4884;0.503699;0.115;0.564299
0.405;0.486499;0.0326;0.0;0.862575
0.144999;0.0;0.0;0.0485;0.0199207
0.0;0.130999;0.890999;0.491;-0.619724
0.492999;0.420999;0.0;0.104999;0.171761
0.103;0.03;0.736;0.277999;-0.504913
0.277999;0.306899;0.608999;0.456;-0.295072
0.382;0.2111;0.586;0.481;-0.222536
0.568999;1.0;0.2866;1.0;0.378255
1.0;0.761;0.932399;0.481999;0.898594
0.489999;0.371;0.538;0.274999;0.823761
0.267;0.409999;0.422899;0.234999;0.587291
0.237;0.532;0.5071;0.935;0.184713
0.920999;0.455999;0.878;0.573999;0.747473
0.335999;0.375999;0.396;0.167;0.592888
0.415999;1.0;0.099199;0.802;0.709016
0.803;1.0;0.8748;0.677999;0.867934
0.677999;0.0;0.404699;0.099;1.08518
0.097;0.983999;0.4513;0.860999;0.354726
0.865;0.306;0.767;0.604999;0.892115
0.653999;0.440999;0.902999;0.702;0.624041
0.633;0.720999;0.439;0.562999;0.906847
0.580999;0.6385;0.372;0.172;1.05814
0.172;0.163499;0.286;0.845999;0.218961
0.884999;1.0;1.0;0.971;0.604624
0.933;0.176;0.457;0.074999;1.21487
0.070999;0.198999;0.713999;0.771999;-0.0506721
0.417;0.5362;0.352899;0.0;0.597165
0.663;0.794799;0.340899;0.6811;0.816608
0.351999;0.941;0.322;1.0;0.571389
1.0;0.588999;1.0;0.31;1.07855
0.31;0.239999;0.0;0.0;0.958643
0.0;0.0;0.655;0.3284;-0.119191
0.282;0.112999;0.638;0.448599;-0.211491
0.501999;0.521;0.57;0.629399;0.138108
0.582;1.0;0.0;0.163;0.918747
0.158;0.0;0.533;0.637;-0.138774
0.636;0.556999;0.539999;0.378;0.451211
0.364999;0.314;0.158;0.015;0.442589
0.028;0.035;0.0;0.0;-0.356936
0.0;0.0;0.376899;0.543999;-1.18409
0.413999;0.482999;0.439;0.493499;-0.434073
0.611;0.707;0.1661;0.0;0.522632
0.0;0.0;0.0;0.0;-0.41215
0.0;0.0;0.056999;0.826;-1.60716
0.826;0.95;1.0;1.0;-0.0938407
1.0;1.0;0.933999;1.0;0.686479
1.0;0.535999;1.0;0.381;1.05323
0.509999;0.405;0.261;0.0;1.1329
0.493;0.477;0.517899;0.5465;0.725562
0.0;0.048999;0.0;0.0;0.159154
0.0;0.313;0.298999;1.0;-0.727346
1.0;0.482999;1.0;0.197;0.478969
0.197;1.0;0.659999;1.0;0.201372
1.0;0.6065;1.0;0.525999;0.980211
0.46;0.176499;0.6171;0.469;0.662977
0.531999;0.428;0.0;0.288;0.806031
0.291;0.870999;0.730999;0.759;0.309614
0.759;0.187;0.2645;0.153999;0.976814
0.153999;0.518999;0.692499;0.859;0.0375816
0.856999;0.85;0.909;0.522999;0.798486
0.524999;0.466;0.656999;0.833;0.653259
0.442;0.447799;0.491999;0.374599;0.687484
0.43;1.0;0.142;0.0674;1.05094
0.4;0.0;0.280999;0.364999;0.540305
0.373999;0.889;0.698;1.0;0.266863
1.0;1.0;0.859;1.0;0.91194
1.0;0.564999;1.0;0.683999;1.05625
0.597999;0.843499;0.923999;0.705999;0.822259
1.0;0.5766;0.331099;0.0168;1.68195
0.0;0.426399;0.4039;0.428199;0.603942
0.457;0.4405;0.463999;0.582;0.696109
0.575999;0.2418;0.411;0.453;0.643353
0.546;0.199199;0.0;0.0;0.635249
0.0;0.146;0.073;0.0;-0.252476
0.0;0.0;0.562999;0.661899;-1.04731
0.4919;0.5669;0.608;0.5358;-0.174778
0.6141;0.859999;0.484999;0.4191;0.545002
0.406999;0.921999;0.472999;1.0;0.488282
1.0;1.0;1.0;0.410999;1.05316
0.457999;0.0;0.143;0.0225;1.03251
0.034999;0.228999;0.0;0.0;0.225581
0.088;0.0;0.6111;0.567699;-0.605618
0.462;0.771999;0.485899;1.0;-0.0296495
0.830999;1.0;1.0;0.567;0.624476
0.471;0.286999;0.441;0.411;0.702397
0.408999;0.161;0.0;0.0;0.543467
0.0;0.0;0.0;0.0;-0.464427
0.0;0.0;0.430999;0.5498;-1.2177
0.541;0.073999;0.7879;0.605199;-0.728505
0.515499;0.584;0.3767;0.41;-0.0182054
0.361499;0.988999;0.3414;0.502699;0.369776
0.609999;0.325;0.55;0.351199;0.608543
0.459;0.311;0.338;0.7851;0.261925
0.686;0.634;0.777999;0.317;0.595693
0.295999;1.0;0.576999;1.0;0.427578
1.0;0.323999;1.0;0.3582;1.04223
0.463;0.616;0.597299;0.6308;0.755841
0.680999;0.669999;0.328;0.4619;1.0876
0.327999;0.311;0.319;0.3106;0.672425
0.236;0.51;0.324999;0.905699;0.207717
1.0;0.657499;0.111;0.0;1.28523
0.0;0.0;0.414999;0.412799;-0.139677
0.511;0.2862;0.565799;0.5112;0.0893601
0.601099;0.631799;0.5852;0.645799;0.387354
0.5469;0.976999;0.189999;0.0962;0.960405
0.203;0.576;0.475;1.0;0.293673
1.0;0.949;1.0;0.682;0.904907
0.728699;0.418999;0.604999;0.114999;1.2046
0.118;0.5407;0.463;1.0;0.353987
0.899999;0.499299;1.0;0.655999;0.801201
0.9633;1.0;0.241;0.884799;1.2937
0.712699;0.420999;0.497;0.0;1.22817
0.0;0.491;0.612;1.0;0.1721
1.0;1.0;1.0;1.0;0.841919
1.0;0.902;1.0;0.234999;1.23216
0.192999;0.301;0.582;0.547899;0.761882
0.631999;0.127699;0.6843;0.6678;0.692374
0.5169;0.5603;0.5056;0.3332;0.713984
0.4971;0.486999;0.240199;0.581099;0.688345
0.484;0.75;0.7159;0.730999;0.502659
0.774999;0.654;0.597999;0.436;0.999872
0.524;1.0;0.772999;1.0;0.664011
1.0;1.0;1.0;0.117799;1.28715
0.139;0.0;0.649;0.5172;0.654657
0.3827;0.996299;0.4307;0.6777;0.772206
0.8943;0.2807;0.301299;0.261299;1.2861
0.010999;0.334699;0.329999;0.375;0.242034
0.478;0.240299;0.0;0.0;0.536845
0.0;0.0;0.0;0.028999;-0.502702
0.042999;0.356999;0.536999;0.777999;-0.847383
0.832999;0.313;0.776499;0.645;0.0646212
0.451999;0.689;0.6315;0.469299;0.284059
0.68;0.366999;0.0;0.0;0.87115
0.0;1.0;0.626999;1.0;-0.00205851
1.0;1.0;1.0;1.0;0.84386
1.0;1.0;1.0;0.675;1.10479
0.673999;0.0;0.344;0.228;1.23746
0.580999;0.463999;0.692999;0.696099;0.675828
0.083;0.227;0.1663;0.2353;0.309468
0.589999;0.847999;0.2897;0.3339;0.793073
0.329;0.31;0.325;0.2507;0.522415
0.222999;0.1152;0.444999;0.740099;-0.18635
0.643999;0.9848;0.573;0.8869;0.424541
1.0;0.544999;0.641;0.0;1.18531
0.0;0.0;0.5383;0.5471;-0.0328592
0.329299;1.0;0.435199;1.0;0.263495
1.0;0.488999;0.3795;0.0;1.25806
0.0;0.052;0.343;0.7733;-0.205406
0.726999;0.878;0.817999;0.816699;0.435127
0.853999;0.299999;0.347;0.108199;1.04104
0.069;0.716999;0.631999;1.0;0.0487068
1.0;0.442;1.0;0.4649;0.872398
0.375999;0.61;0.537999;0.444499;0.688715
0.725999;0.552999;0.0;0.406;1.16396
0.191;0.348999;0.784999;0.421999;0.28222
0.499;1.0;0.547;1.0;0.599448
1.0;0.460499;0.677;0.0;1.32873
0.087;0.0309;0.414999;0.6721;0.162024
0.513999;0.427599;0.5341;0.545899;0.346575
0.3077;0.521999;0.559699;0.492;0.253881
0.685299;0.777999;0.5242;0.492999;0.786979
0.606;0.3293;0.386999;0.515999;0.737525
0.473999;1.0;0.652;0.7752;0.571788
0.711;0.411;0.038299;0.765799;1.01386
0.855999;0.602999;1.0;0.456;0.807235
0.576;0.473;0.812299;0.759;0.664366
0.552999;0.564999;0.5221;0.557;0.802682
0.548999;1.0;0.354799;1.0;0.813011
1.0;1.0;1.0;1.0;0.937987
1.0;1.0;1.0;1.0;1.02956
1.0;0.560999;0.932;0.0172;1.47024
0.082;0.076999;0.018599;0.134;0.991313
0.138999;0.036;0.7753;0.402699;0.148419
0.445;0.537;0.6191;0.6403;0.368137
0.495999;0.844999;0.0;0.0;1.01105
0.0;1.0;0.0;1.0;0.336761
1.0;0.956;1.0;0.624899;0.946019
0.501;0.822;0.499;1.0;0.853805
1.0;1.0;0.454999;0.0;1.58036
0.0;0.0;0.0;0.718999;0.451694
0.515;0.425;0.4586;0.0;0.683893
0.517999;1.0;0.53;1.0;0.605259
0.805;0.370099;1.0;0.709999;0.759644
0.417;0.728899;0.518;1.0;0.585113
1.0;0.862;1.0;1.0;0.884838
1.0;0.866999;1.0;0.679199;1.07558
0.717999;0.313;0.7163;0.3823;1.13152
0.276;0.615099;0.5177;0.5595;0.726811
0.613999;0.4529;0.317999;0.366;1.0437
0.359;1.0;0.458999;1.0;0.604988
1.0;0.426;0.264;0.0;1.51736
0.0;0.0;0.0;0.3268;0.218845
0.404999;0.028999;0.5604;0.0;0.107048
0.0;0.0;0.498199;0.6253;-0.817906
0.4112;0.564;0.5216;0.4499;-0.122615
0.5428;1.0;0.384199;0.900399;0.419314
0.925999;1.0;0.711;0.8653;0.902165
0.899;0.125;0.617999;0.0;1.20759
0.0;0.248999;0.319;1.0;-0.0720433
1.0;0.98;1.0;1.0;0.644181
1.0;0.512499;1.0;0.662999;0.93498
0.412;0.8783;0.349499;0.344;0.956086
0.471;0.923199;0.5662;1.0;0.763495
1.0;0.668999;0.956299;0.435999;1.19752
0.377;0.216999;0.295999;0.4681;0.903276
0.429;0.521;0.353;0.188899;0.834123
0.302999;0.575;0.619999;1.0;0.326736
0.976999;0.409999;0.9733;0.3142;0.938986
0.348;0.8855;0.5947;0.6533;0.667898
0.570999;1.0;0.407299;1.0;0.908432
1.0;0.841999;1.0;0.996;0.999949
0.972;1.0;1.0;0.968499;1.02632
1.0;0.424;0.731;0.387;1.41624
0.337;0.304999;0.0;0.0;1.1987
0.0;0.0;0.654499;0.301699;0.150297
0.408;0.688;0.4809;0.6145;0.460977
0.6153;0.884;0.5686;0.816499;0.709141
0.777699;0.32;0.039;0.0275;1.25143
0.030999;0.204099;0.727999;0.773899;-0.146397
0.9;0.6029;0.301999;0.6171;0.85297
0.531;0.601999;1.0;0.5057;0.45884
0.457999;0.323;0.421999;0.218599;0.73686
0.203099;0.483999;0.5381;0.584699;0.280828
0.7389;0.558999;0.0623;0.5146;0.909416
0.412;0.523099;0.459599;0.0172;0.681002
0.0;0.0;0.0;0.315799;-0.187027
0.314999;0.246;0.383;0.046199;-0.0922165
0.054;0.363;0.469999;0.377899;-0.347947
0.397999;0.0;0.410899;0.5253;-0.521748
0.1653;0.642;0.407399;0.4805;-0.297838
0.8327;0.917;0.5587;1.0;0.56395
1.0;0.528999;0.658;0.0964;1.14281
0.125;0.456999;0.616;0.7695;0.245924
0.736999;0.624;0.724;0.522499;0.794966
0.564999;0.474999;0.423999;0.542;0.78925
0.554;0.399;0.6135;0.376;0.685117
0.469999;0.697;0.386499;0.735099;0.643788
0.564;0.585999;0.575;0.5953;0.697837
0.609999;1.0;0.829999;0.905299;0.663427
0.930999;0.040099;0.0;0.0;1.44989
0.0;0.0;0.0;0.161999;-0.0226251
0.250999;0.0;0.0;0.0;-0.391208
0.0;0.0;0.463999;0.561;-1.23903
0.518;0.617999;0.492;0.555999;-0.231605
0.587999;1.0;0.608999;0.988;0.298781
1.0;0.578;0.4692;0.242999;1.1462
0.129999;0.109999;0.592799;0.457999;0.12624
0.465999;0.441;0.2719;0.407;0.417159
0.519;1.0;0.8141;1.0;0.371156
1.0;0.412999;1.0;0.665999;0.911827
0.421999;0.510999;0.423;0.298999;0.818161
0.370999;0.49;0.0;0.0;0.933055
0.036;0.533999;0.521;1.0;-0.0311426
1.0;0.853999;0.798;0.3709;0.984079
0.347999;0.03;0.038999;0.1726;0.585426
0.197999;0.655;0.736;0.785499;0.0368425
0.784999;0.427;0.7853;0.795;0.5754
0.301;0.304999;0.494699;0.063999;0.468228
0.576;1.0;0.4375;1.0;0.650165
1.0;0.923;1.0;0.774799;0.949691
0.844499;0.423;0.126199;0.0;1.54486
0.091999;0.025999;0.3678;0.497999;0.239287
0.417;0.447;0.0;0.056;0.559519
0.042;0.0;0.9038;0.586999;-0.485309
0.384;0.536;0.287999;0.057;0.290034
0.194999;0.543999;0.106099;0.3001;0.176475
0.33;0.132;0.3534;0.544899;-0.236257
0.602999;0.555;0.629499;0.6047;0.189246
0.584999;0.695999;0.7254;0.4033;0.546751
0.43;0.274999;0.198599;0.282599;0.559444
0.182;0.1066;0.572999;0.5314;-0.218832
0.481999;0.4144;0.307;0.3172;0.192804
0.344999;0.576999;0.0;0.4402;0.209276
0.581999;0.697;1.0;0.710599;0.293256
0.6052;0.471;0.4542;0.299499;0.796018
0.353799;0.109999;0.098799;0.3215;0.316174
0.266999;0.95;0.711;1.0;0.068877
1.0;0.378199;1.0;0.5276;0.831939
0.584;0.5508;0.3228;0.305699;0.928403
0.403999;0.881999;0.520199;0.9133;0.583062
0.584;0.492;0.547;0.4741;0.842989
0.734999;0.549;0.649299;0.614899;0.887434
0.536999;0.478999;0.459699;0.2755;0.892163
0.231999;0.282199;0.0;0.0;0.66813
0.011;0.0;0.642;0.4452;-0.344875
0.275999;0.366;0.347999;0.446299;-0.156971
0.512799;0.617999;0.1623;0.3971;0.336019
0.430199;0.385999;0.6297;0.448799;0.203476
0.417;0.658;0.045;0.8018;0.346715
0.822;0.918;1.0;0.647;0.633643
0.539599;0.319999;0.421899;0.361999;0.817499
0.491399;0.228999;0.5779;0.549999;0.446237
0.332999;0.507;0.4512;0.281;0.430248
0.534;0.498;0.3417;0.4368;0.61665
0.447;0.631;0.5738;0.776899;0.421769
0.73;0.863999;0.6435;0.946299;0.73332
0.922999;0.643;0.191999;0.0;1.46573
