<OPEN>;<HIGH>;<LOW>;<CLOSE>;<VOL>;(predicted -> )<CLOSE>
1.0;1.0;1.0;1.0;0.5;1.90047
1.0;1.0;1.0;1.0;0.5;0.77583
1.0;1.0;1.0;1.0;0.5;-1.90894
1.0;1.0;1.0;1.0;0.5;-2.65424
0.0;0.0;0.0;0.0;0.5;-0.293305
0.0;0.0;0.0;0.0;0.5;-0.0137051
0.0;0.0;0.0;0.0;0.5;0.141142
0.0;0.0;0.0;0.0;0.5;-1.08552
0.5;0.5;0.5;0.5;0.5;3.02384
0.0;0.0;0.0;0.0;0.5;4.26164
0.519;0.519;0.519;0.519;0.5;-4.85098
0.494;0.494;0.494;0.494;0.5;2.40698
1.0;1.0;1.0;1.0;0.5;-3.76243
1.0;1.0;1.0;1.0;0.5;-0.188663
1.0;1.0;1.0;1.0;0.5;-4.20113
0.0;0.0;0.0;0.0;0.5;5.08629
0.0;0.0;0.0;0.0;0.5;5.6927
0.622;0.622;0.622;0.622;0.5;4.04708
0.822999;0.822999;0.822999;0.822999;0.5;-4.21374
0.268;0.268;0.268;0.268;0.5;-3.24222
0.669;0.669;0.669;0.669;0.5;4.10048
0.442;0.442;0.442;0.442;0.5;3.67856
0.762;0.762;0.762;0.762;0.5;1.81559
0.597;0.597;0.597;0.597;0.5;0.734822
0.262999;0.262999;0.262999;0.262999;0.5;5.73728
0.577999;0.577999;0.577999;0.577999;0.5;0.917755
1.0;1.0;1.0;1.0;0.5;2.92248
0.689999;0.689999;0.689999;0.689999;0.5;-1.10025
0.513;0.513;0.513;0.513;0.5;-3.19442
0.015;0.015;0.015;0.015;0.5;-0.145211
0.123999;0.123999;0.123999;0.123999;0.5;-1.64058
0.0;0.0;0.0;0.0;0.5;0.690935
1.0;1.0;1.0;1.0;0.5;2.6644
1.0;1.0;1.0;1.0;0.5;-0.963702
1.0;1.0;1.0;1.0;0.5;-0.453927
0.0;0.0;0.0;0.0;0.5;1.11754
0.0;0.0;0.0;0.0;0.5;-4.52506
0.173;0.173;0.173;0.173;0.5;5.09725
0.696999;0.696999;0.696999;0.696999;0.5;0.650154
0.289;0.289;0.289;0.289;0.5;0.805596
0.544;0.544;0.544;0.544;0.5;-2.01167
0.334999;0.334999;0.334999;0.334999;0.5;-1.04682
0.268;0.268;0.268;0.268;0.5;3.05393
0.555;0.555;0.555;0.555;0.5;2.68187
0.089999;0.089999;0.089999;0.089999;0.5;5.32201
0.0;0.0;0.0;0.0;0.5;-1.49812
0.029;0.029;0.029;0.029;0.5;-0.467761
0.312999;0.312999;0.312999;0.312999;0.5;0.797931
1.0;1.0;1.0;1.0;0.5;6.42872
0.5;0.5;0.5;0.5;0.5;-2.0209
0.215;0.215;0.215;0.215;0.5;-1.72091
0.891999;0.891999;0.891999;0.891999;0.5;1.39615
0.508;0.508;0.508;0.508;0.5;7.04678
1.0;1.0;1.0;1.0;0.5;0.658212
0.658999;0.658999;0.658999;0.658999;0.5;-2.06771
1.0;1.0;1.0;1.0;0.5;3.8942
0.257999;0.257999;0.257999;0.257999;0.5;-3.38569
0.486999;0.486999;0.486999;0.486999;0.5;3.28383
0.0;0.0;0.0;0.0;0.5;-2.21232
0.333;0.333;0.333;0.333;0.5;-5.71279
1.0;1.0;1.0;1.0;0.5;2.826
0.265;0.265;0.265;0.265;0.5;2.79173
0.440999;0.440999;0.440999;0.440999;0.5;-3.77048
0.63;0.63;0.63;0.63;0.5;2.23108
0.498999;0.498999;0.498999;0.498999;0.5;-0.74357
1.0;1.0;1.0;1.0;0.5;2.30191
0.967;0.967;0.967;0.967;0.5;0.588302
1.0;1.0;1.0;1.0;0.5;-5.2108
1.0;1.0;1.0;1.0;0.5;0.240986
1.0;1.0;1.0;1.0;0.5;1.68278
0.309999;0.309999;0.309999;0.309999;0.5;0.164245
0.402;0.402;0.402;0.402;0.5;-2.24429
0.245999;0.245999;0.245999;0.245999;0.5;-2.39285
1.0;1.0;1.0;1.0;0.5;0.438599
0.942;0.942;0.942;0.942;0.5;-1.58646
0.646;0.646;0.646;0.646;0.5;-0.267937
0.87;0.87;0.87;0.87;0.5;-2.10554
0.739999;0.739999;0.739999;0.739999;0.5;-1.75647
0.292;0.292;0.292;0.292;0.5;4.70398
0.509999;0.509999;0.509999;0.509999;0.5;0.580601
0.0;0.0;0.0;0.0;0.5;-4.42487
0.0;0.0;0.0;0.0;0.5;0.157795
0.163999;0.163999;0.163999;0.163999;0.5;2.94019
0.056;0.056;0.056;0.056;0.5;-4.03836
1.0;1.0;1.0;1.0;0.5;7.08443
0.369;0.369;0.369;0.369;0.5;-3.53228
0.332;0.332;0.332;0.332;0.5;0.28852
0.0;0.0;0.0;0.0;0.5;4.8559
0.5;0.5;0.5;0.5;0.5;1.20849
0.5;0.5;0.5;0.5;0.5;-0.709726
0.5;0.5;0.5;0.5;0.5;-3.38513
0.5;0.5;0.5;0.5;0.5;-1.22448
0.5;0.5;0.5;0.5;0.5;-0.811656
0.5;0.5;0.5;0.5;0.5;2.5086
0.5;0.5;0.5;0.5;0.5;-0.207873
0.5;0.5;0.5;0.5;0.5;-0.834807
0.5;0.5;0.5;0.5;0.5;-1.29382
0.5;0.5;0.5;0.5;0.5;-0.0818571
0.5;0.5;0.5;0.5;0.5;-1.67086
0.5;0.5;0.5;0.5;0.5;3.57095
0.5;0.5;0.5;0.5;0.5;3.0054
0.5;0.5;0.5;0.5;0.5;2.00029
0.5;0.5;0.5;0.5;0.5;-0.0692686
1.0;1.0;1.0;1.0;0.5;2.84469
0.3226;0.3018;0.3226;0.2997;0.5;4.09277
0.483999;0.483999;0.483999;0.493099;0.5;9.96434
0.080999;0.080999;0.080999;0.080999;0.5;5.07476
0.6907;0.6907;0.6907;0.6907;0.5;-1.06048
0.4021;0.4021;0.4021;0.4021;0.5;-0.522753
0.6398;0.6398;0.6398;0.6398;0.5;7.26991
0.523099;0.523099;0.523099;0.523099;0.5;2.0992
0.459299;0.459299;0.459299;0.459299;0.5;0.169156
0.442;0.442;0.442;0.442;0.5;2.11564
0.503499;0.503499;0.503499;0.503499;0.5;-4.85962
0.2972;0.2972;0.2972;0.2972;0.5;-1.02066
0.4756;0.4756;0.4756;0.4756;0.5;5.01749
0.6336;0.6336;0.6336;0.6336;0.5;-0.125738
0.468599;0.468599;0.468599;0.468599;0.5;-1.00305
0.5286;0.6026;0.4726;0.5306;0.5;0.724439
0.2769;0.2029;0.3329;0.274899;0.5;-3.33128
0.6033;0.6033;0.6033;0.6033;0.5;-2.58273
0.392099;0.392099;0.392099;0.392099;0.5;2.40643
0.1263;0.1263;0.1263;0.1263;0.5;6.83798
0.275199;0.275199;0.275199;0.275199;0.5;-0.954916
0.4282;0.4282;0.4282;0.4282;0.5;1.54765
0.4953;0.4953;0.4953;0.4953;0.5;-0.754686
0.6645;0.6645;0.6645;0.6645;0.5;1.67928
0.3964;0.3964;0.3964;0.3964;0.5;5.0418
0.421099;0.421099;0.421099;0.421099;0.5;-3.4786
0.6291;0.6291;0.6291;0.6291;0.5;2.91722
0.472799;0.472799;0.472799;0.472799;0.5;5.96339
0.6168;0.6168;0.6168;0.6168;0.5;-3.92599
0.492599;0.492599;0.492599;0.492599;0.5;0.02592
0.525099;0.525099;0.525099;0.525099;0.5;4.27014
0.486;0.486;0.486;0.486;0.5;1.55148
0.6226;0.6226;0.6226;0.6226;0.5;-1.69379
0.451999;0.451999;0.451999;0.451999;0.5;1.42407
0.6442;0.6442;0.6442;0.6442;0.5;3.46895
0.091899;0.091899;0.091899;0.091899;0.5;-1.73691
0.910399;0.910399;0.910399;0.910399;0.5;3.49865
0.9116;0.9116;0.9116;0.9116;0.5;1.44843
1.0;1.0;1.0;1.0;0.5;-4.94587
0.216;0.216;0.216;0.216;0.5;-0.784316
0.438599;0.7135;0.4025;0.7014;0.5;2.40598
0.7494;0.793799;0.785499;0.793499;0.5;-0.192108
0.782399;1.0;0.782399;1.0;0.5;2.6577
1.0;1.0;1.0;0.0;0.5;-0.950333
1.0;0.450599;0.4004;1.0;0.5;4.19485
0.0;0.0;0.0;0.0;0.5;-1.95274
0.0;0.0;0.132;0.0;0.5;-1.66891
0.068699;0.5499;0.2207;1.0;0.5;3.60099
1.0;1.0;1.0;1.0;0.5;-0.102135
1.0;0.0;1.0;0.0;0.5;2.3709
1.0;1.0;1.0;0.8767;0.5;5.3363
0.2071;0.375;0.277999;0.549299;0.5;-0.0750681
0.5909;0.509;0.655;0.173;0.5;-1.22887
0.728999;0.509;0.739;1.0;0.5;4.39911
0.459;0.459;0.459;0.459;0.5;-0.592401
0.402999;0.402999;0.402999;0.402999;0.5;-0.0545045
0.108;0.108;0.108;0.108;0.5;-1.96092
0.553999;0.553999;0.553999;0.553999;0.5;5.28331
0.0;0.0;0.0;0.0;0.5;-0.696435
0.441999;0.441999;0.441999;0.441999;0.5;-2.28326
0.0;0.0;0.0;0.0;0.5;-3.41861
0.495;0.495;0.495;0.495;0.5;0.110779
0.288999;0.288999;0.288999;0.288999;0.5;2.03566
0.535;0.535;0.535;0.535;0.5;-7.68295
0.601;0.601;0.601;0.601;0.5;4.09788
0.0;0.0;0.0;0.0;0.5;2.38994
0.702999;0.702999;0.702999;0.702999;0.5;-2.68533
0.433;0.433;0.433;0.433;0.5;-1.30732
0.111;0.111;0.111;0.111;0.5;2.23676
0.913999;0.913999;0.913999;0.913999;0.5;-2.69955
0.594;0.594;0.594;0.594;0.5;-4.10942
0.565;0.565;0.565;0.565;0.5;1.28083
0.518;0.518;0.518;0.518;0.5;-3.73351
0.241;0.241;0.241;0.241;0.5;1.637
0.781199;0.781199;0.781199;0.781199;0.5;2.11435
0.425799;0.425799;0.425799;0.425799;0.5;0.805841
0.424;0.424;0.424;0.424;0.5;-6.06014
1.0;1.0;1.0;1.0;0.5;0.175438
0.729499;0.729499;0.729499;0.729499;0.5;2.59918
0.2615;0.2615;0.2615;0.2615;0.5;1.52177
0.0;0.0;0.0;0.0;0.5;1.92168
0.485;0.485;0.485;0.485;0.5;-3.5318
0.7134;0.7134;0.7134;0.7134;0.5;1.50589
0.4376;0.4376;0.4376;0.4376;0.5;2.47177
0.326999;0.326999;0.326999;0.326999;0.5;-2.90844
0.353899;0.353899;0.353899;0.353899;0.5;-4.14057
0.1731;0.1731;0.1731;0.1731;0.5;3.02279
0.3686;0.3686;0.3686;0.3686;0.5;-3.61656
0.476399;0.476399;0.476399;0.476399;0.5;0.725494
0.6931;0.6931;0.6931;0.6931;0.5;-4.57243
0.5959;0.759899;0.5029;0.533899;0.5;-0.493278
0.3447;0.1807;0.4377;0.4067;0.5;-1.38711
0.0013;0.0013;0.0013;0.0013;0.5;-3.84409
0.6509;0.8441;0.572599;0.7028;0.5;-1.78485
0.603199;0.521899;0.4485;0.410999;0.5;-0.884153
0.6011;0.4905;0.526699;0.2932;0.5;2.55836
0.2149;0.461599;0.5223;0.721999;0.5;4.46397
0.9895;0.8249;0.6617;0.6056;0.5;3.90821
0.189599;0.270199;0.4878;0.401399;0.5;0.814692
0.603999;0.5501;0.633599;0.663;0.5;7.45312
0.5491;0.480499;0.4388;0.401699;0.5;0.64166
0.3033;0.376899;0.3587;0.4123;0.5;6.48202
0.6096;0.5133;0.364599;0.224;0.5;0.349889
0.180899;0.459;0.4573;0.513999;0.5;1.77289
0.3499;0.3591;0.3734;0.487;0.5;-0.203468
0.7696;0.505199;0.474999;0.416999;0.5;5.68161
0.3352;0.412199;0.498;0.718;0.5;7.0605
0.607299;0.4944;0.472;0.228;0.5;2.80475
0.3823;0.439499;0.612099;0.778399;0.5;-3.8057
0.680099;0.8378;0.6519;0.7374;0.5;0.314454
0.515899;0.410699;0.5668;0.393;0.5;2.81105
0.4147;0.312799;0.218999;0.1582;0.5;-1.58224
0.334;0.4993;0.4649;0.518799;0.5;-2.20057
0.5762;0.407;0.266999;0.3061;0.5;0.820235
0.1316;0.4037;0.5304;0.7745;0.5;4.56211
0.822099;0.587299;0.4259;0.4316;0.5;-3.08634
0.4737;0.452099;0.805899;0.44;0.5;0.852744
0.481999;0.5699;0.4673;0.5717;0.5;-2.44435
0.347;0.513999;0.387699;0.437199;0.5;0.976102
0.579099;0.342;0.3404;0.4091;0.5;-2.67819
0.3281;0.349;0.157499;0.403099;0.5;-3.2022
0.452299;0.4862;0.8172;0.5931;0.5;-5.97259
0.5102;0.503299;0.5;0.5058;0.5;3.53392
0.5815;0.5528;0.591;0.4895;0.5;-0.364043
0.447899;0.441599;0.4845;0.4732;0.5;4.01556
0.3099;0.3609;0.079899;0.307299;0.5;-2.00558
0.8855;1.0;1.0;1.0;0.5;-1.54278
0.867799;0.5372;0.888999;0.679;0.5;-1.08419
0.606999;0.606999;0.606999;0.606999;0.5;5.25489
0.4588;0.578399;0.4588;0.337;0.5;2.27065
0.5468;0.9066;0.5468;0.9831;0.5;1.12145
0.814499;0.4428;0.156399;0.0;0.5;6.33651
0.4566;0.526399;1.0;1.0;0.5;0.686477
0.552099;0.5329;0.638;0.629799;0.5;0.282822
0.616799;0.552699;0.563099;0.475;0.5;1.46454
0.4511;0.3933;0.4457;0.4239;0.5;4.13728
0.4845;0.516999;0.494699;0.622199;0.5;-2.23141
0.6321;0.914;0.681;0.7239;0.5;4.04628
0.878699;0.6017;0.739799;0.533;0.5;-8.22856
0.41;0.802699;0.5195;0.867;0.5;1.70003
0.8227;1.0;0.716999;0.594999;0.5;3.40481
0.745799;0.0;0.8809;0.684999;0.5;-1.64237
0.5636;0.4397;0.0;0.1059;0.5;-2.49314
0.062;0.055599;0.8481;0.3001;0.5;-0.670095
0.6205;0.8644;0.6949;0.430999;0.5;-0.84246
0.308899;0.069;0.295999;0.5821;0.5;-5.24244
0.3736;0.347999;0.1079;0.0249;0.5;0.046728
0.2315;0.209;0.0;0.526199;0.5;-0.677456
0.3619;0.7577;0.8944;0.951699;0.5;0.461636
0.911299;0.8889;0.599399;0.053;0.5;-2.36431
0.666;0.3765;0.1171;0.574099;0.5;1.69147
0.0;0.0555;0.882999;0.312;0.5;-1.6222
0.7195;0.498799;0.5577;0.535;0.5;0.408284
0.358;0.3594;0.0;0.338;0.5;-2.77535
0.443199;0.533199;1.0;0.863799;0.5;-2.58318
0.5885;0.528;0.4779;0.4088;0.5;2.07848
0.5347;1.0;0.644199;0.877399;0.5;0.327448
0.9097;0.650099;0.9108;1.0;0.5;-1.86282
1.0;0.9506;1.0;0.9654;0.5;3.81385
0.9922;0.6113;0.967199;0.145199;0.5;1.8542
0.3553;0.1449;0.3303;0.634;0.5;0.742237
0.4206;0.4834;0.3504;0.398299;0.5;-2.05873
0.505199;0.6006;0.581399;0.5179;0.5;-5.72472
0.520299;0.409299;0.4184;0.2008;0.5;0.166605
0.2636;0.4767;0.105799;0.052999;0.5;1.43996
0.173;0.0;0.2515;0.7753;0.5;1.84868
0.564499;0.5383;0.4001;0.2501;0.5;-3.5103
0.079;0.1615;0.320499;0.113599;0.5;0.0968734
0.608499;0.7564;0.7058;0.597;0.5;-1.14156
0.418099;0.306999;0.396999;0.547;0.5;-6.35266
0.5817;0.632;0.6157;0.379;0.5;-3.2402
0.3643;0.418899;0.4022;0.584999;0.5;3.51096
0.7192;0.5912;0.7192;0.9047;0.5;-1.92112
0.424499;0.4169;0.287399;0.0;0.5;0.433365
0.6022;0.561199;0.6606;0.9583;0.5;1.52445
0.3953;0.3904;0.390499;0.1707;0.5;-1.18635
0.238099;0.367599;0.296399;0.495999;0.5;2.40885
0.7634;0.7118;0.6778;0.9308;0.5;-0.78512
0.651399;0.847;0.7622;0.4312;0.5;-1.36853
0.805099;0.997;0.805099;0.975999;0.5;2.10715
0.698499;0.741599;0.548;1.0;0.5;-2.43795
0.9855;0.5913;0.267199;0.2281;0.5;6.04349
0.561399;0.409099;1.0;0.498;0.5;2.82808
0.3506;0.4366;0.5837;0.547999;0.5;-3.99453
0.5468;0.474699;0.4314;0.5558;0.5;1.27507
0.279;0.3597;0.0;0.2332;0.5;5.22175
0.540599;0.6733;1.0;0.745999;0.5;3.98333
0.8453;0.616399;0.6749;0.698399;0.5;-0.869735
0.4323;0.548;0.0;0.4206;0.5;0.350449
0.6754;0.909399;1.0;0.95;0.5;4.32823
0.826599;0.4741;0.646599;0.572999;0.5;-0.361927
0.2424;0.4858;0.0;0.4512;0.5;0.396053
0.5117;0.9188;1.0;0.0;0.5;4.51673
0.351899;0.0;0.1663;0.641999;0.5;0.0705401
0.5246;0.369899;0.504199;0.12;0.5;1.36498
0.5274;0.485099;0.3868;0.691099;0.5;-0.578417
0.1035;0.1113;0.3194;0.0569;0.5;1.35523
0.2328;0.7475;0.505099;0.727;0.5;2.31278
0.6855;0.4204;0.6855;0.8751;0.5;-2.7929
0.675799;0.566799;0.4194;0.4133;0.5;-3.12126
0.1704;0.604;0.4268;0.5213;0.5;-4.31464
0.782399;0.539999;0.782399;0.578699;0.5;-3.98357
0.5946;0.2893;0.526199;0.2276;0.5;6.28338
0.4527;0.515699;0.4318;0.672499;0.5;0.0270287
0.2006;0.728999;0.279199;0.352999;0.5;-1.56191
0.641999;0.0767;0.476199;0.1485;0.5;-6.81714
0.3294;0.298699;0.4282;0.737199;0.5;2.00351
0.4773;0.5522;0.5473;0.6019;0.5;-2.71242
0.5732;0.570399;0.559799;0.1849;0.5;-1.88859
0.4553;0.4933;0.3835;0.689399;0.5;-2.10475
0.434799;0.350399;0.4161;0.407299;0.5;3.95348
0.478;0.4981;0.5671;0.556799;0.5;-0.481989
0.472999;0.831199;0.4955;0.812;0.5;2.43553
0.8171;0.4835;0.625799;0.0;0.5;-0.414642
0.2803;0.2165;0.3982;0.575999;0.5;1.90636
0.4757;0.783999;0.549099;0.646;0.5;-0.564631
0.612099;0.3441;0.506499;0.588799;0.5;-4.42771
0.3712;0.2972;0.186199;0.0;0.5;2.00418
0.314299;0.518699;0.5059;0.922999;0.5;0.639866
0.470099;0.387;0.0;0.2985;0.5;3.02959
0.3077;0.403499;1.0;0.4472;0.5;-0.418039
0.5011;0.5161;0.4864;0.365299;0.5;0.0944833
0.666399;0.727399;0.724399;0.417;0.5;-1.331
0.4307;0.2373;0.3947;0.692399;0.5;4.3408
0.357299;0.426199;0.460899;0.5581;0.5;-1.24467
0.6028;1.0;0.6028;1.0;0.5;1.36251
1.0;0.7532;1.0;0.4733;0.5;0.604723
0.6505;0.489999;0.6505;0.656099;0.5;7.72986
0.571099;0.468;0.240499;0.1081;0.5;1.65946
0.294499;0.2222;0.4824;0.588899;0.5;-1.21741
0.1181;0.3767;0.2608;0.1226;0.5;0.821565
0.747799;0.485299;0.459199;0.596699;0.5;0.663809
0.2302;0.2604;0.390799;0.494;0.5;-1.66537
0.537;0.690899;0.6429;0.6273;0.5;4.08771
0.670099;0.6796;0.4376;0.318899;0.5;5.11626
0.2815;0.1169;0.4148;0.5059;0.5;2.17506
0.4952;0.5688;0.6261;0.530999;0.5;-2.44819
0.499399;0.4262;0.4316;0.430199;0.5;-4.33541
0.5248;0.647499;0.5212;0.7167;0.5;-1.05737
0.616;0.5775;0.6408;0.5183;0.5;-0.656613
0.5257;0.698499;0.5627;0.787099;0.5;2.15502
0.804599;0.7004;0.804599;0.504999;0.5;3.25941
0.5396;0.5941;0.5396;0.6171;0.5;-2.36637
0.6558;0.407399;0.5778;0.3576;0.5;-2.83635
0.450499;0.476199;0.5285;0.598599;0.5;4.18415
0.4828;0.559;0.4828;0.5572;0.5;1.78085
0.767099;1.0;0.767099;0.9544;0.5;-0.795235
0.8624;0.735099;0.783899;0.5363;0.5;-5.7133
0.4221;0.5221;0.4635;0.706399;0.5;0.113443
0.588999;0.2789;0.0;0.399899;0.5;-1.94336
0.4596;1.0;1.0;1.0;0.5;0.16791
1.0;1.0;1.0;0.811799;0.5;1.16586
1.0;0.171299;0.392599;0.8559;0.5;1.69861
0.565299;0.238399;1.0;0.348499;0.5;-1.56363
0.3273;0.2791;0.095299;0.0731;0.5;-5.08578
0.1235;0.2272;0.4331;0.4855;0.5;1.30118
0.497;0.384;0.575999;0.523;0.5;1.04975
0.2478;0.491199;0.2658;0.509399;0.5;2.67975
0.625699;0.497799;0.5517;0.415399;0.5;0.32175
0.6953;0.5919;0.421499;0.3903;0.5;4.01068
0.1207;0.146599;0.3373;0.2783;0.5;-5.95184
0.5566;0.582699;0.528599;0.550599;0.5;2.18482
0.3521;0.424499;0.5113;0.4917;0.5;3.77084
0.492899;0.4458;0.172699;0.1494;0.5;-2.53905
0.1076;0.077899;0.1754;0.165599;0.5;0.1083
0.3492;0.414999;0.529499;0.5187;0.5;-1.25252
0.263299;0.2573;0.1961;0.362299;0.5;3.86618
0.4211;0.6121;0.5604;0.7321;0.5;-5.19787
0.6938;0.913699;0.539299;0.882099;0.5;0.573663
1.0;0.668199;0.8583;0.1834;0.5;2.61662
0.2843;0.1522;0.4435;0.495099;0.5;-0.732889
0.446899;0.7221;0.5916;0.7705;0.5;-0.00530088
0.706299;0.555399;0.7073;0.540099;0.5;3.7935
0.6098;0.5042;0.381;0.389199;0.5;2.50115
0.2392;0.399;0.5008;0.614;0.5;-1.24752
0.7391;0.584599;0.432199;0.2239;0.5;3.01025
0.148299;0.2648;0.404;0.6211;0.5;0.493858
0.5654;0.560299;0.5788;0.582099;0.5;5.10329
0.6556;0.8119;0.6934;0.5629;0.5;-1.98355
0.666499;0.3808;0.6015;0.5518;0.5;3.06252
0.49;0.504;0.507999;0.559999;0.5;6.04529
0.632899;1.0;0.6799;1.0;0.5;-0.977226
0.919699;0.495799;0.764199;0.2998;0.5;3.06686
0.369;0.332899;0.062599;0.1555;0.5;5.75636
0.0405;0.0849;0.099;0.005299;0.5;-0.138034
0.0;0.0;0.0;0.2019;0.5;-2.29684
0.738699;0.6736;0.643599;0.432499;0.5;0.523577
0.595;0.305399;0.4695;0.5448;0.5;6.19899
0.553999;0.6352;0.4224;0.305199;0.5;-1.69112
0.1582;0.172699;0.4595;0.489899;0.5;-3.34719
0.3306;0.4098;0.381499;0.430099;0.5;0.927506
0.4923;0.3743;0.4055;0.3333;0.5;0.436006
0.483699;0.4894;0.465799;0.521899;0.5;-1.86902
0.6448;0.6828;0.6702;0.7885;0.5;2.30403
0.6059;0.4737;0.456;0.4116;0.5;-2.13954
0.360999;0.6267;0.590199;0.527899;0.5;-0.0581404
0.4707;0.292999;0.4193;0.4357;0.5;0.339589
0.581199;0.5986;0.56;0.5871;0.5;-2.52038
0.5102;0.550999;0.523699;0.526;0.5;4.60109
0.5062;0.4192;0.5119;0.388999;0.5;-1.54776
0.529199;0.469999;0.582599;0.594799;0.5;1.50999
0.5053;0.5649;0.4514;0.4365;0.5;4.83577
0.114799;0.163999;0.1687;0.2669;0.5;-3.42357
0.588999;0.7473;0.571999;0.707599;0.5;-1.43542
0.8481;0.5838;0.7059;0.576899;0.5;7.52134
0.575199;0.6036;0.4581;0.3884;0.5;-3.36445
0.1372;0.189599;0.3674;0.3413;0.5;-3.45335
0.2557;0.268999;0.1509;0.2145;0.5;-0.658133
0.4483;0.8207;0.5992;0.996399;0.5;4.48735
0.931999;0.5154;0.8059;0.4638;0.5;1.55279
0.3692;0.5912;0.448499;0.544999;0.5;-2.60785
0.656799;0.4051;0.581;0.5115;0.5;4.63824
0.6724;0.8203;0.710699;0.369199;0.5;1.12569
0.461499;0.371099;0.3516;0.312999;0.5;-0.842633
0.2877;0.315999;0.4131;0.7775;0.5;0.54783
0.4465;0.569;0.5153;0.4626;0.5;1.31393
0.663;0.642999;0.559;0.4513;0.5;2.05964
0.406399;0.265;0.314999;0.337899;0.5;0.389222
0.3558;0.3344;0.4543;0.4182;0.5;-1.84057
0.392599;0.5443;0.4875;0.6082;0.5;3.36559
0.8249;0.9513;0.8269;0.796299;0.5;-1.79807
0.384799;0.072599;0.2303;0.0;0.5;-0.601616
0.062799;0.2291;0.116399;0.062;0.5;2.33789
0.465299;0.377299;0.4542;0.8004;0.5;-4.77307
0.3959;0.4725;0.507899;0.523599;0.5;-0.0593265
0.4877;0.338;0.0512;0.0;0.5;6.12274
0.0;0.087499;0.235599;0.6433;0.5;2.0166
0.555599;0.422;0.3073;0.0;0.5;0.996075
0.1745;0.1479;0.3138;0.7637;0.5;0.815777
0.493099;0.4742;0.6173;0.556899;0.5;6.52369
0.6592;0.6052;0.420299;0.1684;0.5;-0.743951
0.002199;0.2925;0.0;0.190299;0.5;0.881694
0.3064;0.108699;0.9308;0.3947;0.5;2.32268
0.459;0.6187;0.654499;0.8178;0.5;3.07768
0.7466;0.5966;0.5527;0.417199;0.5;1.18353
0.404199;0.4438;0.591;0.7169;0.5;5.85505
0.7639;0.8124;0.747599;0.6889;0.5;0.79817
0.3426;0.481999;0.213699;0.241799;0.5;-0.0911077
0.4514;0.306999;0.5275;0.6454;0.5;-1.71899
0.9229;0.7432;0.7325;0.532999;0.5;-2.50895
0.213299;0.2728;0.245;0.239;0.5;-0.422945
0.3022;0.2878;0.3627;0.368;0.5;-2.17062
0.4421;0.488199;0.5261;0.5717;0.5;4.18714
0.4176;0.489999;0.0122;0.471699;0.5;4.562
0.5703;0.6072;0.923999;0.7312;0.5;2.5203
0.6644;0.998799;0.8199;0.5656;0.5;0.420318
0.593399;0.177199;0.524799;0.604799;0.5;4.05
0.413899;0.4514;0.379799;0.4457;0.5;2.91293
0.744;1.0;0.8455;1.0;0.5;0.29373
0.8298;0.4389;0.8;0.4239;0.5;0.409732
0.5046;0.818999;0.535599;0.559799;0.5;3.05118
0.627399;0.491;0.5762;0.476199;0.5;3.02173
0.6841;0.606999;0.610599;0.5865;0.5;6.62377
0.3706;0.8038;0.4953;0.916399;0.5;-3.30723
0.9877;0.438199;0.846;0.5463;0.5;-1.10898
0.4489;0.7499;0.5906;0.6798;0.5;-1.88972
0.712299;0.6751;0.712299;0.620999;0.5;3.61889
0.6517;0.5622;0.439399;0.3393;0.5;-5.05516
0.3506;0.409799;0.4656;0.568099;0.5;4.6716
0.4726;0.2828;0.5699;0.5547;0.5;-0.638034
0.586099;0.8942;0.586099;0.6872;0.5;1.05026
0.7174;0.573999;0.646699;0.4431;0.5;-2.08498
0.377599;0.1171;0.2651;0.267199;0.5;4.35133
0.3553;0.6404;0.439399;0.808399;0.5;2.62192
0.8005;0.7635;0.7567;0.431;0.5;-0.704141
0.311599;0.099;0.2635;0.123;0.5;1.35711
0.267499;0.507999;0.292899;0.218;0.5;0.370167
0.3353;0.135999;0.2667;0.413499;0.5;1.88126
0.1747;0.341;0.391999;0.3808;0.5;3.4309
0.4513;0.2224;0.320999;0.487299;0.5;5.52411
0.5211;0.7876;0.6683;0.6804;0.5;2.52482
0.7028;0.645;0.5594;0.4752;0.5;-1.82395
0.3806;0.456699;0.5102;0.7303;0.5;1.34902
0.7988;0.6825;0.8126;0.604699;0.5;4.3138
0.523;0.320799;0.4177;0.2818;0.5;0.826327
0.3919;0.418;0.432199;0.56;0.5;0.684384
0.548099;0.898;0.613099;0.5886;0.5;4.18185
0.5017;0.256;0.4619;0.386799;0.5;4.49042
0.3908;0.550999;0.3497;0.4139;0.5;3.35756
0.5119;0.59;0.5928;0.5805;0.5;2.79003
0.590499;0.250399;0.420999;0.377499;0.5;-0.0763317
0.331099;0.4956;0.1648;0.1715;0.5;2.9916
0.1989;0.277999;0.3109;0.139199;0.5;-2.09527
0.181999;0.097599;0.405799;0.7786;0.5;0.309823
0.716699;0.5425;0.6029;0.404699;0.5;-0.954725
0.4186;0.471899;0.271099;0.0207;0.5;1.56722
0.0487;0.249;0.2307;0.5563;0.5;4.10703
0.5089;0.244199;0.3614;0.480499;0.5;-3.37577
0.560199;0.7773;0.7667;0.7404;0.5;-2.59266
0.7021;0.666499;0.6171;0.4175;0.5;0.311402
0.248799;0.515699;0.354099;0.7667;0.5;1.9031
0.9217;0.6013;0.877099;0.539099;0.5;-4.65185
0.549999;0.617999;0.4542;0.3851;0.5;-1.82066
0.2937;0.15;0.2674;0.287199;0.5;-1.62999
0.3066;0.445499;0.4695;0.6094;0.5;1.28794
0.64;0.630499;0.5581;0.3931;0.5;0.41949
0.223099;0.281;0.052299;0.0;0.5;2.60926
0.4;0.1766;0.218399;0.402699;0.5;3.38536
0.1369;0.273399;0.5129;0.564;0.5;-1.08396
0.6084;0.664;0.5839;0.5766;0.5;-0.647517
0.4816;0.488;0.336099;0.229699;0.5;1.89927
0.285899;0.215999;0.3748;0.4373;0.5;0.0529984
0.4861;0.652;0.591799;0.7163;0.5;-0.600823
0.7146;0.751999;0.6371;0.2414;0.5;-1.67372
0.375299;0.267;0.4296;0.682599;0.5;1.40236
0.5792;0.609999;0.6399;0.8241;0.5;2.72232
0.8382;0.625999;0.562;0.5062;0.5;0.0936905
0.436699;0.54;0.657899;0.529399;0.5;-0.998082
0.5433;0.382899;0.3468;0.2498;0.5;-1.5365
0.224799;0.435099;0.354699;0.2539;0.5;0.389544
0.3641;0.1655;0.3166;0.464199;0.5;-3.19615
0.2653;0.503499;0.3727;0.4704;0.5;2.67425
0.5591;0.5192;0.7227;0.520399;0.5;4.63561
0.5626;0.557099;0.460699;0.6935;0.5;-1.72396
0.601399;0.591699;0.5395;0.4035;0.5;-1.91501
0.4257;0.58;0.424199;0.239999;0.5;5.63413
0.355;0.135999;0.305499;0.597799;0.5;-2.18755
0.552199;0.4553;0.4489;0.3411;0.5;2.65383
0.3355;0.617799;0.5459;0.6671;0.5;1.24069
0.762;0.4539;0.7638;0.657;0.5;4.80805
0.4968;0.645;0.248899;0.271599;0.5;-2.71582
0.309099;0.282999;0.0602;0.0;0.5;-0.413235
0.0;0.0;0.334699;0.669;0.5;1.13267
0.639499;0.6937;0.5324;0.4875;0.5;3.82786
0.381;0.2375;0.291899;0.2892;0.5;-0.492885
0.2335;0.4055;0.462;0.2593;0.5;-0.867136
0.624699;0.637;0.617;0.629999;0.5;3.43239
0.3632;0.547;0.3672;0.475;0.5;0.129483
0.5046;0.37;0.480799;0.428899;0.5;-4.2567
0.287399;0.059599;0.329499;0.3474;0.5;-0.123151
0.525;0.477799;0.4451;0.5228;0.5;2.44037
0.431099;0.421199;0.4473;0.2469;0.5;-7.94567
0.4681;0.7424;0.543599;0.8504;0.5;-0.606074
0.7931;1.0;0.7931;0.790599;0.5;3.85954
1.0;0.262;0.916599;0.617;0.5;-3.61451
0.3486;0.550999;0.507899;0.673;0.5;0.328128
0.697099;0.625;0.639099;0.483999;0.5;-0.113358
0.4554;0.5062;0.5308;0.513;0.5;0.766454
0.407299;0.2828;0.350999;0.702999;0.5;2.34169
0.5886;0.389599;0.5668;0.201999;0.5;-0.972923
0.322199;0.295;0.3904;0.5441;0.5;0.886313
0.5573;0.729399;0.515899;0.4069;0.5;1.09111
0.451999;0.3416;0.4141;0.4871;0.5;0.849382
0.3641;0.445799;0.485299;0.5669;0.5;-0.391479
0.5922;0.445899;0.5473;0.454599;0.5;0.908742
0.4266;0.7197;0.4715;0.430399;0.5;0.323216
0.653699;0.495999;0.559899;0.489;0.5;0.0684062
0.2796;0.414999;0.2924;0.315999;0.5;3.43048
0.4118;0.1547;0.278199;0.4189;0.5;1.0909
0.2514;0.2483;0.2498;0.2558;0.5;-4.55936
0.3431;0.351699;0.515499;0.5669;0.5;-1.80733
0.608;0.6819;0.2964;0.250699;0.5;4.11607
