<OPEN>;<HIGH>;<LOW>;<CLOSE>;(predicted -> )<CLOSE>

1.0;1.0;1.0;1.0;-0.508423
1.0;1.0;1.0;1.0;1.52653
1.0;1.0;1.0;1.0;1.21212
1.0;1.0;1.0;1.0;-0.376852
0.0;0.0;0.0;0.0;0.74027
0.0;0.0;0.0;0.0;0.710724
0.0;0.0;0.0;0.0;0.780003
0.0;0.0;0.0;0.0;0.1617
0.5;0.5;0.5;0.5;1.19485
0.0;0.0;0.0;0.0;0.433438
0.519;0.519;0.519;0.519;1.38535
0.494;0.494;0.494;0.494;-0.931556
1.0;1.0;1.0;1.0;0.397311
1.0;1.0;1.0;1.0;-0.927536
1.0;1.0;1.0;1.0;1.24974
0.0;0.0;0.0;0.0;0.537704
0.0;0.0;0.0;0.0;0.686584
0.622;0.622;0.622;0.622;0.0847921
0.822999;0.822999;0.822999;0.822999;1.02982
0.268;0.268;0.268;0.268;0.457488
0.669;0.669;0.669;0.669;0.774269
0.442;0.442;0.442;0.442;1.917
0.762;0.762;0.762;0.762;-0.791816
0.597;0.597;0.597;0.597;0.0603482
0.262999;0.262999;0.262999;0.262999;1.58927
0.577999;0.577999;0.577999;0.577999;1.4474
1.0;1.0;1.0;1.0;0.856851
0.689999;0.689999;0.689999;0.689999;-0.0751629
0.513;0.513;0.513;0.513;-1.09343
0.015;0.015;0.015;0.015;0.432585
0.123999;0.123999;0.123999;0.123999;2.53965
0.0;0.0;0.0;0.0;0.84614
1.0;1.0;1.0;1.0;0.354902
1.0;1.0;1.0;1.0;-0.776251
1.0;1.0;1.0;1.0;0.630353
0.0;0.0;0.0;0.0;0.84524
0.0;0.0;0.0;0.0;1.12384
0.173;0.173;0.173;0.173;0.77797
0.696999;0.696999;0.696999;0.696999;0.0587389
0.289;0.289;0.289;0.289;-0.335886
0.544;0.544;0.544;0.544;1.50428
0.334999;0.334999;0.334999;0.334999;1.60662
0.268;0.268;0.268;0.268;0.429915
0.555;0.555;0.555;0.555;-0.514884
0.089999;0.089999;0.089999;0.089999;-0.447346
0.0;0.0;0.0;0.0;0.771217
0.029;0.029;0.029;0.029;-0.174843
0.312999;0.312999;0.312999;0.312999;1.23042
1.0;1.0;1.0;1.0;-0.0875369
0.5;0.5;0.5;0.5;0.578927
0.215;0.215;0.215;0.215;1.7888
0.891999;0.891999;0.891999;0.891999;1.53016
0.508;0.508;0.508;0.508;1.34099
1.0;1.0;1.0;1.0;0.4104
0.658999;0.658999;0.658999;0.658999;0.702153
1.0;1.0;1.0;1.0;-0.629313
0.257999;0.257999;0.257999;0.257999;0.387011
0.486999;0.486999;0.486999;0.486999;-0.0407889
0.0;0.0;0.0;0.0;0.842087
0.333;0.333;0.333;0.333;-0.68465
1.0;1.0;1.0;1.0;0.4351
0.265;0.265;0.265;0.265;1.3968
0.440999;0.440999;0.440999;0.440999;0.966178
0.63;0.63;0.63;0.63;0.379853
0.498999;0.498999;0.498999;0.498999;0.262265
1.0;1.0;1.0;1.0;-0.0566319
0.967;0.967;0.967;0.967;-0.321208
1.0;1.0;1.0;1.0;0.460415
1.0;1.0;1.0;1.0;-0.82808
1.0;1.0;1.0;1.0;-1.39341
0.309999;0.309999;0.309999;0.309999;0.598525
0.402;0.402;0.402;0.402;0.322549
0.245999;0.245999;0.245999;0.245999;-0.672151
1.0;1.0;1.0;1.0;0.759457
0.942;0.942;0.942;0.942;-0.0673369
0.646;0.646;0.646;0.646;-0.38013
0.87;0.87;0.87;0.87;1.00759
0.739999;0.739999;0.739999;0.739999;-0.870417
0.292;0.292;0.292;0.292;0.150596
0.509999;0.509999;0.509999;0.509999;0.231753
0.0;0.0;0.0;0.0;-0.627746
0.0;0.0;0.0;0.0;1.01487
0.163999;0.163999;0.163999;0.163999;0.108598
0.056;0.056;0.056;0.056;0.0737652
1.0;1.0;1.0;1.0;0.365131
0.369;0.369;0.369;0.369;0.404356
0.332;0.332;0.332;0.332;0.0652954
0.0;0.0;0.0;0.0;1.15372
0.5;0.5;0.5;0.5;0.0835344
0.5;0.5;0.5;0.5;-0.99238
0.5;0.5;0.5;0.5;0.538085
0.5;0.5;0.5;0.5;0.16657
0.5;0.5;0.5;0.5;1.90658
0.5;0.5;0.5;0.5;0.113605
0.5;0.5;0.5;0.5;1.16594
0.5;0.5;0.5;0.5;-0.418599
0.5;0.5;0.5;0.5;0.43339
0.5;0.5;0.5;0.5;2.0356
0.5;0.5;0.5;0.5;1.49371
0.5;0.5;0.5;0.5;0.0634953
0.5;0.5;0.5;0.5;0.126921
0.5;0.5;0.5;0.5;-0.251167
0.5;0.5;0.5;0.5;1.58828
1.0;1.0;1.0;1.0;2.64038
0.3226;0.3018;0.3226;0.2997;1.68511
0.483999;0.483999;0.483999;0.493099;-0.140576
0.080999;0.080999;0.080999;0.080999;0.546269
0.6907;0.6907;0.6907;0.6907;0.716977
0.4021;0.4021;0.4021;0.4021;1.72411
0.6398;0.6398;0.6398;0.6398;2.06356
0.523099;0.523099;0.523099;0.523099;1.04025
0.459299;0.459299;0.459299;0.459299;0.247215
0.442;0.442;0.442;0.442;0.296383
0.503499;0.503499;0.503499;0.503499;0.723641
0.2972;0.2972;0.2972;0.2972;1.77018
0.4756;0.4756;0.4756;0.4756;2.37046
0.6336;0.6336;0.6336;0.6336;0.71023
0.468599;0.468599;0.468599;0.468599;-0.505458
0.5286;0.6026;0.4726;0.5306;0.759672
0.2769;0.2029;0.3329;0.274899;2.63919
0.6033;0.6033;0.6033;0.6033;1.25621
0.392099;0.392099;0.392099;0.392099;0.733636
0.1263;0.1263;0.1263;0.1263;1.04203
0.275199;0.275199;0.275199;0.275199;-0.186904
0.4282;0.4282;0.4282;0.4282;0.078921
0.4953;0.4953;0.4953;0.4953;1.71868
0.6645;0.6645;0.6645;0.6645;0.0352249
0.3964;0.3964;0.3964;0.3964;-0.464709
0.421099;0.421099;0.421099;0.421099;0.468545
0.6291;0.6291;0.6291;0.6291;-0.144424
0.472799;0.472799;0.472799;0.472799;1.26974
0.6168;0.6168;0.6168;0.6168;1.22664
0.492599;0.492599;0.492599;0.492599;1.13346
0.525099;0.525099;0.525099;0.525099;1.13868
0.486;0.486;0.486;0.486;1.14627
0.6226;0.6226;0.6226;0.6226;0.232522
0.451999;0.451999;0.451999;0.451999;0.709622
0.6442;0.6442;0.6442;0.6442;1.14496
0.091899;0.091899;0.091899;0.091899;0.240491
0.910399;0.910399;0.910399;0.910399;0.863348
0.9116;0.9116;0.9116;0.9116;1.05587
1.0;1.0;1.0;1.0;-0.443499
0.216;0.216;0.216;0.216;1.424
0.438599;0.7135;0.4025;0.7014;1.26908
0.7494;0.793799;0.785499;0.793499;0.796358
0.782399;1.0;0.782399;1.0;0.671165
1.0;1.0;1.0;0.0;0.726704
1.0;0.450599;0.4004;1.0;-0.0880882
0.0;0.0;0.0;0.0;0.0355229
0.0;0.0;0.132;0.0;0.891851
0.068699;0.5499;0.2207;1.0;1.10763
1.0;1.0;1.0;1.0;-0.518106
1.0;0.0;1.0;0.0;0.278072
1.0;1.0;1.0;0.8767;2.01746
0.2071;0.375;0.277999;0.549299;0.574844
0.5909;0.509;0.655;0.173;0.427364
0.728999;0.509;0.739;1.0;0.869678
0.459;0.459;0.459;0.459;0.731568
0.402999;0.402999;0.402999;0.402999;-0.386636
0.108;0.108;0.108;0.108;0.376503
0.553999;0.553999;0.553999;0.553999;-0.0518903
0.0;0.0;0.0;0.0;-0.428747
0.441999;0.441999;0.441999;0.441999;0.258408
0.0;0.0;0.0;0.0;1.2039
0.495;0.495;0.495;0.495;0.349544
0.288999;0.288999;0.288999;0.288999;-0.23687
0.535;0.535;0.535;0.535;1.33455
0.601;0.601;0.601;0.601;-0.49956
0.0;0.0;0.0;0.0;0.734423
0.702999;0.702999;0.702999;0.702999;-0.0536397
0.433;0.433;0.433;0.433;0.217877
0.111;0.111;0.111;0.111;-0.279094
0.913999;0.913999;0.913999;0.913999;-1.15254
0.594;0.594;0.594;0.594;-1.13817
0.565;0.565;0.565;0.565;-0.0688061
0.518;0.518;0.518;0.518;1.19685
0.241;0.241;0.241;0.241;-1.05729
0.781199;0.781199;0.781199;0.781199;0.265633
0.425799;0.425799;0.425799;0.425799;-0.134768
0.424;0.424;0.424;0.424;-0.576855
1.0;1.0;1.0;1.0;0.578837
0.729499;0.729499;0.729499;0.729499;0.0372753
0.2615;0.2615;0.2615;0.2615;-0.095056
0.0;0.0;0.0;0.0;-0.308584
0.485;0.485;0.485;0.485;0.080131
0.7134;0.7134;0.7134;0.7134;-0.632606
0.4376;0.4376;0.4376;0.4376;1.62575
0.326999;0.326999;0.326999;0.326999;-0.111626
0.353899;0.353899;0.353899;0.353899;-0.44467
0.1731;0.1731;0.1731;0.1731;-0.716843
0.3686;0.3686;0.3686;0.3686;0.701688
0.476399;0.476399;0.476399;0.476399;0.29857
0.6931;0.6931;0.6931;0.6931;-0.279863
0.5959;0.759899;0.5029;0.533899;-0.54404
0.3447;0.1807;0.4377;0.4067;0.157003
0.0013;0.0013;0.0013;0.0013;0.601183
0.6509;0.8441;0.572599;0.7028;0.960372
0.603199;0.521899;0.4485;0.410999;0.880758
0.6011;0.4905;0.526699;0.2932;0.211577
0.2149;0.461599;0.5223;0.721999;1.22583
0.9895;0.8249;0.6617;0.6056;0.102709
0.189599;0.270199;0.4878;0.401399;1.1705
0.603999;0.5501;0.633599;0.663;1.1087
0.5491;0.480499;0.4388;0.401699;0.705872
0.3033;0.376899;0.3587;0.4123;-0.16375
0.6096;0.5133;0.364599;0.224;0.671445
0.180899;0.459;0.4573;0.513999;1.42587
0.3499;0.3591;0.3734;0.487;1.35747
0.7696;0.505199;0.474999;0.416999;1.02475
0.3352;0.412199;0.498;0.718;1.06284
0.607299;0.4944;0.472;0.228;0.676166
0.3823;0.439499;0.612099;0.778399;-0.452282
0.680099;0.8378;0.6519;0.7374;2.05006
0.515899;0.410699;0.5668;0.393;1.37334
0.4147;0.312799;0.218999;0.1582;1.47535
0.334;0.4993;0.4649;0.518799;0.901429
0.5762;0.407;0.266999;0.3061;1.2052
0.1316;0.4037;0.5304;0.7745;0.427584
0.822099;0.587299;0.4259;0.4316;1.76627
0.4737;0.452099;0.805899;0.44;0.940929
0.481999;0.5699;0.4673;0.5717;0.657938
0.347;0.513999;0.387699;0.437199;-1.5096
0.579099;0.342;0.3404;0.4091;-0.426544
0.3281;0.349;0.157499;0.403099;-0.290264
0.452299;0.4862;0.8172;0.5931;0.372951
0.5102;0.503299;0.5;0.5058;0.0211105
0.5815;0.5528;0.591;0.4895;0.750284
0.447899;0.441599;0.4845;0.4732;-0.0509128
0.3099;0.3609;0.079899;0.307299;0.705986
0.8855;1.0;1.0;1.0;0.307356
0.867799;0.5372;0.888999;0.679;-0.0509575
0.606999;0.606999;0.606999;0.606999;1.09532
0.4588;0.578399;0.4588;0.337;1.12559
0.5468;0.9066;0.5468;0.9831;-0.892542
0.814499;0.4428;0.156399;0.0;-0.976892
0.4566;0.526399;1.0;1.0;1.38188
0.552099;0.5329;0.638;0.629799;0.445263
0.616799;0.552699;0.563099;0.475;1.14146
0.4511;0.3933;0.4457;0.4239;-0.311704
0.4845;0.516999;0.494699;0.622199;-0.130875
0.6321;0.914;0.681;0.7239;0.232218
0.878699;0.6017;0.739799;0.533;1.29919
0.41;0.802699;0.5195;0.867;0.477855
0.8227;1.0;0.716999;0.594999;0.96734
0.745799;0.0;0.8809;0.684999;0.0678822
0.5636;0.4397;0.0;0.1059;-1.34358
0.062;0.055599;0.8481;0.3001;0.191687
0.6205;0.8644;0.6949;0.430999;0.78278
0.308899;0.069;0.295999;0.5821;1.15574
0.3736;0.347999;0.1079;0.0249;-0.679295
0.2315;0.209;0.0;0.526199;0.579362
0.3619;0.7577;0.8944;0.951699;-0.683163
0.911299;0.8889;0.599399;0.053;0.361203
0.666;0.3765;0.1171;0.574099;-0.0976875
0.0;0.0555;0.882999;0.312;-1.07762
0.7195;0.498799;0.5577;0.535;-0.472347
0.358;0.3594;0.0;0.338;-0.148268
0.443199;0.533199;1.0;0.863799;-0.802578
0.5885;0.528;0.4779;0.4088;-1.14865
0.5347;1.0;0.644199;0.877399;-0.347005
0.9097;0.650099;0.9108;1.0;-0.0718191
1.0;0.9506;1.0;0.9654;0.691222
0.9922;0.6113;0.967199;0.145199;0.637923
0.3553;0.1449;0.3303;0.634;0.285463
0.4206;0.4834;0.3504;0.398299;-0.535323
0.505199;0.6006;0.581399;0.5179;-0.664584
0.520299;0.409299;0.4184;0.2008;0.418131
0.2636;0.4767;0.105799;0.052999;0.471096
0.173;0.0;0.2515;0.7753;-0.600843
0.564499;0.5383;0.4001;0.2501;-0.745039
0.079;0.1615;0.320499;0.113599;-0.921781
0.608499;0.7564;0.7058;0.597;0.394093
0.418099;0.306999;0.396999;0.547;0.169204
0.5817;0.632;0.6157;0.379;0.293861
0.3643;0.418899;0.4022;0.584999;0.432102
0.7192;0.5912;0.7192;0.9047;-0.536965
0.424499;0.4169;0.287399;0.0;0.52688
0.6022;0.561199;0.6606;0.9583;1.53461
0.3953;0.3904;0.390499;0.1707;0.47947
0.238099;0.367599;0.296399;0.495999;-1.11794
0.7634;0.7118;0.6778;0.9308;-0.449698
0.651399;0.847;0.7622;0.4312;0.242768
0.805099;0.997;0.805099;0.975999;0.270931
0.698499;0.741599;0.548;1.0;0.197576
0.9855;0.5913;0.267199;0.2281;0.263093
0.561399;0.409099;1.0;0.498;0.0737533
0.3506;0.4366;0.5837;0.547999;0.90733
0.5468;0.474699;0.4314;0.5558;1.51476
0.279;0.3597;0.0;0.2332;0.980423
0.540599;0.6733;1.0;0.745999;0.549142
0.8453;0.616399;0.6749;0.698399;0.390337
0.4323;0.548;0.0;0.4206;0.243632
0.6754;0.909399;1.0;0.95;1.8108
0.826599;0.4741;0.646599;0.572999;0.476407
0.2424;0.4858;0.0;0.4512;1.34254
0.5117;0.9188;1.0;0.0;0.468515
0.351899;0.0;0.1663;0.641999;-0.702669
0.5246;0.369899;0.504199;0.12;0.763004
0.5274;0.485099;0.3868;0.691099;1.92693
0.1035;0.1113;0.3194;0.0569;0.485806
0.2328;0.7475;0.505099;0.727;0.0684068
0.6855;0.4204;0.6855;0.8751;-0.787373
0.675799;0.566799;0.4194;0.4133;0.709353
0.1704;0.604;0.4268;0.5213;1.29852
0.782399;0.539999;0.782399;0.578699;0.529484
0.5946;0.2893;0.526199;0.2276;-0.256754
0.4527;0.515699;0.4318;0.672499;-0.286917
0.2006;0.728999;0.279199;0.352999;-1.34134
0.641999;0.0767;0.476199;0.1485;0.459264
0.3294;0.298699;0.4282;0.737199;0.36063
0.4773;0.5522;0.5473;0.6019;0.886647
0.5732;0.570399;0.559799;0.1849;-0.369276
0.4553;0.4933;0.3835;0.689399;-0.525652
0.434799;0.350399;0.4161;0.407299;-0.329588
0.478;0.4981;0.5671;0.556799;0.720082
0.472999;0.831199;0.4955;0.812;1.11496
0.8171;0.4835;0.625799;0.0;-0.715055
0.2803;0.2165;0.3982;0.575999;-0.633882
0.4757;0.783999;0.549099;0.646;-0.871904
0.612099;0.3441;0.506499;0.588799;0.781225
0.3712;0.2972;0.186199;0.0;-0.339855
0.314299;0.518699;0.5059;0.922999;0.410055
0.470099;0.387;0.0;0.2985;0.0684842
0.3077;0.403499;1.0;0.4472;1.69539
0.5011;0.5161;0.4864;0.365299;0.616024
0.666399;0.727399;0.724399;0.417;1.39493
0.4307;0.2373;0.3947;0.692399;-0.205646
0.357299;0.426199;0.460899;0.5581;0.215487
0.6028;1.0;0.6028;1.0;0.182669
1.0;0.7532;1.0;0.4733;1.25097
0.6505;0.489999;0.6505;0.656099;1.43386
0.571099;0.468;0.240499;0.1081;0.733738
0.294499;0.2222;0.4824;0.588899;-0.485174
0.1181;0.3767;0.2608;0.1226;1.03103
0.747799;0.485299;0.459199;0.596699;1.37899
0.2302;0.2604;0.390799;0.494;1.10834
0.537;0.690899;0.6429;0.6273;1.636
0.670099;0.6796;0.4376;0.318899;0.143145
0.2815;0.1169;0.4148;0.5059;-1.07861
0.4952;0.5688;0.6261;0.530999;-0.0467852
0.499399;0.4262;0.4316;0.430199;1.13779
0.5248;0.647499;0.5212;0.7167;1.46702
0.616;0.5775;0.6408;0.5183;0.34772
0.5257;0.698499;0.5627;0.787099;-0.105651
0.804599;0.7004;0.804599;0.504999;0.314616
0.5396;0.5941;0.5396;0.6171;0.333916
0.6558;0.407399;0.5778;0.3576;1.48721
0.450499;0.476199;0.5285;0.598599;1.61433
0.4828;0.559;0.4828;0.5572;0.25299
0.767099;1.0;0.767099;0.9544;-1.02768
0.8624;0.735099;0.783899;0.5363;-0.81592
0.4221;0.5221;0.4635;0.706399;-0.386347
0.588999;0.2789;0.0;0.399899;0.752656
0.4596;1.0;1.0;1.0;0.604187
1.0;1.0;1.0;0.811799;0.0740394
1.0;0.171299;0.392599;0.8559;-0.874273
0.565299;0.238399;1.0;0.348499;-0.609405
0.3273;0.2791;0.095299;0.0731;1.07537
0.1235;0.2272;0.4331;0.4855;0.634347
0.497;0.384;0.575999;0.523;0.754474
0.2478;0.491199;0.2658;0.509399;-0.531475
0.625699;0.497799;0.5517;0.415399;0.714754
0.6953;0.5919;0.421499;0.3903;0.165938
0.1207;0.146599;0.3373;0.2783;0.804482
0.5566;0.582699;0.528599;0.550599;0.412993
0.3521;0.424499;0.5113;0.4917;0.449102
0.492899;0.4458;0.172699;0.1494;-0.337751
0.1076;0.077899;0.1754;0.165599;-0.748141
0.3492;0.414999;0.529499;0.5187;1.41817
0.263299;0.2573;0.1961;0.362299;0.184016
0.4211;0.6121;0.5604;0.7321;0.192116
0.6938;0.913699;0.539299;0.882099;0.44841
1.0;0.668199;0.8583;0.1834;1.80224
0.2843;0.1522;0.4435;0.495099;0.20719
0.446899;0.7221;0.5916;0.7705;0.824516
0.706299;0.555399;0.7073;0.540099;1.88702
0.6098;0.5042;0.381;0.389199;0.0060901
0.2392;0.399;0.5008;0.614;1.13867
0.7391;0.584599;0.432199;0.2239;0.635915
0.148299;0.2648;0.404;0.6211;1.55784
0.5654;0.560299;0.5788;0.582099;0.145148
0.6556;0.8119;0.6934;0.5629;0.428979
0.666499;0.3808;0.6015;0.5518;0.850861
0.49;0.504;0.507999;0.559999;1.04584
0.632899;1.0;0.6799;1.0;1.17911
0.919699;0.495799;0.764199;0.2998;1.00535
0.369;0.332899;0.062599;0.1555;0.575469
0.0405;0.0849;0.099;0.005299;0.432746
0.0;0.0;0.0;0.2019;2.13243
0.738699;0.6736;0.643599;0.432499;1.10968
0.595;0.305399;0.4695;0.5448;1.22391
0.553999;0.6352;0.4224;0.305199;0.618373
0.1582;0.172699;0.4595;0.489899;0.163548
0.3306;0.4098;0.381499;0.430099;1.62059
0.4923;0.3743;0.4055;0.3333;0.384061
0.483699;0.4894;0.465799;0.521899;0.227337
0.6448;0.6828;0.6702;0.7885;0.812827
0.6059;0.4737;0.456;0.4116;-0.344132
0.360999;0.6267;0.590199;0.527899;0.141577
0.4707;0.292999;0.4193;0.4357;1.39566
0.581199;0.5986;0.56;0.5871;1.96104
0.5102;0.550999;0.523699;0.526;0.48192
0.5062;0.4192;0.5119;0.388999;0.00547022
0.529199;0.469999;0.582599;0.594799;-0.110053
0.5053;0.5649;0.4514;0.4365;1.49879
0.114799;0.163999;0.1687;0.2669;-0.190194
0.588999;0.7473;0.571999;0.707599;-0.11165
0.8481;0.5838;0.7059;0.576899;-0.178941
0.575199;0.6036;0.4581;0.3884;0.0275239
0.1372;0.189599;0.3674;0.3413;-0.0615343
0.2557;0.268999;0.1509;0.2145;0.734983
0.4483;0.8207;0.5992;0.996399;1.23074
0.931999;0.5154;0.8059;0.4638;0.716226
0.3692;0.5912;0.448499;0.544999;0.726257
0.656799;0.4051;0.581;0.5115;1.74297
0.6724;0.8203;0.710699;0.369199;0.413005
0.461499;0.371099;0.3516;0.312999;0.226764
0.2877;0.315999;0.4131;0.7775;1.76264
0.4465;0.569;0.5153;0.4626;-0.205584
0.663;0.642999;0.559;0.4513;0.123166
0.406399;0.265;0.314999;0.337899;1.31635
0.3558;0.3344;0.4543;0.4182;0.366531
0.392599;0.5443;0.4875;0.6082;0.844108
0.8249;0.9513;0.8269;0.796299;0.309859
0.384799;0.072599;0.2303;0.0;0.718199
0.062799;0.2291;0.116399;0.062;0.857668
0.465299;0.377299;0.4542;0.8004;0.916158
0.3959;0.4725;0.507899;0.523599;1.16945
0.4877;0.338;0.0512;0.0;1.42497
0.0;0.087499;0.235599;0.6433;0.206219
0.555599;0.422;0.3073;0.0;0.625102
0.1745;0.1479;0.3138;0.7637;1.19272
0.493099;0.4742;0.6173;0.556899;1.4972
0.6592;0.6052;0.420299;0.1684;1.33857
0.002199;0.2925;0.0;0.190299;0.987779
0.3064;0.108699;0.9308;0.3947;1.21317
0.459;0.6187;0.654499;0.8178;0.697856
0.7466;0.5966;0.5527;0.417199;0.550179
0.404199;0.4438;0.591;0.7169;1.66366
0.7639;0.8124;0.747599;0.6889;0.614308
0.3426;0.481999;0.213699;0.241799;0.667857
0.4514;0.306999;0.5275;0.6454;0.396417
0.9229;0.7432;0.7325;0.532999;1.71096
0.213299;0.2728;0.245;0.239;0.736575
0.3022;0.2878;0.3627;0.368;1.83956
0.4421;0.488199;0.5261;0.5717;0.615625
0.4176;0.489999;0.0122;0.471699;1.9806
0.5703;0.6072;0.923999;0.7312;1.33743
0.6644;0.998799;0.8199;0.5656;2.17804
0.593399;0.177199;0.524799;0.604799;0.108497
0.413899;0.4514;0.379799;0.4457;0.583701
0.744;1.0;0.8455;1.0;0.522344
0.8298;0.4389;0.8;0.4239;1.24943
0.5046;0.818999;0.535599;0.559799;1.19837
0.627399;0.491;0.5762;0.476199;1.72766
0.6841;0.606999;0.610599;0.5865;0.386511
0.3706;0.8038;0.4953;0.916399;0.564466
0.9877;0.438199;0.846;0.5463;-0.522847
0.4489;0.7499;0.5906;0.6798;1.99025
0.712299;0.6751;0.712299;0.620999;0.640117
0.6517;0.5622;0.439399;0.3393;0.975506
0.3506;0.409799;0.4656;0.568099;0.292622
0.4726;0.2828;0.5699;0.5547;1.71976
0.586099;0.8942;0.586099;0.6872;0.489764
0.7174;0.573999;0.646699;0.4431;2.03279
0.377599;0.1171;0.2651;0.267199;2.53065
0.3553;0.6404;0.439399;0.808399;0.643782
0.8005;0.7635;0.7567;0.431;0.32367
0.311599;0.099;0.2635;0.123;0.957905
0.267499;0.507999;0.292899;0.218;1.5243
0.3353;0.135999;0.2667;0.413499;0.156306
0.1747;0.341;0.391999;0.3808;0.753395
0.4513;0.2224;0.320999;0.487299;-0.305714
0.5211;0.7876;0.6683;0.6804;0.718825
0.7028;0.645;0.5594;0.4752;1.33492
0.3806;0.456699;0.5102;0.7303;1.80198
0.7988;0.6825;0.8126;0.604699;1.29468
0.523;0.320799;0.4177;0.2818;1.1967
0.3919;0.418;0.432199;0.56;1.74187
0.548099;0.898;0.613099;0.5886;1.50975
0.5017;0.256;0.4619;0.386799;1.27227
0.3908;0.550999;0.3497;0.4139;2.03072
0.5119;0.59;0.5928;0.5805;0.653361
0.590499;0.250399;0.420999;0.377499;-0.145097
0.331099;0.4956;0.1648;0.1715;-0.0856742
0.1989;0.277999;0.3109;0.139199;1.74847
0.181999;0.097599;0.405799;0.7786;0.77443
0.716699;0.5425;0.6029;0.404699;1.37021
0.4186;0.471899;0.271099;0.0207;1.05109
0.0487;0.249;0.2307;0.5563;1.30442
0.5089;0.244199;0.3614;0.480499;0.542848
0.560199;0.7773;0.7667;0.7404;0.286745
0.7021;0.666499;0.6171;0.4175;0.640969
0.248799;0.515699;0.354099;0.7667;-0.145428
0.9217;0.6013;0.877099;0.539099;0.174676
0.549999;0.617999;0.4542;0.3851;-0.057371
0.2937;0.15;0.2674;0.287199;0.294839
0.3066;0.445499;0.4695;0.6094;0.806324
0.64;0.630499;0.5581;0.3931;0.252472
0.223099;0.281;0.052299;0.0;0.921325
0.4;0.1766;0.218399;0.402699;-0.00293404
0.1369;0.273399;0.5129;0.564;0.644182
0.6084;0.664;0.5839;0.5766;0.464515
0.4816;0.488;0.336099;0.229699;0.722753
0.285899;0.215999;0.3748;0.4373;-0.7176
0.4861;0.652;0.591799;0.7163;-0.367717
0.7146;0.751999;0.6371;0.2414;-0.641535
0.375299;0.267;0.4296;0.682599;1.13005
0.5792;0.609999;0.6399;0.8241;1.01027
0.8382;0.625999;0.562;0.5062;0.0385925
0.436699;0.54;0.657899;0.529399;-0.626562
0.5433;0.382899;0.3468;0.2498;0.690179
0.224799;0.435099;0.354699;0.2539;0.48133
0.3641;0.1655;0.3166;0.464199;1.69203
0.2653;0.503499;0.3727;0.4704;0.943045
0.5591;0.5192;0.7227;0.520399;1.12207
0.5626;0.557099;0.460699;0.6935;-0.653474
0.601399;0.591699;0.5395;0.4035;0.515722
0.4257;0.58;0.424199;0.239999;1.21397
0.355;0.135999;0.305499;0.597799;0.876318
0.552199;0.4553;0.4489;0.3411;-1.55255
0.3355;0.617799;0.5459;0.6671;0.510661
0.762;0.4539;0.7638;0.657;0.499217
0.4968;0.645;0.248899;0.271599;0.500487
0.309099;0.282999;0.0602;0.0;0.633202
0.0;0.0;0.334699;0.669;1.57827
0.639499;0.6937;0.5324;0.4875;0.093542
0.381;0.2375;0.291899;0.2892;0.640987
0.2335;0.4055;0.462;0.2593;1.12791
0.624699;0.637;0.617;0.629999;-0.202839
0.3632;0.547;0.3672;0.475;0.51301
0.5046;0.37;0.480799;0.428899;-0.181527
0.287399;0.059599;0.329499;0.3474;0.202452
0.525;0.477799;0.4451;0.5228;0.270955
0.431099;0.421199;0.4473;0.2469;0.0927553
0.4681;0.7424;0.543599;0.8504;0.448327
0.7931;1.0;0.7931;0.790599;1.06217
1.0;0.262;0.916599;0.617;0.357907
0.3486;0.550999;0.507899;0.673;0.30645
0.697099;0.625;0.639099;0.483999;0.900768
0.4554;0.5062;0.5308;0.513;-0.420539
0.407299;0.2828;0.350999;0.702999;-0.198241
0.5886;0.389599;0.5668;0.201999;0.260334
0.322199;0.295;0.3904;0.5441;0.0974581
0.5573;0.729399;0.515899;0.4069;0.0737831
0.451999;0.3416;0.4141;0.4871;0.351541
0.3641;0.445799;0.485299;0.5669;0.872265
0.5922;0.445899;0.5473;0.454599;0.0746354
0.4266;0.7197;0.4715;0.430399;0.832687
0.653699;0.495999;0.559899;0.489;-0.0352338
0.2796;0.414999;0.2924;0.315999;0.0554189
0.4118;0.1547;0.278199;0.4189;0.776033
0.2514;0.2483;0.2498;0.2558;-0.244482
0.3431;0.351699;0.515499;0.5669;0.375091
