<OPEN>;<HIGH>;<LOW>;<CLOSE>;(predicted -> )<LOW>
1.0;1.0;1.0;1.0;0.536985
1.0;1.0;1.0;1.0;0.58823
1.0;1.0;1.0;1.0;0.413116
1.0;1.0;1.0;1.0;1.07824
0.0;0.0;0.0;0.0;0.708858
0.0;0.0;0.0;0.0;1.12822
0.0;0.0;0.0;0.0;0.668914
0.0;0.0;0.0;0.0;0.78158
0.5;0.5;0.5;0.5;0.407671
0.0;0.0;0.0;0.0;0.976993
0.519;0.519;0.519;0.519;0.639876
0.494;0.494;0.494;0.494;0.828711
1.0;1.0;1.0;1.0;0.872917
1.0;1.0;1.0;1.0;0.60085
1.0;1.0;1.0;1.0;0.963868
0.0;0.0;0.0;0.0;0.473301
0.0;0.0;0.0;0.0;0.603295
0.622;0.622;0.622;0.622;0.472016
0.822999;0.822999;0.822999;0.822999;0.806284
0.268;0.268;0.268;0.268;1.10282
0.669;0.669;0.669;0.669;0.92528
0.442;0.442;0.442;0.442;0.600692
0.762;0.762;0.762;0.762;1.01822
0.597;0.597;0.597;0.597;0.783635
0.262999;0.262999;0.262999;0.262999;0.570668
0.577999;0.577999;0.577999;0.577999;0.849711
1.0;1.0;1.0;1.0;0.308312
0.689999;0.689999;0.689999;0.689999;0.957904
0.513;0.513;0.513;0.513;1.20983
0.015;0.015;0.015;0.015;0.729425
0.123999;0.123999;0.123999;0.123999;1.37473
0.0;0.0;0.0;0.0;1.05365
1.0;1.0;1.0;1.0;0.723655
1.0;1.0;1.0;1.0;0.985194
1.0;1.0;1.0;1.0;0.234806
0.0;0.0;0.0;0.0;1.00301
0.0;0.0;0.0;0.0;0.814622
0.173;0.173;0.173;0.173;0.0709708
0.696999;0.696999;0.696999;0.696999;0.856745
0.289;0.289;0.289;0.289;0.427776
0.544;0.544;0.544;0.544;0.843045
0.334999;0.334999;0.334999;0.334999;1.00939
0.268;0.268;0.268;0.268;-0.00293899
0.555;0.555;0.555;0.555;0.41503
0.089999;0.089999;0.089999;0.089999;-0.0541483
0.0;0.0;0.0;0.0;-0.135756
0.029;0.029;0.029;0.029;0.519193
0.312999;0.312999;0.312999;0.312999;-0.103285
1.0;1.0;1.0;1.0;-0.0702863
0.5;0.5;0.5;0.5;1.08347
0.215;0.215;0.215;0.215;0.502678
0.891999;0.891999;0.891999;0.891999;1.3741
0.508;0.508;0.508;0.508;1.0991
1.0;1.0;1.0;1.0;1.30532
0.658999;0.658999;0.658999;0.658999;1.53058
1.0;1.0;1.0;1.0;0.144365
0.257999;0.257999;0.257999;0.257999;1.29941
0.486999;0.486999;0.486999;0.486999;-0.241969
0.0;0.0;0.0;0.0;1.03599
0.333;0.333;0.333;0.333;0.379221
1.0;1.0;1.0;1.0;1.15704
0.265;0.265;0.265;0.265;0.674971
0.440999;0.440999;0.440999;0.440999;0.69545
0.63;0.63;0.63;0.63;1.28234
0.498999;0.498999;0.498999;0.498999;0.85261
1.0;1.0;1.0;1.0;1.8781
0.967;0.967;0.967;0.967;0.759527
1.0;1.0;1.0;1.0;0.831274
1.0;1.0;1.0;1.0;0.70844
1.0;1.0;1.0;1.0;0.814415
0.309999;0.309999;0.309999;0.309999;0.265896
0.402;0.402;0.402;0.402;0.821967
0.245999;0.245999;0.245999;0.245999;0.316147
1.0;1.0;1.0;1.0;0.731892
0.942;0.942;0.942;0.942;0.0500824
0.646;0.646;0.646;0.646;0.532442
0.87;0.87;0.87;0.87;-0.275811
0.739999;0.739999;0.739999;0.739999;0.583313
0.292;0.292;0.292;0.292;0.775693
0.509999;0.509999;0.509999;0.509999;1.10607
0.0;0.0;0.0;0.0;0.615339
0.0;0.0;0.0;0.0;1.22284
0.163999;0.163999;0.163999;0.163999;1.01492
0.056;0.056;0.056;0.056;0.922286
1.0;1.0;1.0;1.0;0.778128
0.369;0.369;0.369;0.369;0.775696
0.332;0.332;0.332;0.332;-0.143944
0.0;0.0;0.0;0.0;1.01519
0.5;0.5;0.5;0.5;0.98561
0.5;0.5;0.5;0.5;0.204125
0.5;0.5;0.5;0.5;1.49198
0.5;0.5;0.5;0.5;0.093251
0.5;0.5;0.5;0.5;1.89929
0.5;0.5;0.5;0.5;-0.266755
0.5;0.5;0.5;0.5;1.02338
0.5;0.5;0.5;0.5;0.623774
0.5;0.5;0.5;0.5;0.35444
0.5;0.5;0.5;0.5;1.42609
0.5;0.5;0.5;0.5;0.123062
0.5;0.5;0.5;0.5;0.762981
0.5;0.5;0.5;0.5;0.246323
0.5;0.5;0.5;0.5;0.451029
0.5;0.5;0.5;0.5;0.295031
1.0;1.0;1.0;1.0;0.354708
0.3226;0.3018;0.3226;0.2997;0.324229
0.483999;0.483999;0.483999;0.493099;0.265684
0.080999;0.080999;0.080999;0.080999;0.653973
0.6907;0.6907;0.6907;0.6907;0.859077
0.4021;0.4021;0.4021;0.4021;1.2122
0.6398;0.6398;0.6398;0.6398;0.0393222
0.523099;0.523099;0.523099;0.523099;1.64934
0.459299;0.459299;0.459299;0.459299;1.25544
0.442;0.442;0.442;0.442;1.26641
0.503499;0.503499;0.503499;0.503499;0.370034
0.2972;0.2972;0.2972;0.2972;-0.131834
0.4756;0.4756;0.4756;0.4756;-0.0239943
0.6336;0.6336;0.6336;0.6336;0.0293995
0.468599;0.468599;0.468599;0.468599;0.177793
0.5286;0.6026;0.4726;0.5306;0.952658
0.2769;0.2029;0.3329;0.274899;0.92166
0.6033;0.6033;0.6033;0.6033;0.307448
0.392099;0.392099;0.392099;0.392099;1.14524
0.1263;0.1263;0.1263;0.1263;-0.779523
0.275199;0.275199;0.275199;0.275199;0.602486
0.4282;0.4282;0.4282;0.4282;-0.895626
0.4953;0.4953;0.4953;0.4953;0.605627
0.6645;0.6645;0.6645;0.6645;0.553044
0.3964;0.3964;0.3964;0.3964;-0.081486
0.421099;0.421099;0.421099;0.421099;1.53216
0.6291;0.6291;0.6291;0.6291;-0.649798
0.472799;0.472799;0.472799;0.472799;1.32745
0.6168;0.6168;0.6168;0.6168;-0.267737
0.492599;0.492599;0.492599;0.492599;1.24566
0.525099;0.525099;0.525099;0.525099;0.948785
0.486;0.486;0.486;0.486;0.0622998
0.6226;0.6226;0.6226;0.6226;1.78209
0.451999;0.451999;0.451999;0.451999;-0.985104
0.6442;0.6442;0.6442;0.6442;1.11386
0.091899;0.091899;0.091899;0.091899;-0.768167
0.910399;0.910399;0.910399;0.910399;0.750534
0.9116;0.9116;0.9116;0.9116;0.577649
1.0;1.0;1.0;1.0;0.240941
0.216;0.216;0.216;0.216;1.41087
0.438599;0.7135;0.4025;0.7014;-0.559554
0.7494;0.793799;0.785499;0.793499;0.784453
0.782399;1.0;0.782399;1.0;-0.667639
1.0;1.0;1.0;0.0;0.509378
1.0;0.450599;0.4004;1.0;0.547713
0.0;0.0;0.0;0.0;0.680677
0.0;0.0;0.132;0.0;1.14929
0.068699;0.5499;0.2207;1.0;-0.865844
1.0;1.0;1.0;1.0;0.939631
1.0;0.0;1.0;0.0;-0.12163
1.0;1.0;1.0;0.8767;0.939708
0.2071;0.375;0.277999;0.549299;0.0842939
0.5909;0.509;0.655;0.173;0.617884
0.728999;0.509;0.739;1.0;0.794653
0.459;0.459;0.459;0.459;-0.158491
0.402999;0.402999;0.402999;0.402999;0.38176
0.108;0.108;0.108;0.108;-0.22676
0.553999;0.553999;0.553999;0.553999;1.03182
0.0;0.0;0.0;0.0;0.494267
0.441999;0.441999;0.441999;0.441999;0.978818
0.0;0.0;0.0;0.0;-0.282871
0.495;0.495;0.495;0.495;-0.194109
0.288999;0.288999;0.288999;0.288999;-0.23456
0.535;0.535;0.535;0.535;0.636185
0.601;0.601;0.601;0.601;0.379791
0.0;0.0;0.0;0.0;1.09752
0.702999;0.702999;0.702999;0.702999;0.601594
0.433;0.433;0.433;0.433;0.145238
0.111;0.111;0.111;0.111;-0.0586589
0.913999;0.913999;0.913999;0.913999;-0.444717
0.594;0.594;0.594;0.594;-0.0246664
0.565;0.565;0.565;0.565;0.102087
0.518;0.518;0.518;0.518;0.650174
0.241;0.241;0.241;0.241;0.781647
0.781199;0.781199;0.781199;0.781199;0.33922
0.425799;0.425799;0.425799;0.425799;-0.606981
0.424;0.424;0.424;0.424;-0.253219
1.0;1.0;1.0;1.0;-0.532158
0.729499;0.729499;0.729499;0.729499;0.600239
0.2615;0.2615;0.2615;0.2615;-0.398018
0.0;0.0;0.0;0.0;0.458112
0.485;0.485;0.485;0.485;-0.152025
0.7134;0.7134;0.7134;0.7134;-0.444144
0.4376;0.4376;0.4376;0.4376;0.00992373
0.326999;0.326999;0.326999;0.326999;0.18982
0.353899;0.353899;0.353899;0.353899;1.28373
0.1731;0.1731;0.1731;0.1731;0.373838
0.3686;0.3686;0.3686;0.3686;0.790402
0.476399;0.476399;0.476399;0.476399;0.581315
0.6931;0.6931;0.6931;0.6931;-0.214032
0.5959;0.759899;0.5029;0.533899;0.275223
0.3447;0.1807;0.4377;0.4067;-0.403435
0.0013;0.0013;0.0013;0.0013;0.309127
0.6509;0.8441;0.572599;0.7028;0.305482
0.603199;0.521899;0.4485;0.410999;0.28802
0.6011;0.4905;0.526699;0.2932;0.896008
0.2149;0.461599;0.5223;0.721999;-0.214619
0.9895;0.8249;0.6617;0.6056;1.63851
0.189599;0.270199;0.4878;0.401399;0.685848
0.603999;0.5501;0.633599;0.663;1.30582
0.5491;0.480499;0.4388;0.401699;0.332453
0.3033;0.376899;0.3587;0.4123;0.33281
0.6096;0.5133;0.364599;0.224;-0.119405
0.180899;0.459;0.4573;0.513999;-0.612824
0.3499;0.3591;0.3734;0.487;0.755292
0.7696;0.505199;0.474999;0.416999;0.0239427
0.3352;0.412199;0.498;0.718;1.3074
0.607299;0.4944;0.472;0.228;0.0354882
0.3823;0.439499;0.612099;0.778399;0.773675
0.680099;0.8378;0.6519;0.7374;0.684049
0.515899;0.410699;0.5668;0.393;-0.484919
0.4147;0.312799;0.218999;0.1582;1.5303
0.334;0.4993;0.4649;0.518799;-0.1592
0.5762;0.407;0.266999;0.3061;1.82212
0.1316;0.4037;0.5304;0.7745;0.426648
0.822099;0.587299;0.4259;0.4316;0.0732999
0.4737;0.452099;0.805899;0.44;0.270447
0.481999;0.5699;0.4673;0.5717;-0.624358
0.347;0.513999;0.387699;0.437199;0.868553
0.579099;0.342;0.3404;0.4091;0.112731
0.3281;0.349;0.157499;0.403099;0.879511
0.452299;0.4862;0.8172;0.5931;0.32579
0.5102;0.503299;0.5;0.5058;0.536708
0.5815;0.5528;0.591;0.4895;0.633415
0.447899;0.441599;0.4845;0.4732;0.649492
0.3099;0.3609;0.079899;0.307299;1.37943
0.8855;1.0;1.0;1.0;1.20211
0.867799;0.5372;0.888999;0.679;1.30388
0.606999;0.606999;0.606999;0.606999;0.584822
0.4588;0.578399;0.4588;0.337;0.187067
0.5468;0.9066;0.5468;0.9831;0.764496
0.814499;0.4428;0.156399;0.0;0.436268
0.4566;0.526399;1.0;1.0;1.39675
0.552099;0.5329;0.638;0.629799;1.24936
0.616799;0.552699;0.563099;0.475;1.21624
0.4511;0.3933;0.4457;0.4239;0.946913
0.4845;0.516999;0.494699;0.622199;0.183938
0.6321;0.914;0.681;0.7239;0.703153
0.878699;0.6017;0.739799;0.533;-0.459323
0.41;0.802699;0.5195;0.867;0.420159
0.8227;1.0;0.716999;0.594999;-0.159508
0.745799;0.0;0.8809;0.684999;0.501753
0.5636;0.4397;0.0;0.1059;0.69807
0.062;0.055599;0.8481;0.3001;0.328131
0.6205;0.8644;0.6949;0.430999;0.285348
0.308899;0.069;0.295999;0.5821;-0.76682
0.3736;0.347999;0.1079;0.0249;0.866213
0.2315;0.209;0.0;0.526199;-0.339604
0.3619;0.7577;0.8944;0.951699;1.42288
0.911299;0.8889;0.599399;0.053;-0.287605
0.666;0.3765;0.1171;0.574099;0.868758
0.0;0.0555;0.882999;0.312;-0.0293111
0.7195;0.498799;0.5577;0.535;-0.175865
0.358;0.3594;0.0;0.338;1.07937
0.443199;0.533199;1.0;0.863799;0.392516
0.5885;0.528;0.4779;0.4088;1.74642
0.5347;1.0;0.644199;0.877399;0.0050123
0.9097;0.650099;0.9108;1.0;0.536708
1.0;0.9506;1.0;0.9654;0.388051
0.9922;0.6113;0.967199;0.145199;0.952871
0.3553;0.1449;0.3303;0.634;0.494128
0.4206;0.4834;0.3504;0.398299;0.426994
0.505199;0.6006;0.581399;0.5179;0.710852
0.520299;0.409299;0.4184;0.2008;0.0685181
0.2636;0.4767;0.105799;0.052999;0.639884
0.173;0.0;0.2515;0.7753;0.254197
0.564499;0.5383;0.4001;0.2501;0.230343
0.079;0.1615;0.320499;0.113599;1.39936
0.608499;0.7564;0.7058;0.597;0.581994
0.418099;0.306999;0.396999;0.547;1.50764
0.5817;0.632;0.6157;0.379;0.0900517
0.3643;0.418899;0.4022;0.584999;0.519374
0.7192;0.5912;0.7192;0.9047;0.356134
0.424499;0.4169;0.287399;0.0;-0.913497
0.6022;0.561199;0.6606;0.9583;1.23069
0.3953;0.3904;0.390499;0.1707;-0.0454997
0.238099;0.367599;0.296399;0.495999;1.28702
0.7634;0.7118;0.6778;0.9308;0.522843
0.651399;0.847;0.7622;0.4312;0.338961
0.805099;0.997;0.805099;0.975999;0.65272
0.698499;0.741599;0.548;1.0;0.227101
0.9855;0.5913;0.267199;0.2281;0.61094
0.561399;0.409099;1.0;0.498;1.04701
0.3506;0.4366;0.5837;0.547999;1.13046
0.5468;0.474699;0.4314;0.5558;0.967925
0.279;0.3597;0.0;0.2332;0.615196
0.540599;0.6733;1.0;0.745999;0.38253
0.8453;0.616399;0.6749;0.698399;0.463089
0.4323;0.548;0.0;0.4206;0.0487308
0.6754;0.909399;1.0;0.95;0.530479
0.826599;0.4741;0.646599;0.572999;0.864265
0.2424;0.4858;0.0;0.4512;1.52016
0.5117;0.9188;1.0;0.0;0.523497
0.351899;0.0;0.1663;0.641999;1.34107
0.5246;0.369899;0.504199;0.12;-0.627336
0.5274;0.485099;0.3868;0.691099;1.4108
0.1035;0.1113;0.3194;0.0569;0.61191
0.2328;0.7475;0.505099;0.727;0.989717
0.6855;0.4204;0.6855;0.8751;1.25598
0.675799;0.566799;0.4194;0.4133;-0.163971
0.1704;0.604;0.4268;0.5213;0.922636
0.782399;0.539999;0.782399;0.578699;-0.264277
0.5946;0.2893;0.526199;0.2276;1.5086
0.4527;0.515699;0.4318;0.672499;0.896391
0.2006;0.728999;0.279199;0.352999;1.09713
0.641999;0.0767;0.476199;0.1485;0.889369
0.3294;0.298699;0.4282;0.737199;0.517976
0.4773;0.5522;0.5473;0.6019;0.795656
0.5732;0.570399;0.559799;0.1849;0.52216
0.4553;0.4933;0.3835;0.689399;0.976316
0.434799;0.350399;0.4161;0.407299;1.20913
0.478;0.4981;0.5671;0.556799;1.32732
0.472999;0.831199;0.4955;0.812;0.97361
0.8171;0.4835;0.625799;0.0;0.582256
0.2803;0.2165;0.3982;0.575999;0.291347
0.4757;0.783999;0.549099;0.646;-0.0296225
0.612099;0.3441;0.506499;0.588799;0.0929783
0.3712;0.2972;0.186199;0.0;-0.423044
0.314299;0.518699;0.5059;0.922999;0.746576
0.470099;0.387;0.0;0.2985;0.236365
0.3077;0.403499;1.0;0.4472;1.04248
0.5011;0.5161;0.4864;0.365299;-0.182894
0.666399;0.727399;0.724399;0.417;0.447101
0.4307;0.2373;0.3947;0.692399;0.0801767
0.357299;0.426199;0.460899;0.5581;1.01919
0.6028;1.0;0.6028;1.0;0.711581
1.0;0.7532;1.0;0.4733;0.295816
0.6505;0.489999;0.6505;0.656099;1.01178
0.571099;0.468;0.240499;0.1081;0.159439
0.294499;0.2222;0.4824;0.588899;0.835606
0.1181;0.3767;0.2608;0.1226;0.240662
0.747799;0.485299;0.459199;0.596699;0.477677
0.2302;0.2604;0.390799;0.494;1.22283
0.537;0.690899;0.6429;0.6273;0.233636
0.670099;0.6796;0.4376;0.318899;0.70724
0.2815;0.1169;0.4148;0.5059;-0.183408
0.4952;0.5688;0.6261;0.530999;-0.831998
0.499399;0.4262;0.4316;0.430199;0.878864
0.5248;0.647499;0.5212;0.7167;-0.106572
0.616;0.5775;0.6408;0.5183;1.59104
0.5257;0.698499;0.5627;0.787099;0.363047
0.804599;0.7004;0.804599;0.504999;0.488977
0.5396;0.5941;0.5396;0.6171;-0.255771
0.6558;0.407399;0.5778;0.3576;-0.381181
0.450499;0.476199;0.5285;0.598599;0.601916
0.4828;0.559;0.4828;0.5572;-0.341857
0.767099;1.0;0.767099;0.9544;1.31228
0.8624;0.735099;0.783899;0.5363;-0.306054
0.4221;0.5221;0.4635;0.706399;1.10708
0.588999;0.2789;0.0;0.399899;0.57775
0.4596;1.0;1.0;1.0;-0.19587
1.0;1.0;1.0;0.811799;0.854718
1.0;0.171299;0.392599;0.8559;-0.515497
0.565299;0.238399;1.0;0.348499;1.37293
0.3273;0.2791;0.095299;0.0731;0.545668
0.1235;0.2272;0.4331;0.4855;0.624829
0.497;0.384;0.575999;0.523;-0.0113015
0.2478;0.491199;0.2658;0.509399;-0.687236
0.625699;0.497799;0.5517;0.415399;-0.0301142
0.6953;0.5919;0.421499;0.3903;0.0591512
0.1207;0.146599;0.3373;0.2783;0.246109
0.5566;0.582699;0.528599;0.550599;0.499109
0.3521;0.424499;0.5113;0.4917;0.982458
0.492899;0.4458;0.172699;0.1494;0.916838
0.1076;0.077899;0.1754;0.165599;0.288024
0.3492;0.414999;0.529499;0.5187;0.609722
0.263299;0.2573;0.1961;0.362299;-0.590703
0.4211;0.6121;0.5604;0.7321;0.637391
0.6938;0.913699;0.539299;0.882099;-0.0328844
1.0;0.668199;0.8583;0.1834;0.762493
0.2843;0.1522;0.4435;0.495099;1.06229
0.446899;0.7221;0.5916;0.7705;0.318388
0.706299;0.555399;0.7073;0.540099;1.08111
0.6098;0.5042;0.381;0.389199;-0.139656
0.2392;0.399;0.5008;0.614;0.482082
0.7391;0.584599;0.432199;0.2239;-0.063466
0.148299;0.2648;0.404;0.6211;0.428012
0.5654;0.560299;0.5788;0.582099;0.786456
0.6556;0.8119;0.6934;0.5629;-0.0336056
0.666499;0.3808;0.6015;0.5518;0.905238
0.49;0.504;0.507999;0.559999;0.755189
0.632899;1.0;0.6799;1.0;0.821742
0.919699;0.495799;0.764199;0.2998;0.986236
0.369;0.332899;0.062599;0.1555;0.210668
0.0405;0.0849;0.099;0.005299;0.571277
0.0;0.0;0.0;0.2019;-0.870106
0.738699;0.6736;0.643599;0.432499;0.546619
0.595;0.305399;0.4695;0.5448;0.154097
0.553999;0.6352;0.4224;0.305199;0.775295
0.1582;0.172699;0.4595;0.489899;0.164613
0.3306;0.4098;0.381499;0.430099;1.01434
0.4923;0.3743;0.4055;0.3333;0.309559
0.483699;0.4894;0.465799;0.521899;0.783959
0.6448;0.6828;0.6702;0.7885;0.717069
0.6059;0.4737;0.456;0.4116;-0.00417578
0.360999;0.6267;0.590199;0.527899;1.76511
0.4707;0.292999;0.4193;0.4357;0.0731091
0.581199;0.5986;0.56;0.5871;2.16337
0.5102;0.550999;0.523699;0.526;-0.364706
0.5062;0.4192;0.5119;0.388999;0.790387
0.529199;0.469999;0.582599;0.594799;-0.873048
0.5053;0.5649;0.4514;0.4365;0.23607
0.114799;0.163999;0.1687;0.2669;-0.0608389
0.588999;0.7473;0.571999;0.707599;0.621853
0.8481;0.5838;0.7059;0.576899;0.625145
0.575199;0.6036;0.4581;0.3884;0.856667
0.1372;0.189599;0.3674;0.3413;0.817424
0.2557;0.268999;0.1509;0.2145;0.487352
0.4483;0.8207;0.5992;0.996399;0.47222
0.931999;0.5154;0.8059;0.4638;0.479404
0.3692;0.5912;0.448499;0.544999;0.821697
0.656799;0.4051;0.581;0.5115;0.54067
0.6724;0.8203;0.710699;0.369199;1.16998
0.461499;0.371099;0.3516;0.312999;0.0360768
0.2877;0.315999;0.4131;0.7775;1.30176
0.4465;0.569;0.5153;0.4626;0.0257592
0.663;0.642999;0.559;0.4513;1.38655
0.406399;0.265;0.314999;0.337899;0.940252
0.3558;0.3344;0.4543;0.4182;0.801947
0.392599;0.5443;0.4875;0.6082;0.851109
0.8249;0.9513;0.8269;0.796299;0.247293
0.384799;0.072599;0.2303;0.0;0.598852
0.062799;0.2291;0.116399;0.062;0.722067
0.465299;0.377299;0.4542;0.8004;0.735971
0.3959;0.4725;0.507899;0.523599;0.958719
0.4877;0.338;0.0512;0.0;0.744219
0.0;0.087499;0.235599;0.6433;0.553903
0.555599;0.422;0.3073;0.0;0.710584
0.1745;0.1479;0.3138;0.7637;0.44813
0.493099;0.4742;0.6173;0.556899;0.303335
0.6592;0.6052;0.420299;0.1684;0.586095
0.002199;0.2925;0.0;0.190299;1.08048
0.3064;0.108699;0.9308;0.3947;0.296658
0.459;0.6187;0.654499;0.8178;1.10092
0.7466;0.5966;0.5527;0.417199;0.312173
0.404199;0.4438;0.591;0.7169;1.00987
0.7639;0.8124;0.747599;0.6889;-0.145478
0.3426;0.481999;0.213699;0.241799;-0.00875342
0.4514;0.306999;0.5275;0.6454;0.920987
0.9229;0.7432;0.7325;0.532999;0.120623
0.213299;0.2728;0.245;0.239;1.16778
0.3022;0.2878;0.3627;0.368;0.204527
0.4421;0.488199;0.5261;0.5717;0.812223
0.4176;0.489999;0.0122;0.471699;0.0919546
0.5703;0.6072;0.923999;0.7312;0.618964
0.6644;0.998799;0.8199;0.5656;0.564345
0.593399;0.177199;0.524799;0.604799;-0.315327
0.413899;0.4514;0.379799;0.4457;1.12355
0.744;1.0;0.8455;1.0;-0.00222522
0.8298;0.4389;0.8;0.4239;1.04211
0.5046;0.818999;0.535599;0.559799;0.404144
0.627399;0.491;0.5762;0.476199;0.482058
0.6841;0.606999;0.610599;0.5865;1.77756
0.3706;0.8038;0.4953;0.916399;-0.17376
0.9877;0.438199;0.846;0.5463;1.39837
0.4489;0.7499;0.5906;0.6798;0.134867
0.712299;0.6751;0.712299;0.620999;0.590367
0.6517;0.5622;0.439399;0.3393;1.22674
0.3506;0.409799;0.4656;0.568099;0.65833
0.4726;0.2828;0.5699;0.5547;1.4559
0.586099;0.8942;0.586099;0.6872;0.970912
0.7174;0.573999;0.646699;0.4431;0.316762
0.377599;0.1171;0.2651;0.267199;1.19678
0.3553;0.6404;0.439399;0.808399;0.151994
0.8005;0.7635;0.7567;0.431;1.31476
0.311599;0.099;0.2635;0.123;0.453585
0.267499;0.507999;0.292899;0.218;0.861711
0.3353;0.135999;0.2667;0.413499;0.240109
0.1747;0.341;0.391999;0.3808;0.033095
0.4513;0.2224;0.320999;0.487299;1.22682
0.5211;0.7876;0.6683;0.6804;-0.427875
0.7028;0.645;0.5594;0.4752;0.725771
0.3806;0.456699;0.5102;0.7303;-0.606318
0.7988;0.6825;0.8126;0.604699;0.814814
0.523;0.320799;0.4177;0.2818;0.0093247
0.3919;0.418;0.432199;0.56;0.714744
0.548099;0.898;0.613099;0.5886;1.17567
0.5017;0.256;0.4619;0.386799;0.694608
0.3908;0.550999;0.3497;0.4139;1.06187
0.5119;0.59;0.5928;0.5805;0.729659
0.590499;0.250399;0.420999;0.377499;0.86798
0.331099;0.4956;0.1648;0.1715;0.387111
0.1989;0.277999;0.3109;0.139199;0.73203
0.181999;0.097599;0.405799;0.7786;0.286248
0.716699;0.5425;0.6029;0.404699;0.905691
0.4186;0.471899;0.271099;0.0207;1.13426
0.0487;0.249;0.2307;0.5563;1.75247
0.5089;0.244199;0.3614;0.480499;0.827187
0.560199;0.7773;0.7667;0.7404;0.992588
0.7021;0.666499;0.6171;0.4175;0.195452
0.248799;0.515699;0.354099;0.7667;-0.0037213
0.9217;0.6013;0.877099;0.539099;-0.730844
0.549999;0.617999;0.4542;0.3851;0.181189
0.2937;0.15;0.2674;0.287199;0.601039
0.3066;0.445499;0.4695;0.6094;1.18617
0.64;0.630499;0.5581;0.3931;1.48177
0.223099;0.281;0.052299;0.0;0.678958
0.4;0.1766;0.218399;0.402699;0.442914
0.1369;0.273399;0.5129;0.564;0.163363
0.6084;0.664;0.5839;0.5766;-0.122488
0.4816;0.488;0.336099;0.229699;0.313721
0.285899;0.215999;0.3748;0.4373;0.126507
0.4861;0.652;0.591799;0.7163;0.113721
0.7146;0.751999;0.6371;0.2414;0.464412
0.375299;0.267;0.4296;0.682599;-0.404229
0.5792;0.609999;0.6399;0.8241;-0.0532244
0.8382;0.625999;0.562;0.5062;0.0392701
0.436699;0.54;0.657899;0.529399;0.161929
0.5433;0.382899;0.3468;0.2498;1.38524
0.224799;0.435099;0.354699;0.2539;-0.147216
0.3641;0.1655;0.3166;0.464199;0.641702
0.2653;0.503499;0.3727;0.4704;0.792424
0.5591;0.5192;0.7227;0.520399;-0.635583
0.5626;0.557099;0.460699;0.6935;0.589059
0.601399;0.591699;0.5395;0.4035;-0.203521
0.4257;0.58;0.424199;0.239999;0.210663
0.355;0.135999;0.305499;0.597799;0.966312
0.552199;0.4553;0.4489;0.3411;-0.0576873
0.3355;0.617799;0.5459;0.6671;1.48105
0.762;0.4539;0.7638;0.657;0.493052
0.4968;0.645;0.248899;0.271599;0.338187
0.309099;0.282999;0.0602;0.0;0.192037
0.0;0.0;0.334699;0.669;-0.199028
0.639499;0.6937;0.5324;0.4875;0.619582
0.381;0.2375;0.291899;0.2892;0.29885
0.2335;0.4055;0.462;0.2593;-0.166448
0.624699;0.637;0.617;0.629999;0.37762
0.3632;0.547;0.3672;0.475;1.08325
0.5046;0.37;0.480799;0.428899;0.587922
0.287399;0.059599;0.329499;0.3474;1.32165
0.525;0.477799;0.4451;0.5228;-0.554118
0.431099;0.421199;0.4473;0.2469;0.797474
0.4681;0.7424;0.543599;0.8504;0.409175
0.7931;1.0;0.7931;0.790599;0.0254001
1.0;0.262;0.916599;0.617;0.699839
0.3486;0.550999;0.507899;0.673;-0.287913
0.697099;0.625;0.639099;0.483999;1.35733
0.4554;0.5062;0.5308;0.513;0.204239
0.407299;0.2828;0.350999;0.702999;0.91827
0.5886;0.389599;0.5668;0.201999;1.20121
0.322199;0.295;0.3904;0.5441;-0.352891
0.5573;0.729399;0.515899;0.4069;1.08923
0.451999;0.3416;0.4141;0.4871;-0.608257
0.3641;0.445799;0.485299;0.5669;0.942783
0.5922;0.445899;0.5473;0.454599;-0.383862
0.4266;0.7197;0.4715;0.430399;1.23052
0.653699;0.495999;0.559899;0.489;0.15237
0.2796;0.414999;0.2924;0.315999;-0.0528266
0.4118;0.1547;0.278199;0.4189;0.961473
0.2514;0.2483;0.2498;0.2558;-0.284783
0.3431;0.351699;0.515499;0.5669;1.53931
0.608;0.6819;0.2964;0.250699;0.0131916
0.190899;0.141299;0.5137;0.3987;1.08123
0.670999;0.6035;0.431799;0.427;-0.101302
0.338;0.3561;0.4801;0.445999;-0.113972
0.4041;0.402799;0.4753;0.6027;-0.214732
0.4691;0.483899;0.280099;0.162299;0.198023
0.258199;0.2877;0.4093;0.6081;0.293909
0.5402;0.7866;0.636499;0.8301;1.57322
0.754299;0.7729;0.7488;0.3948;-0.0633274
0.4819;0.4026;0.462599;0.661999;0.876191
0.7494;0.7793;0.7743;0.800999;0.133954
0.809999;0.7013;0.736799;0.507;-0.352896
0.4916;0.823799;0.5641;0.544;0.755445
0.671599;0.3135;0.4749;0.416999;-0.142904
0.3893;0.291699;0.465199;0.464;1.01004
0.610699;0.7083;0.5348;0.535999;0.172756
0.3893;0.291699;0.465199;0.464;0.751635
0.4377;0.433499;0.4147;0.5731;0.434224
0.334499;0.4288;0.3831;0.4924;0.871786
0.7748;0.755499;0.796099;0.7287;0.288541
0.480599;0.4204;0.380099;0.245799;0.204973
0.319199;0.338799;0.4017;0.358;-0.0844826
0.2736;0.4723;0.564999;0.679099;0.600272
0.692;0.488099;0.433199;0.4729;1.08886
0.43;0.479;0.402;0.43;0.10969
0.407;0.327999;0.494;0.489999;0.628182
0.398;0.327999;0.399;0.355;-0.128896
0.541699;0.809999;0.445599;0.331;0.489665
0.503299;0.259;0.3974;0.533999;1.20166
0.2633;0.4742;0.465299;0.5089;0.251706
0.6015;0.5998;0.5542;0.6191;0.295682
0.786899;0.725199;0.827099;0.689;0.167289
0.664;0.7337;0.6497;0.6997;0.989872
0.543099;0.696899;0.564499;0.7593;0.647148
1.0;0.6853;0.8475;0.605;0.799511
0.5225;0.910599;0.6597;0.841;-0.142821
0.772499;0.4311;0.6357;0.344;0.696434
0.1939;0.445899;0.3843;0.8183;-0.078315
0.895499;0.7627;0.876199;0.412699;-0.0477319
0.4954;0.648599;0.4082;0.5618;-0.119538
0.323;0.0655;0.2909;0.2698;0.030079
0.3471;0.3972;0.425899;0.339399;1.30193
0.415799;0.488299;0.3936;0.625;0.053295
0.6167;0.622399;0.6812;0.7621;1.00667
0.891999;0.873799;0.864599;0.6989;0.492306
0.6136;0.5471;0.586399;0.5229;1.32459
0.470499;0.3648;0.2945;0.391099;0.294809
0.58;0.822399;0.716699;0.9459;0.980654
0.7785;0.734;0.8291;0.703299;0.190468
0.7302;0.803599;0.712899;0.8026;0.655829
0.754899;0.7957;0.833;0.843599;0.378303
0.8874;0.8736;0.6265;0.6616;-0.660855
0.6282;0.505299;0.882899;0.6536;0.23255
0.5713;0.7678;0.5775;0.6704;-0.481755
0.8245;0.666899;0.820499;0.709;1.12327
0.814799;0.7894;0.724399;0.7007;-0.205097
0.0;0.2067;0.062;0.1313;0.189121
1.0;0.6998;0.888099;0.811999;0.816153
0.375399;0.341699;0.446;0.4136;-0.17002
0.291499;0.3079;0.264199;0.112399;0.958643
0.3884;0.4773;0.4991;0.6801;-0.66398
0.5044;0.6555;0.550899;0.6189;0.920312
0.794;0.6002;0.6048;0.503999;-0.0227218
0.3367;0.255099;0.332899;0.369;0.37443
0.2791;0.3418;0.4372;0.25;0.347743
0.555599;0.575499;0.3163;0.4808;-1.02724
0.4382;0.5322;0.666399;0.8476;0.951984
0.7197;0.603;0.424299;0.1356;-0.270658
0.1476;0.192499;0.347799;0.541999;1.33447
0.8013;0.726099;0.7805;0.55;-0.289451
0.290799;0.3899;0.0967;0.158999;0.475275
0.1018;0.021599;0.1811;0.352;-0.0600641
0.4833;0.664;0.717199;0.48;-0.473653
0.5378;0.339099;0.436499;0.425;0.524129
0.3081;0.5752;0.428;0.753999;-0.98012
0.798999;0.718899;0.793099;0.681;1.52498
0.9722;0.9526;0.8729;0.8508;-0.0630279
0.3597;0.279;0.3819;0.4109;1.32723
0.5655;0.555;0.672799;0.4463;0.408951
0.4374;0.3378;0.296299;0.4206;0.469587
0.3061;0.427199;0.3925;0.4224;0.258162
0.480699;0.3567;0.2639;0.173999;-0.0369524
0.2862;0.614599;0.532999;0.837;0.144673
0.891199;0.6201;0.8969;0.547999;0.329113
0.542899;0.4932;0.3304;0.263;0.757818
0.2357;0.250299;0.410999;0.6676;0.847552
0.4522;0.427299;0.0804;0.0;0.332622
0.1324;0.4205;0.5604;0.9557;-0.458082
0.513499;0.509899;0.5015;0.5123;0.648024
0.9793;0.697;0.527299;0.3043;0.477066
0.0945;0.322499;0.5222;0.3167;0.339543
0.4528;0.3548;0.3672;0.5853;0.810545
0.4236;0.523399;0.5455;0.5807;0.258922
0.9494;0.726;0.6815;0.562899;1.09135
0.365299;0.5443;0.6048;0.610599;0.789363
0.6096;0.558699;0.622799;0.6226;1.02363
0.6325;0.6781;0.637699;0.6689;1.35843
0.545;0.6769;0.555;0.623999;0.384777
0.654;0.433;0.590299;0.323;0.912113
0.236999;0.3828;0.300699;0.629999;0.422769
0.686;0.6532;0.6617;0.384;0.852523
0.384;0.418299;0.4083;0.591999;1.34892
0.591999;0.5946;0.591999;0.478;1.17185
0.6598;0.4101;0.4892;0.463;0.649654
0.318999;0.326499;0.1714;0.049999;0.920166
0.1307;0.2959;0.307599;0.5898;0.152848
0.3794;0.2515;0.3989;0.2536;1.05237
0.1219;0.1471;0.126799;0.025599;0.166221
0.4832;0.535699;0.5491;0.764;0.332836
0.579599;0.6104;0.630599;0.654999;-0.0162621
0.605399;0.633699;0.4922;0.255;0.107407
0.3659;0.2042;0.172699;0.232999;0.61385
0.2795;0.5079;0.5859;0.8045;0.105203
0.6294;0.487299;0.6064;0.451499;0.61059
0.6463;0.5799;0.540699;0.443;0.00733688
0.383199;0.386099;0.3065;0.364;0.860844
0.334499;0.3214;0.4275;0.361;0.525115
0.2462;0.414899;0.358499;0.487099;0.757791
0.4997;0.497399;0.465499;0.660299;0.285612
0.703499;0.7893;0.7377;0.7206;0.275196
0.9202;0.8621;0.8813;0.873899;0.604038
0.765699;0.616199;0.5337;0.2391;0.494338
0.23;0.275199;0.3982;0.689;0.955224
0.613199;0.5617;0.671299;0.366;0.940975
0.2227;0.2059;0.193;0.163;0.674405
0.4483;0.4403;0.3108;0.42;0.523121
0.464;0.563599;0.505899;0.8263;0.692217
0.610699;0.4481;0.7226;0.447699;0.862841
0.3583;0.428;0.3239;0.384;0.216437
0.479299;0.5469;0.394199;0.4145;1.06834
0.388999;0.317799;0.3297;0.3915;0.150114
0.6945;0.7535;0.785999;0.8902;0.59134
0.746499;0.806799;0.8762;0.6768;-0.236866
0.7754;0.613;0.5009;0.4368;0.146588
0.2101;0.3351;0.4316;0.310199;0.390788
0.337199;0.4568;0.405799;0.626;0.198084
0.6379;0.601799;0.6379;0.613999;1.40392
0.741;0.5803;0.417499;0.3986;0.440454
0.185099;0.1432;0.3615;0.227399;1.04371
0.3716;0.503599;0.5017;0.777799;0.135956
0.654699;0.4995;0.545099;0.4238;0.301036
0.5759;0.637799;0.5602;0.4819;0.191406
0.3621;0.6197;0.5044;0.493499;0.128644
0.551099;0.2862;0.5489;0.6018;0.0702973
0.4748;0.430199;0.295099;0.307099;0.184108
0.312799;0.352;0.4516;0.3301;0.573223
0.5608;0.686799;0.4284;0.485399;-0.0251119
0.365199;0.1973;0.372199;0.4157;0.633257
0.3306;0.3946;0.456499;0.5378;0.560589
0.5326;0.597799;0.5752;0.6002;0.162798
0.523199;0.715299;0.523199;0.6829;0.966733
0.8035;0.590299;0.6892;0.489799;0.0428389
0.4605;0.3406;0.4039;0.339099;1.31931
0.451999;0.459499;0.427599;0.4824;-0.118433
0.3229;0.3878;0.2559;0.071699;0.441472
0.2317;0.175999;0.2477;0.4461;0.608302
0.2186;0.3458;0.425899;0.406699;-0.751533
0.560199;0.555399;0.532499;0.5106;1.03581
0.5499;0.4326;0.5836;0.5566;-0.386721
0.4559;0.450199;0.3828;0.3566;0.830373
0.466;0.5273;0.5225;0.637;0.918674
0.469999;0.4146;0.2889;0.0604;0.50566
0.224399;0.3469;0.455099;0.590299;0.896707
0.596;0.617799;0.5364;0.495799;-0.683071
0.4009;0.4255;0.4056;0.675;0.188393
0.739599;0.6674;0.6089;0.3561;-0.10984
0.1912;0.352399;0.376799;0.6613;0.277206
0.679099;0.4936;0.6445;0.472099;0.829544
0.5684;0.5473;0.344899;0.2445;0.0421803
0.2872;0.3884;0.5088;0.674299;0.79219
0.736699;0.669699;0.770699;0.646699;0.182038
0.538699;0.6694;0.425699;0.686199;0.0494371
0.7453;0.6691;0.8114;0.4247;0.443123
0.4891;0.3811;0.427799;0.463999;0.230506
0.4743;0.4161;0.4578;0.4878;0.703406
0.273199;0.3367;0.344799;0.3565;0.139038
0.5809;0.5932;0.5376;0.457699;0.327105
0.4701;0.4475;0.4832;0.6967;0.244955
0.486699;0.6628;0.572499;0.449299;0.714095
0.503299;0.571999;0.503299;0.710699;0.29535
0.7202;0.5397;0.6538;0.4937;0.779728
0.4268;0.364699;0.0941;0.0823;0.122402
0.0821;0.1568;0.4812;0.3433;0.735677
0.580099;0.5149;0.5444;0.6524;0.736987
0.5147;0.558699;0.540499;0.570999;-0.551555
0.536099;0.4482;0.44;0.4616;0.555381
0.3876;0.410299;0.3047;0.089999;-0.594454
0.212499;0.5588;0.401399;0.823;0.892375
0.7389;0.607299;0.7389;0.556999;0.0910874
0.683399;0.7302;0.6785;0.8516;0.382626
0.6883;0.6601;0.6633;0.630199;0.617757
0.5566;0.3449;0.468;0.2605;-0.148206
0.399999;0.419899;0.4416;0.3277;1.00393
0.3487;0.6167;0.425599;0.7583;-0.132443
0.622399;0.351499;0.5152;0.459199;1.62804
0.7146;1.0;0.820599;0.9937;0.431275
0.8959;0.667299;0.8523;0.4681;0.718216
0.5566;0.5181;0.4802;0.5807;0.840367
0.420999;0.2995;0.4296;0.3963;0.302672
0.0;0.631399;0.0;0.7377;1.4843
1.0;0.606;1.0;0.601799;0.526525
0.6209;0.551199;0.6038;0.4132;1.39575
0.477499;0.465199;0.4437;0.4625;0.20443
0.3794;0.4323;0.495699;0.538799;0.218452
0.5871;0.5563;0.5498;0.5344;0.534588
0.649799;0.634;0.678899;0.6048;-0.258856
0.5352;0.5197;0.517199;0.563099;0.795233
0.5246;0.6358;0.504799;0.6125;-0.44452
0.4778;0.337599;0.4819;0.341999;0.454868
0.471499;0.455;0.338299;0.411999;0.359252
0.399999;0.417299;0.5348;0.5396;0.868566
0.6138;0.8278;0.6643;0.8278;1.52131
0.8194;0.6927;0.8194;0.6299;-0.355497
0.5459;0.622499;0.5459;0.622599;0.44059
0.590999;0.5862;0.491499;0.646;-0.385948
0.6964;0.8278;0.7959;0.7755;0.164184
0.7749;0.682199;0.733;0.604799;0.352074
0.5383;0.4369;0.5285;0.5327;0.10425
0.542199;0.4692;0.535299;0.415699;0.62416
0.4514;0.449299;0.3045;0.3143;0.251603
0.604599;0.779;0.776899;0.8779;0.439168
0.4125;0.2918;0.3939;0.409499;-0.0639116
0.577199;0.502199;0.4331;0.3849;0.468
0.3763;0.3482;0.503399;0.416799;0.73035
0.4619;0.459199;0.3393;0.4814;1.13629
0.0;0.6289;0.0;0.512499;0.718268
1.0;0.589299;1.0;0.7224;0.0966366
0.8742;0.6158;0.559799;0.2939;0.721106
0.2273;0.2193;0.4557;0.4737;-0.260018
0.3792;0.3597;0.0;0.0;0.552179
0.0;0.102899;0.5209;0.591899;0.142294
0.5424;0.6016;0.4057;0.6404;0.560326
0.685399;0.7881;0.8061;0.770199;0.980871
0.8393;0.562899;0.642399;0.3597;-0.0326534
0.2913;0.7147;0.2494;0.9064;1.24829
0.8763;0.4936;0.867599;0.323799;-0.591158
0.357399;0.431999;0.624099;0.6195;0.623491
0.585699;0.9046;0.585699;0.6462;-0.211289
1.0;0.730499;0.7468;0.614799;-0.261808
0.3209;0.3032;0.3444;0.5824;0.736549
0.624499;0.674299;0.8308;0.780899;-0.116835
0.5418;0.4126;0.4861;0.2805;0.749123
0.305;0.3718;0.0803;0.0465;-0.461039
0.2769;0.319199;0.537299;0.5961;0.833222
0.587599;0.6304;0.6308;0.784199;-0.0743722
0.710699;0.5121;0.619299;0.4895;0.802113
0.4531;0.475999;0.4323;0.3799;-0.386325
0.311899;0.3432;0.303;0.269299;0.794492
0.3804;0.4886;0.471699;0.6869;-0.157789
0.669799;0.587199;0.664899;0.474599;0.0910307
0.6654;0.628399;0.6441;0.6169;0.283794
0.319799;0.323399;0.347999;0.415399;0.149522
0.6501;0.6304;0.616199;0.553;1.16906
0.4798;0.581599;0.5131;0.4431;0.0026907
0.395099;0.4757;0.407699;0.451;0.974758
0.451;0.3006;0.43;0.439999;0.105024
0.43;0.4057;0.18;0.27;-0.046957
0.279999;0.469999;0.5456;0.7;0.415499
0.76;0.559999;0.6609;0.449999;0.331625
0.39;0.44;0.431;0.52;1.18919
0.509999;0.4514;0.432499;0.37;0.831629
0.38;0.3986;0.48;0.48;0.307823
0.48;0.435599;0.39;0.389999;0.241546
0.349699;0.4045;0.3;0.28;0.0200222
0.3203;0.289899;0.419999;0.469999;0.215306
0.469999;0.563299;0.57;0.62;0.42878
0.62;0.6467;0.5196;0.51;0.456336
0.5;0.430099;0.6004;0.559999;0.734418
0.420999;0.8399;0.420999;0.84;0.731751
1.0;0.64;0.999;0.51;0.686691
0.469999;0.424599;0.346399;0.389999;0.865921
0.399999;0.695399;0.543599;0.6;0.109383
0.58;0.3425;0.4277;0.52;0.942485
0.5;0.357499;0.299399;0.31;0.371214
0.32;0.4048;0.5619;0.439999;0.779549
0.419999;0.6352;0.530999;0.58;0.225541
0.58;0.364799;0.469;0.419999;0.874161
0.419999;0.6352;0.530999;0.58;-0.0570019
0.63;0.379999;0.42;0.329999;1.03384
0.329999;0.329999;0.449999;0.55;0.545016
0.382999;0.69;0.472999;0.509999;0.930367
0.657;0.3;0.257;0.09;0.758521
0.12;0.239999;0.4556;0.599999;0.578737
0.58;0.57;0.5944;0.52;0.480565
0.509999;0.5627;0.559999;0.595;0.41628
0.5474;0.388;0.4033;0.334999;0.628256
0.3626;0.633299;0.506699;0.609999;1.05467
0.67;0.446;0.4768;0.48;0.344233
0.447999;0.434999;0.5642;0.505;0.407783
0.492;0.5379;0.568999;0.311999;0.504149
0.337;0.5569;0.337;0.579;0.553295
0.753;0.5002;0.6634;0.734;0.413842
0.55;0.649999;0.6296;0.639999;0.464588
0.64;0.6067;0.629999;0.51;0.575436
0.48;0.6733;0.4788;0.719999;0.636506
0.75;0.4802;0.616499;0.39;0.494161
0.39;0.3598;0.4947;0.43;0.136366
0.469999;0.554199;0.37;0.44;0.564198
0.43;0.5458;0.557599;0.739999;-0.235855
0.699999;0.5648;0.5969;0.4;0.58507
0.449999;0.4554;0.465199;0.599999;-0.32622
0.57;0.529799;0.6143;0.4614;0.328709
0.6448;0.65;0.6444;0.718599;0.0647585
0.5252;0.739999;0.340199;0.58;0.282125
0.579999;0.701599;0.831399;0.84;-0.40866
0.83;0.6796;0.82;0.449999;0.513935
0.449999;0.343;0.4173;0.51;0.821188
0.55;0.4158;0.3427;0.43;1.56153
0.419999;0.43;0.489999;0.5;0.537417
0.45;0.52;0.13;0.0;0.678809
0.049999;0.08;0.16;0.18;-0.0303631
0.248;0.183999;0.513999;0.464;0.0170033
0.422;0.5772;0.526;0.596;0.616493
0.579999;0.740199;0.559999;0.609999;0.114327
0.6;0.5186;0.64;0.8;1.64199
0.789999;0.739999;0.789999;0.719999;0.575043
0.682;0.5;0.673;0.52;0.918768
0.468;0.94;0.477;0.84;0.371624
0.832999;0.585899;0.669999;0.5;-0.0663941
0.567;0.3519;0.553899;0.28;0.962293
0.3;0.392199;0.3259;0.46;0.243245
0.449999;0.3804;0.5489;0.552;1.08937
0.5804;0.5122;0.4294;0.398;0.913511
0.3796;0.4374;0.541499;0.5;0.100648
0.5;0.48;0.4604;0.48;0.666812
0.52;0.509999;0.5141;0.549999;-0.101294
0.5;0.4855;0.335899;0.22;0.910596
0.25;0.4648;0.401299;0.48;1.094
0.469999;0.3127;0.517299;0.489999;1.12745
0.49;0.567;0.5307;0.6;0.974144
0.625999;0.526;0.579699;0.510999;0.62768
0.474;0.483999;0.460999;0.568999;0.260624
0.58;0.58;0.37;0.21;0.32031
0.189999;0.315999;0.469999;0.53;-0.105104
0.54;0.404;0.139;0.149999;-0.0673567
0.109999;0.131;0.311;0.399999;0.247278
0.419999;0.489;0.565999;0.62;0.365249
0.64;0.593;0.599;0.43;0.955912
0.44;0.439;0.434999;0.379999;0.521279
0.41;0.488;0.48;0.64;0.93941
0.609999;0.439999;0.629999;0.48;0.316265
0.469999;0.51;0.48;0.5;0.425036
0.51;0.76;0.51;0.81;0.110364
0.759999;0.579999;0.66;0.41;-0.00217307
0.45;0.42;0.449999;0.489999;1.15381
0.479999;0.539999;0.538;0.609999;0.419448
0.6;0.68;0.59;0.609999;0.714865
0.59;0.359999;0.541999;0.39;-0.390184
0.43;0.8;0.53;0.66;0.0832374
0.68;0.521999;0.652;0.609999;0.667277
0.609999;0.408;0.468;0.33;0.0361945
0.3;0.43;0.405;0.609999;0.836603
0.62;0.489999;0.574999;0.469999;0.186716
0.484999;0.494;0.509999;0.44;0.506594
0.414999;0.616;0.438;0.66;0.87585
0.67;0.549999;0.532;0.289999;0.423032
0.289999;0.307;0.469999;0.51;1.12241
0.52;0.692999;0.539999;0.739999;0.595218
0.74;0.47;0.74;0.5;0.839042
0.479999;0.481999;0.299999;0.309999;0.443087
0.31;0.378;0.27;0.31;-0.105863
0.329999;0.379999;0.539999;0.579999;0.298132
0.59;0.539999;0.529999;0.59;-0.0913461
0.63;0.56;0.56;0.449999;0.511635
0.389999;0.379999;0.529999;0.51;0.455109
0.5;0.5;0.5;0.48;0.549379
0.51;0.68;0.46;0.64;0.560683
0.629999;0.53;0.56;0.579999;0.751404
0.56;0.690999;0.639999;0.65;0.674714
0.66;0.669;0.64;0.669999;1.01356
0.649999;0.44;0.449999;0.25;0.746254
0.27;0.279999;0.53;0.52;0.399626
0.5;0.48;0.5;0.48;0.765906
0.49;0.66;0.449999;0.609999;0.334321
0.609999;0.488;0.519;0.49;0.971673
0.509999;0.552;0.562999;0.509999;1.00794
0.5;0.705;0.577999;0.72;1.01251
0.72;0.555;0.69;0.5;1.29197
0.5;0.37;0.53;0.488;0.149767
0.48;0.509999;0.48;0.481999;0.724844
0.469999;0.55;0.414999;0.53;0.414466
0.53;0.553;0.555;0.539999;0.378875
0.559999;0.556999;0.506999;0.59;0.946717
0.609999;0.504;0.573;0.419999;0.99428
0.41;0.417999;0.32;0.35;1.13215
0.34;0.318;0.55;0.48;0.893843
0.489999;0.558;0.449999;0.509999;0.240203
0.48;0.481999;0.42;0.49;0.413118
0.5;0.419999;0.436;0.329999;-0.302339
0.34;0.44;0.439;0.43;-0.101194
0.45;0.495999;0.515;0.62;0.137971
0.599999;0.454;0.599999;0.48;0.360912
0.48;0.5;0.48;0.51;1.02094
0.51;0.8;0.51;0.759999;0.4004
0.759999;0.494;0.538999;0.46;0.65082
0.47;0.548;0.661;0.57;0.529654
0.559999;0.597999;0.489999;0.419999;1.26244
0.39;0.361;0.49;0.5;0.877401
0.529999;0.488999;0.529999;0.58;0.653976
0.56;0.5;0.55;0.46;0.15818
0.48;0.46;0.34;0.349999;0.276136
0.349999;0.539999;0.49;0.69;0.266973
0.69;0.55;0.66;0.489999;0.0063251
0.5;0.57;0.509;0.55;0.554691
0.539999;0.43;0.460999;0.469999;0.459034
0.42;0.6;0.53;0.64;1.13341
0.68;0.539999;0.521999;0.32;0.319367
0.329999;0.34;0.455;0.46;0.635531
0.46;0.55;0.492999;0.59;0.209419
0.57;0.69;0.57;0.75;0.640663
0.77;0.549999;0.669999;0.52;0.315217
0.51;0.52;0.55;0.53;0.853544
0.539999;0.47;0.539;0.413999;0.804391
0.5;0.5;0.521;0.526;0.824357
0.419999;0.46;0.399999;0.49;0.587888
0.49;0.489999;0.474;0.46;0.396516
0.489999;0.587;0.545999;0.629999;0.409463
0.62;0.722999;0.64;0.71;0.708177
0.69;0.58;0.652999;0.609999;0.612095
0.599999;0.48;0.637;0.48;0.600659
0.51;0.509999;0.51;0.489999;0.525257
0.489999;0.631;0.489999;0.58;0.505797
0.57;0.489;0.489;0.419999;0.863745
0.43;0.609999;0.501;0.69;0.185199
0.68;0.49;0.57;0.399999;0.293999
0.42;0.799999;0.537999;0.92;0.855228
0.91;0.53;0.825;0.55;0.655882
0.55;0.523;0.456999;0.379999;1.02708
0.389999;0.376999;0.25;0.189999;0.655309
0.18;0.36;0.5;0.66;0.676398
0.65;0.634;0.65;0.65;1.26645
0.64;0.579999;0.55;0.43;0.983023
0.449999;0.335999;0.257999;0.23;0.853952
0.23;0.53;0.442;0.8;0.447402
0.8;0.564;0.8;0.5;0.401893
0.509999;0.745999;0.579999;0.789999;0.347213
0.76;0.522;0.708;0.489999;0.209248
0.509999;0.477999;0.431999;0.449999;0.0535007
0.43;0.673;0.559999;0.69;0.640684
0.72;0.497;0.527;0.379999;0.726033
0.379999;0.39;0.452999;0.52;0.467613
0.44;0.460999;0.56;0.49;0.0627424
0.549999;0.798999;0.549999;0.789999;0.288461
0.78;0.69;0.76;0.67;0.936698
0.699999;0.64;0.719999;0.549999;0.934119
0.539999;0.469999;0.32;0.41;0.733387
0.39;0.55;0.56;0.74;1.33951
0.73;0.62;0.779999;0.43;1.02055
0.46;0.399999;0.43;0.579999;1.12516
0.579999;0.75;0.46;0.77;0.0108968
0.76;0.53;0.8;0.369999;0.591196
0.379999;0.506999;0.388999;0.53;-0.184916
0.55;0.513;0.550999;0.64;0.292372
0.6;0.53;0.58;0.34;0.166471
0.359999;0.410999;0.379;0.48;0.214444
0.355;0.644;0.456;0.561999;0.884336
0.574999;0.331;0.574999;0.468;0.470994
0.609999;0.693999;0.609999;0.77;0.783735
0.76;0.681;0.75;0.669999;0.61483
0.669999;0.731999;0.649999;0.741;0.469733
0.629;0.782;0.659;0.743;1.12863
0.698;0.759;0.698;0.465999;0.606574
0.602999;0.456;0.512999;0.8;1.0465
0.76;0.952;0.727;0.57;0.725585
0.609999;0.378;0.713;0.699999;0.728836
0.69;0.799999;0.649;0.609999;0.527204
0.609999;0.45;0.550999;0.51;0.542038
0.52;0.329999;0.32;0.349999;0.448545
0.359999;0.34;0.405999;0.31;0.728856
0.309999;0.359999;0.434;0.469999;0.816065
0.45;0.41;0.408;0.32;0.947693
0.349999;0.91;0.541999;1.0;1.00726
1.0;0.635;0.97;0.559999;0.735814
0.59;0.564999;0.479999;0.4;1.48956
0.379999;0.42;0.45;0.469999;0.303666
0.48;0.419999;0.509999;0.55;0.578495
0.58;0.968;0.67;1.0;0.0583152
0.850999;0.717;0.850999;0.535;0.776855
0.673999;0.574999;0.561;0.43;0.271767
0.391999;0.35;0.504999;0.689;0.391396
0.723;0.759999;0.702999;0.449999;0.318305
0.509999;0.289999;0.336;0.449999;0.998705
0.35;0.31;0.0;0.0;0.860463
0.0;0.189999;0.579999;0.69;0.521697
0.689999;0.73;0.73;0.8;0.342477
0.78;0.56;0.21;0.0;0.0484715
0.0;0.0;0.196999;0.34;0.256577
0.279999;0.497999;0.533;0.56;-0.26677
0.58;0.38;0.475999;0.32;0.55765
0.34;0.573999;0.423999;0.759999;-0.0447606
0.739999;0.696;0.82;0.59;0.906039
0.62;0.39;0.4;0.32;0.209078
0.27;0.25;0.0;0.03;0.997944
0.059999;0.359999;0.559999;0.77;0.380274
0.78;0.55;0.55;0.3;1.05255
0.27;0.43;0.53;0.599999;0.405955
0.64;0.654;0.619999;0.74;0.710588
0.71;0.625999;0.64;0.669999;0.350157
0.66;0.66;0.56;0.26;0.635992
0.3;0.4;0.449999;0.68;0.703045
0.669999;0.515999;0.609999;0.532;0.157539
0.343;0.504999;0.396;0.315;0.381685
0.334;0.339;0.390999;0.532999;-0.58149
0.683;0.609999;0.632999;0.57;0.306764
0.57;0.379999;0.23;0.15;0.106707
0.16;0.272;0.48;0.619999;0.649926
0.609999;0.527999;0.576;0.46;0.681602
0.47;0.8;0.564;0.82;0.434751
0.849999;0.489999;0.73;0.399999;0.692594
0.37;0.69;0.489999;0.71;0.624993
0.69;0.42;0.56;0.39;0.877884
0.0;0.479999;0.099999;0.57;0.600023
1.0;0.9;1.0;0.96;0.479312
0.96;0.5;0.78;0.299999;0.112931
0.309999;0.559999;0.439999;0.58;0.595279
0.489999;0.379999;0.25;0.109999;0.127074
0.19;0.12;0.439;0.469999;0.955873
0.48;0.94;0.311;0.36;0.269131
0.34;0.169999;0.438;0.529999;0.86741
0.51;0.38;0.611999;0.699999;0.793494
0.699999;0.539999;0.399999;0.14;0.889395
0.0;0.149999;0.0;0.41;0.324578
1.0;0.51;0.94;0.66;0.329576
0.64;0.71;0.645999;0.64;0.0347744
0.63;0.739999;0.854;0.82;0.449067
0.829999;0.51;0.559999;0.32;0.170514
0.309999;0.43;0.39;0.359999;0.439162
0.37;0.439999;0.529999;0.649999;0.460031
0.66;0.56;0.5;0.32;-0.160629
0.309999;0.358999;0.42;0.5;1.30151
0.52;0.551;0.579999;0.65;7.10785e-05
0.279999;0.789999;0.3;0.73;1.039
1.0;0.489999;0.97;0.379999;-0.3271
0.369999;0.4;0.459999;0.609999;0.35538
0.61;0.629999;0.616;0.53;0.707788
0.539999;0.41;0.264;0.23;0.0712331
0.23;0.359999;0.5;0.609999;0.736259
0.609999;0.52;0.466999;0.378;0.293453
0.238;0.69;0.401;0.841999;0.878438
0.972;0.579999;0.841999;0.37;0.730672
0.379999;0.343;0.46;0.53;0.61912
0.509999;0.537;0.559999;0.5;0.609801
0.53;0.610999;0.149;0.319999;0.317823
0.309999;0.363;0.545;0.48;0.664573
0.48;0.422999;0.0;0.24;0.243
0.24;0.265;0.973;0.509999;0.431597
0.5;0.600999;0.593999;0.59;-0.170731
0.59;0.589;0.52;0.62;0.745806
0.629999;0.524999;0.58;0.43;0.315681
0.42;0.402;0.416999;0.57;-0.0723307
0.579999;0.599;0.561;0.344;1.08364
0.344;0.667999;0.482;0.885999;0.0753368
0.885999;0.582;0.753;0.46;1.32139
0.449999;0.459;0.532;0.52;0.149993
0.539999;0.706;0.540999;0.759999;0.310227
0.75;0.805;0.702;0.67;0.888411
0.69;0.408;0.687999;0.579999;-0.0489284
0.55;0.738;0.53;0.56;0.897647
