<OPEN>;<HIGH>;<LOW>;<CLOSE>;(predicted -> )<LOW>
0.363999;0.572;0.564999;0.64;0.498496
0.637;0.507999;0.384;0.523;0.512336
0.514;0.529;0.761;0.622;0.496136
0.633;0.567;0.640999;0.526;0.493313
0.512999;0.471999;0.423;0.475999;0.504948
0.508;0.906;0.621;0.988999;0.48051
0.860999;0.925999;0.609999;0.110999;0.453494
0.238;0.968;0.211999;1.0;0.45781
1.0;0.388999;1.0;0.309;0.4425
0.209;0.196;0.64;0.591;0.470291
0.475;0.68;0.507;0.689999;0.468554
0.818999;0.646999;0.582;0.223999;0.466482
0.238;0.314;0.236999;0.454;0.493
0.513;0.814999;0.655;0.996;0.469084
0.93;1.0;1.0;1.0;0.441791
1.0;0.777;0.866999;0.277999;0.433607
0.311;0.194;0.481999;0.491;0.471227
0.454999;0.229999;0.0;0.0;0.514977
0.0;0.0;0.504999;0.557;0.514539
0.6;0.354999;0.276;0.285;0.535224
0.283;0.548999;0.591;0.596999;0.510757
0.586999;0.697;0.244;0.741;0.517727
0.76;0.535;0.738;0.22;0.502379
0.174999;0.045999;0.326;0.224999;0.525956
0.262;0.256999;0.323;0.437;0.529943
0.414999;0.398;0.187999;0.232999;0.537015
0.247;0.291999;0.0;0.0;0.546302
0.0;0.0;0.285;0.482999;0.547008
0.597999;0.513999;0.693999;0.733;0.533257
0.622;1.0;0.693;1.0;0.498818
1.0;0.536;0.991999;0.7;0.499924
0.692;0.738999;0.412999;0.207999;0.503536
0.594;0.282;0.616;0.481999;0.510381
0.311999;0.763999;0.298;0.487;0.499608
0.286;0.551;0.329;0.161999;0.487141
0.335;0.0;0.435;0.733;0.509606
0.548;0.531999;0.433999;0.222999;0.509422
0.192999;0.476999;0.468;0.792999;0.500251
0.808;0.783;0.387999;0.003999;0.488178
0.021;0.002;0.408999;0.709;0.504731
0.704999;0.682;0.727;0.64;0.487719
0.639;0.423999;0.394999;0.289999;0.511543
0.302999;0.219999;0.313;0.294999;0.526343
0.298;0.396;0.545999;0.592;0.51385
0.57;0.536;0.366999;0.232999;0.51439
0.234999;0.158999;0.133;0.155;0.534894
0.173;0.262999;0.366999;0.46;0.528671
0.442999;1.0;0.643;0.778999;0.481232
0.887999;0.569999;0.832999;0.908999;0.486474
0.802;0.691;0.725999;0.588;0.488873
0.575;0.386;0.497;0.319;0.506161
0.329;0.384999;0.386;0.372999;0.509419
0.397999;0.398;0.243;0.228999;0.516947
0.062;0.271999;0.381;0.607;0.511734
0.726999;0.491999;0.512999;0.245999;0.511818
0.276;0.308;0.079999;0.204999;0.530975
0.189;0.175;0.356;0.392;0.531437
0.238;0.590999;0.335999;0.521;0.513043
0.619;0.482;0.646;0.566;0.505973
0.683;0.694999;0.727;0.753;0.494261
0.561999;0.403;0.268999;0.132999;0.519095
0.292999;0.311;0.126999;0.265;0.531317
0.253;0.067;0.468;0.323999;0.535323
0.48;0.46;0.59;0.461;0.523145
0.315999;0.579999;0.506999;0.703999;0.508495
0.695;0.469;0.35;0.169;0.52097
0.177;0.160999;0.205999;0.271;0.535487
0.238;0.386;0.437;0.524999;0.522606
0.548;0.628;0.625999;0.484999;0.501333
0.494;0.610999;0.278999;0.255;0.503798
0.243;0.163;0.524;0.638999;0.509559
0.649;0.400999;0.431;0.506;0.52738
0.501999;0.664;0.698;0.66;0.503837
0.66;0.619;0.303999;0.259999;0.51174
0.251999;0.146;0.416;0.533;0.52401
0.536;0.819;0.71;0.68;0.488754
0.688;0.384;0.420999;0.268999;0.510697
0.265;0.269999;0.416999;0.489;0.518502
0.497;0.591999;0.616;0.516999;0.499256
0.507999;0.391;0.31;0.384999;0.517808
0.391;0.397999;0.42;0.412;0.518088
0.409999;0.398;0.423;0.436999;0.518771
0.439;0.533;0.540999;0.499;0.505947
0.451;0.500999;0.493;0.527999;0.503419
0.567;0.511;0.347999;0.236999;0.509329
0.244;0.169999;0.28;0.302;0.524418
0.314999;0.329;0.268999;0.35;0.527774
0.335;0.292999;0.576999;0.5;0.520648
0.499;0.925;0.420999;0.824;0.498302
0.826999;0.414999;0.646;0.337999;0.507589
0.332999;0.338999;0.274;0.161;0.52111
0.171;0.21;0.258;0.271;0.525655
0.273999;0.67;0.504999;0.89;0.499375
1.0;0.71;0.901;0.542;0.479631
0.345999;0.331999;0.369999;0.353999;0.506173
0.343;0.537;0.432;0.689;0.500108
0.692;0.583999;0.581;0.454999;0.49627
0.466999;0.493;0.315999;0.206;0.50505
0.239;0.158;0.422;0.430999;0.5134
0.384999;0.309999;0.390999;0.407;0.52103
0.420999;0.427;0.399999;0.326;0.519846
0.323999;0.499;0.426;0.695999;0.512458
0.687;0.518;0.600999;0.513999;0.511305
0.789999;1.0;0.698999;0.609999;0.477083
0.329;0.064999;0.559;0.617;0.506426
0.622;0.614;0.553999;0.481;0.501211
0.475999;0.369999;0.353999;0.358999;0.517027
0.363;0.338;0.381;0.295;0.519945
0.330999;0.472;0.414999;0.634;0.513922
0.600999;0.506999;0.538;0.344999;0.509049
0.35;0.305999;0.313;0.35;0.522156
0.341;0.427;0.327999;0.335;0.519426
0.338;0.406999;0.423999;0.628;0.516783
0.604999;0.494999;0.532;0.414999;0.515004
0.443;0.420999;0.405999;0.273;0.517006
0.286999;0.427;0.444;0.596999;0.510858
0.582999;0.488;0.567;0.446;0.506823
0.451;0.586999;0.515999;0.635999;0.500913
0.649;0.533;0.399;0.312;0.508018
0.289;0.281999;0.315999;0.262;0.518729
0.268999;0.412;0.488;0.695999;0.508673
0.68;0.708999;0.456;0.656999;0.50642
0.652999;0.785;0.811999;0.597;0.475858
0.77;1.0;0.564;0.558;0.458901
0.396999;0.0;0.033;0.0;0.517221
0.0;0.0;0.113999;0.148;0.532155
0.16;0.131;0.295;0.24;0.53273
0.235999;0.317;0.216;0.387999;0.534146
0.378;0.639;0.393;0.807;0.517856
0.834;0.427999;0.345999;0.0;0.536327
0.0;0.712;0.555;1.0;0.498192
1.0;1.0;1.0;1.0;0.461237
1.0;0.606999;1.0;0.481999;0.461935
0.46;0.194;0.237;0.0;0.510649
0.0;0.159999;0.409999;1.0;0.512366
0.998;0.502;0.184;0.0;0.547467
0.0;0.0;0.205999;0.436;0.556879
0.423999;0.329999;0.341;0.393;0.557746
0.378;0.596;0.631;0.729999;0.529633
0.754;0.716999;0.777999;0.44;0.502707
0.445;0.425;0.530999;0.704999;0.51107
0.707999;0.555;0.454;0.238;0.513689
0.226999;0.195999;0.256;0.284999;0.52876
0.329;0.573999;0.445;0.781;0.512688
0.736;0.572;0.710999;0.598999;0.50541
0.597999;0.527;0.616;0.411;0.50347
0.415999;0.698;0.51;0.746;0.492753
0.748;0.472999;0.485999;0.525999;0.50988
0.520999;1.0;0.819;0.658999;0.463621
0.568;0.321999;0.5;0.646;0.4907
0.744999;0.491;0.567999;0.353999;0.498806
0.344999;0.289;0.401;0.402;0.513397
0.405999;0.484999;0.509999;0.602;0.505851
0.59;0.709;0.274;0.091999;0.499548
0.098999;0.0;0.406999;0.430999;0.511409
0.441;0.636;0.498;0.745;0.499083
0.722999;0.707999;0.751999;0.601999;0.48144
0.617;0.596;0.587;0.762999;0.490685
0.777999;0.509999;0.409999;0.096;0.504892
0.086999;0.193999;0.444;0.553999;0.509326
0.545999;0.648;0.586999;0.566;0.492133
0.56;1.0;0.45;1.0;0.478859
1.0;0.674999;1.0;0.747999;0.465725
0.675999;0.359;0.685;0.451999;0.492056
0.507;0.616;0.463999;0.572;0.496362
0.580999;0.625999;0.606999;0.556999;0.48577
0.561999;0.577;0.519;0.464;0.48639
0.452;0.263999;0.373999;0.369;0.508036
0.326999;0.378999;0.248;0.239999;0.516011
0.287999;0.4;0.427999;0.664999;0.511186
0.67;0.537999;0.643999;0.507;0.503708
0.509;0.887999;0.606;0.850999;0.482129
0.855;0.649;0.863999;0.664999;0.471954
0.590999;0.629;0.498;0.561;0.48544
0.627;0.422999;0.482999;0.286999;0.496732
0.296999;0.266;0.167;0.116;0.517137
0.12;0.446999;0.467999;0.716;0.499134
0.695;0.548;0.592;0.57;0.498478
0.439999;0.499;0.631999;0.566;0.494789
0.7;0.564;0.609999;0.521999;0.494878
0.519999;0.479999;0.540999;0.505;0.500207
0.512;0.631999;0.527;0.659999;0.494923
0.661999;0.551;0.56;0.548;0.498186
0.542999;0.549999;0.475999;0.504999;0.501414
0.541;0.445;0.454;0.325;0.50575
0.305999;0.396;0.448;0.390999;0.50333
0.382;0.465;0.496;0.628;0.499086
0.623999;0.804;0.582999;0.828;0.486244
0.706;0.483999;0.732999;0.396999;0.485982
0.516999;0.43;0.288;0.484999;0.511985
0.481;0.443;0.192999;0.064999;0.521491
0.12;0.305;0.618;0.582;0.502406
0.578999;0.448999;0.349999;0.34;0.512989
0.311;0.363999;0.454;0.579999;0.514074
0.56;0.548;0.649;0.542;0.501843
0.538;0.491999;0.466999;0.460999;0.508086
0.478999;0.497;0.429;0.459;0.50969
0.449999;0.4;0.389;0.357999;0.515465
0.37;0.344;0.484;0.389;0.514151
0.378;0.652999;0.468999;0.656999;0.499292
0.647999;0.586999;0.655;0.673;0.493027
0.68;0.536;0.542999;0.402;0.49995
0.402999;0.42;0.457;0.6;0.507547
0.612;0.516999;0.393;0.332999;0.513069
0.169;0.514;0.42;0.620999;0.502263
0.765999;0.768;0.802999;0.721;0.474735
0.728;0.469;0.685;0.53;0.488739
0.524999;0.540999;0.561999;0.579;0.493328
0.583999;0.524999;0.575;0.488;0.493269
0.461;0.439;0.188;0.283999;0.513907
0.279999;0.377;0.522999;0.528999;0.504668
0.562;0.503999;0.552999;0.469;0.500531
0.455999;0.508;0.476;0.494;0.50099
0.45;0.734;0.522999;0.756;0.486673
0.808;0.774999;0.77;0.773;0.47199
0.799999;1.0;0.756999;1.0;0.459968
1.0;1.0;1.0;1.0;0.439958
1.0;0.460999;0.643999;0.101999;0.469674
0.104999;0.167999;0.515;0.691;0.489311
0.689999;0.839;0.645;0.835;0.473206
0.835;1.0;0.909999;1.0;0.448747
1.0;0.494999;0.832;0.287999;0.462432
0.287999;0.377;0.44;0.646;0.486995
0.634999;0.541;0.393999;0.127;0.49033
0.13;0.245999;0.387;0.680999;0.499095
0.738999;0.64;0.772999;0.676;0.484066
0.602;0.855;0.556;0.747999;0.477438
0.757999;1.0;0.759;0.762;0.449939
0.767;0.0;0.617999;0.254;0.499491
0.219999;0.314;0.271;0.350999;0.516643
0.384999;0.395;0.311;0.442999;0.519653
0.436;0.356;0.541;0.548999;0.519283
0.458;0.669999;0.619;0.764;0.501613
0.783;0.613;0.594;0.219999;0.495045
0.295999;0.364;0.415999;0.717999;0.505979
0.729999;0.894999;0.798999;0.778;0.473695
0.758;0.683;0.758;0.775999;0.474913
0.792999;0.832;0.723999;0.617;0.464956
0.620999;0.301;0.210999;0.480999;0.514744
0.502;0.509999;0.743;0.294;0.49177
0.279;0.883;0.485999;1.0;0.472607
1.0;0.741999;1.0;0.363;0.436492
0.357999;0.131;0.019999;0.14;0.505777
0.134;0.425;0.59;0.478;0.483622
0.482999;0.308999;0.393;0.407;0.499712
0.425;0.456;0.476999;0.577999;0.502111
0.539999;0.712999;0.6;0.855;0.490351
0.887;1.0;0.811;0.872999;0.464953
0.921999;0.089999;0.658;0.287999;0.516917
0.245;0.547;0.576999;0.864;0.50845
0.845999;0.889999;0.794;0.857999;0.483628
0.85;0.806;0.690999;0.268;0.468938
0.286999;0.338;0.067999;0.24;0.503977
0.224;0.055999;0.436;0.35;0.512479
0.372;0.093;0.132;0.038999;0.54156
0.041999;0.078999;0.164;0.3;0.547816
0.285;0.32;0.242999;0.121;0.543438
0.147999;0.52;0.423;0.789999;0.519808
0.753;0.531999;0.816;0.46;0.504597
0.487;0.528;0.491;0.539999;0.509317
0.541;0.546999;0.565999;0.734999;0.507487
0.727999;1.0;0.600999;0.446999;0.47508
0.463;0.0;0.569;0.703;0.511296
0.68;0.640999;0.532;0.387;0.508071
0.391;1.0;0.144999;0.103;0.487478
0.097999;0.0;0.225999;0.274999;0.500716
0.284999;0.231999;0.414;0.338999;0.50406
0.338;0.350999;0.401;0.465;0.509338
0.457;0.635;0.0;0.037999;0.516476
0.110999;0.0;0.332999;0.308;0.523348
0.259;0.652999;0.655;0.764;0.489043
0.731;0.642;0.689999;0.567;0.481613
0.552;0.982999;0.603999;1.0;0.466619
1.0;0.48;0.747999;0.18;0.474058
0.185;0.302999;0.323;0.253;0.495343
0.251999;0.03;0.291;0.384;0.517853
0.384999;0.567999;0.277;0.285;0.511269
0.293;0.097999;0.460999;0.436999;0.523515
0.423999;0.670999;0.311999;0.706;0.515385
0.707999;0.72;0.887;0.506999;0.479873
0.504999;0.222999;0.192;0.101999;0.522701
0.115;0.162999;0.308;0.469999;0.527747
0.457999;0.685;0.277;0.381;0.514226
0.416;0.135999;0.573;0.41;0.522758
0.317999;0.564;0.332999;0.414999;0.515212
0.491;0.296;0.379;0.243;0.523625
0.222999;0.254999;0.391999;0.463999;0.526299
0.448;0.478;0.420999;0.384999;0.520654
0.375;0.523;0.462;0.437;0.509752
0.469999;0.461999;0.321999;0.408999;0.516002
0.381;0.637999;0.466999;0.954999;0.50552
0.977;0.877;1.0;0.823;0.473107
0.835;0.847999;0.92;0.749;0.458811
0.634;0.483;0.373999;0.375;0.491534
0.701;1.0;0.427;0.222999;0.46487
0.000999;0.0;0.033999;0.0;0.500689
0.264;0.5;0.086999;0.060999;0.493927
0.284999;0.0;0.417999;0.962;0.511156
0.359;0.5;0.499;0.552999;0.507571
0.567;0.242;0.536;0.166;0.52086
0.176;0.309999;0.329;0.439;0.523455
0.421999;0.733;0.591999;0.963999;0.498356
0.984;0.732999;1.0;0.622999;0.476186
0.613999;0.444;0.356999;0.215;0.507145
0.213;0.478999;0.449;0.680999;0.500338
0.692999;0.664999;0.744999;0.683;0.483422
0.682;0.628999;0.631999;0.723999;0.489108
0.716;0.805;0.715;0.867;0.480224
0.875;0.563;0.611399;0.410499;0.493772
0.408;0.4724;0.4876;0.4645;0.498976
0.448999;0.5116;0.679;0.524;0.485356
0.533;0.3836;0.408;0.4435;0.5033
0.448999;0.550399;0.433;0.422499;0.500451
0.368;0.585;0.440999;0.736799;0.493978
0.797999;0.588;0.698;0.5362;0.489084
0.495;0.464999;0.487;0.3259;0.49714
0.348599;0.2616;0.0;0.0;0.526024
0.0;0.018399;0.3456;0.264899;0.525589
0.250999;0.359999;0.297399;0.3609;0.521676
0.375999;0.461;0.582999;0.6092;0.507651
0.63;0.661299;0.624;0.785699;0.500406
0.7593;0.497;0.483699;0.2522;0.513701
0.269699;0.279699;0.2584;0.341999;0.527506
0.305;0.303;0.2479;0.259999;0.532152
0.281999;0.393899;0.580999;0.546999;0.515144
0.545;0.5633;0.536999;0.577;0.508787
0.577999;0.6068;0.6312;0.661099;0.500615
0.67;0.671999;0.5048;0.663899;0.502633
0.652999;0.466999;0.6895;0.398;0.499929
0.4046;0.599;0.338499;0.637299;0.504999
0.612;0.610999;0.8126;0.6051;0.481565
0.6351;0.5035;0.495899;0.3938;0.494541
0.371499;0.405499;0.3025;0.296799;0.506257
0.3168;0.438;0.4512;0.554699;0.500049
0.5413;0.365499;0.297799;0.2531;0.516824
0.2627;0.2347;0.3094;0.262799;0.524943
0.259999;0.256799;0.223599;0.4692;0.533961
0.488;0.5936;0.700899;0.595199;0.507529
0.585999;0.602399;0.5861;0.4615;0.498705
0.443899;0.431;0.247;0.5011;0.51751
0.5095;0.488;0.533;0.5424;0.512262
0.5467;0.5227;0.642099;0.539999;0.503565
0.544899;0.9803;0.6719;1.0;0.475599
1.0;0.720999;0.875999;0.378;0.457789
0.377499;0.534199;0.4531;0.826;0.480188
0.8294;0.4578;0.547899;0.167999;0.491305
0.2207;0.482999;0.5396;0.77;0.488754
0.7317;0.68;0.634799;0.707999;0.484355
0.688699;0.526;0.5848;0.329999;0.490503
0.337299;0.294999;0.491499;0.401;0.500201
0.396;0.4679;0.4253;0.423999;0.499447
0.4391;1.0;0.411;0.583399;0.471161
0.551299;0.0;0.361;0.4166;0.513284
0.1023;0.3519;0.390999;0.3949;0.510095
0.7524;0.6471;0.7584;0.6141;0.488897
0.5914;0.738;0.574599;0.7834;0.486828
0.7699;0.600999;0.7867;0.482299;0.477226
0.524899;0.48;0.1903;0.4463;0.509389
0.5814;0.488999;0.660899;0.523099;0.499479
0.354599;0.359;0.0144;0.458;0.531478
0.4715;0.659999;1.0;0.651699;0.481574
0.648999;0.5043;0.577599;0.4743;0.491624
0.4926;0.6317;0.564;0.754899;0.488876
0.621299;0.478;0.5546;0.364399;0.494789
0.49;0.725999;0.5253;0.7467;0.485955
0.7488;0.563699;0.762299;0.5311;0.478618
0.522599;0.593299;0.4998;0.628799;0.487687
0.6184;0.492;0.3766;0.222999;0.499786
0.217199;0.173999;0.147199;0.366799;0.522767
0.3851;0.4846;0.6995;0.6275;0.49978
0.617199;0.7624;0.613999;0.694699;0.48594
0.698;0.579799;0.6126;0.4589;0.487138
0.4279;0.3922;0.440899;0.5681;0.502814
0.5838;0.538799;0.5266;0.357799;0.498317
0.3386;0.3542;0.441899;0.5349;0.50566
0.558999;0.577199;0.5552;0.584699;0.498541
0.582999;0.6426;0.611799;0.5051;0.488131
0.5384;0.443899;0.3;0.211499;0.504576
0.187999;0.447299;0.481999;0.4871;0.49278
0.5035;0.317;0.402499;0.5501;0.508894
0.5369;0.533999;0.5654;0.511899;0.504141
0.527799;0.436999;0.048499;0.015799;0.528167
0.0022;0.282;0.1205;0.255099;0.525187
0.315599;0.237;0.600999;0.7103;0.516967
0.6601;0.441199;0.5551;0.381399;0.522308
0.375;0.3744;0.188;0.161499;0.53447
0.1478;0.5116;0.5749;0.8045;0.507371
0.820099;0.4658;0.465599;0.3183;0.522919
0.2143;0.541199;0.4464;0.658299;0.511076
0.756299;0.6728;0.828099;0.7029;0.489451
0.7045;0.591999;0.577999;0.421199;0.495093
0.4285;0.383;0.4654;0.5663;0.50724
0.5595;0.495999;0.4046;0.278299;0.510789
0.1449;0.4355;0.259;0.716;0.511824
0.8342;0.520699;0.9645;0.434;0.486936
0.4615;0.552399;0.4315;0.554699;0.498728
0.536299;0.5534;0.315399;0.337299;0.505222
0.338799;0.640899;0.6404;0.689;0.481723
1.0;0.5982;0.6262;0.5456;0.491546
0.1681;0.455999;0.611599;0.6655;0.488402
0.679099;0.5329;0.5519;0.3748;0.488688
0.3668;0.549999;0.448499;0.743499;0.492449
0.738199;0.935499;0.7478;0.9186;0.467597
1.0;0.5095;0.720199;0.304499;0.481741
0.2083;0.377;0.515;0.592799;0.491522
0.5898;0.434999;0.393299;0.2755;0.502174
0.261199;0.356;0.3243;0.332799;0.508104
0.3551;0.3136;0.1694;0.3594;0.523184
0.3065;0.4784;0.694299;0.6584;0.499673
0.698;0.522999;0.575699;0.4232;0.502016
0.4494;0.384;0.091999;0.0668;0.526957
0.049499;0.239;0.3643;0.633499;0.520228
0.644;0.666899;0.6507;0.6511;0.501932
0.656199;0.5326;0.545;0.5816;0.510125
0.5679;0.5884;0.7409;0.562399;0.494595
0.549199;0.5411;0.548199;0.4217;0.494267
0.403199;0.546499;0.2987;0.7165;0.504838
0.7517;0.5249;0.4782;0.094799;0.503521
0.155;0.503599;0.321999;0.9283;0.503658
0.8678;0.701;0.978999;0.478099;0.468691
0.480599;0.361;0.4007;0.5754;0.501938
0.5709;0.709499;0.6933;0.5416;0.479905
0.515299;0.377199;0.466999;0.513599;0.498439
0.4505;0.5483;0.5514;0.403399;0.489886
0.485799;0.3303;0.3735;0.3185;0.506045
0.330199;0.4054;0.1751;0.3513;0.518359
0.3393;0.333299;0.515999;0.488799;0.512256
0.494199;0.542;0.4144;0.653;0.51315
0.5836;0.4465;0.2066;0.0;0.526784
0.0;0.1015;0.3047;0.425999;0.52814
0.4402;0.562899;0.692299;0.721;0.503854
0.8371;0.695599;0.661999;0.509;0.497125
0.363899;0.3779;0.448;0.443199;0.508209
0.3475;0.4966;0.3348;0.6223;0.510614
0.725099;0.663999;0.653199;0.564799;0.496502
0.5617;0.4691;0.567;0.593699;0.505067
0.5855;0.719899;0.4149;0.6097;0.502445
0.6053;0.3476;0.728099;0.222299;0.496437
0.359399;0.4372;0.426;0.5279;0.502144
0.4016;0.671199;0.503;0.567399;0.486942
0.5652;0.335999;0.201;0.146999;0.513859
0.138199;0.1107;0.427;0.4657;0.519903
0.474499;0.704299;0.484;0.686;0.502203
0.8374;0.51;0.4955;0.364399;0.514327
0.2025;0.266399;0.500499;0.382399;0.515549
0.429099;0.7826;0.451;0.9223;0.496985
0.950499;0.533999;0.8378;0.349999;0.489779
0.273;1.0;0.5452;1.0;0.469212
0.841499;0.305499;0.848599;0.5;0.480776
0.854399;1.0;0.3944;1.0;0.493063
1.0;1.0;1.0;1.0;0.463115
1.0;0.287399;1.0;0.011899;0.469075
0.2553;0.216;0.058299;0.7944;0.519992
0.601999;0.695399;0.4739;0.0;0.49483
0.0;0.0;0.4549;0.5146;0.503485
0.391;0.388;0.618;0.393999;0.494917
0.632599;1.0;0.216;0.369099;0.483479
0.1974;0.0;0.453399;0.462;0.502096
0.512;0.6772;0.5754;0.6659;0.487764
0.667;0.772099;0.0;0.7376;0.516491
0.738;0.6943;1.0;0.599399;0.477125
0.589599;0.462999;0.6591;0.706;0.490983
0.4517;0.532;0.406099;0.192299;0.495018
0.4467;0.398;0.3751;0.7352;0.506948
0.732799;0.504999;0.499499;0.2498;0.510709
0.244199;0.317799;0.3742;0.483799;0.51703
0.488199;0.6214;0.5623;0.561399;0.499614
0.5618;0.3738;0.701799;0.5115;0.499745
0.499899;0.717399;0.4146;0.487299;0.493668
0.5091;0.3958;0.505;0.484999;0.500523
0.474999;0.4437;0.2633;0.223399;0.512727
0.23;0.1681;0.317699;0.3945;0.523575
0.3902;0.534999;0.5151;0.5623;0.50929
0.4964;0.402999;0.5863;0.5255;0.508611
0.395399;0.6801;0.318199;0.611499;0.505386
0.817;1.0;0.7346;0.436999;0.459833
0.435;0.0;0.486199;0.5281;0.503071
0.530999;0.451099;0.3026;0.220399;0.516312
0.218;0.2839;0.193399;0.4135;0.526778
0.4041;0.353;0.7811;0.518499;0.506501
0.3226;0.711999;0.0441;0.6738;0.513886
0.879299;0.6339;0.905899;0.457;0.484504
0.4465;0.928399;0.5316;1.0;0.475191
1.0;0.8447;1.0;0.840399;0.45151
0.861699;0.494399;0.853;0.4207;0.465418
0.4033;0.3446;0.574999;0.551099;0.485347
0.253899;1.0;0.082399;1.0;0.482662
1.0;0.8229;1.0;0.6249;0.444098
0.622399;0.567599;0.697099;0.2712;0.451766
0.5542;0.686499;0.0;0.962399;0.493531
0.728999;0.636;1.0;0.63;0.4636
0.643;0.256;0.6175;0.548;0.498979
0.662999;0.662999;0.717999;0.611999;0.48729
0.375;0.713;0.0;0.7385;0.509103
0.8092;0.571;0.559399;0.0;0.492834
0.0;0.235399;0.4636;0.442599;0.492407
0.4247;0.5533;0.534399;0.8095;0.484519
0.8211;0.372299;0.6026;0.2485;0.503467
0.239699;0.1367;0.416;0.414;0.523014
0.312899;0.863299;0.267999;0.5331;0.498916
0.635399;0.616;0.623;0.921799;0.49208
0.933;0.5294;0.799399;0.3772;0.493987
0.3714;0.320599;0.343499;0.5672;0.519468
0.5716;0.5184;0.3622;0.070899;0.516407
0.057999;0.0526;0.5319;0.4688;0.516681
0.405499;0.787599;0.4489;0.5352;0.491066
0.6;0.271999;0.3243;0.559799;0.523128
0.5735;0.5014;0.463899;0.2874;0.520946
0.287999;0.488799;0.5799;0.580399;0.50474
0.567399;0.401199;0.375299;0.378599;0.517933
0.412599;0.394;0.6679;0.5116;0.508635
0.45;0.434999;0.466799;0.457999;0.511859
0.477499;0.56;0.0;0.2192;0.528048
0.238599;0.5883;1.0;0.7935;0.477566
0.7969;0.501299;0.670099;0.384799;0.484128
0.378;0.9634;0.4577;1.0;0.473274
1.0;0.488;0.875499;0.392999;0.470792
0.487;0.403999;0.7273;0.5064;0.479992
0.232599;0.369999;0.0;0.0;0.508951
0.0;0.0;0.335;0.4215;0.512086
0.4459;0.564499;0.5799;0.6043;0.49511
0.597;0.6145;0.399299;0.378;0.499363
0.370999;0.268;0.2528;0.145399;0.516872
0.1271;0.0361;0.49;0.4263;0.521527
0.423899;0.7759;0.0;0.302999;0.518344
0.491;0.552999;1.0;0.8261;0.478925
0.676;0.336999;0.760899;0.488599;0.494988
0.452999;0.731;0.3504;0.561;0.496192
0.5629;0.423999;0.52;0.337499;0.498171
0.2941;0.213999;0.655;0.531799;0.501235
0.581999;0.462;0.562999;0.501;0.505234
0.499;0.601999;0.0;0.427;0.527845
0.500999;0.398;1.0;0.573;0.496556
0.499;0.601999;0.0;0.427;0.524394
0.457;0.358;1.0;0.3307;0.488256
0.322;0.3635;0.2772;0.155899;0.503655
0.132999;0.445299;0.459;0.5392;0.489007
0.542;0.6392;0.567399;0.7413;0.480555
0.755;0.430999;0.786899;0.623899;0.489174
0.727999;0.587;0.7747;0.616999;0.487877
0.3685;0.545999;0.0;0.1217;0.514577
0.262499;0.195999;1.0;0.3476;0.478365
0.342;0.387999;0.403999;0.5381;0.492902
0.518999;0.619;0.408799;0.548499;0.493611
0.574999;0.6463;0.768799;0.6541;0.474329
0.659;0.352699;0.6762;0.538;0.491388
0.457699;0.930999;0.4753;0.803599;0.477792
0.8903;0.416;0.6552;0.4159;0.492014
0.387;0.540999;0.503999;0.544;0.494613
0.550999;0.499;0.512499;0.457299;0.494851
0.469;0.4812;0.3677;0.2849;0.500984
0.227;0.296799;0.488;0.660299;0.502063
1.0;0.815;0.507999;0.3439;0.493656
0.049999;0.267399;0.3924;0.3902;0.501032
0.396;0.3436;0.125599;0.147399;0.51593
0.116999;0.290999;0.509799;0.595599;0.504406
0.635;0.494;0.5499;0.602499;0.508215
0.590999;0.415;0.6733;0.4704;0.509988
0.5786;0.591999;0.274099;0.4052;0.51962
0.2914;0.9082;0.5606;1.0;0.485565
1.0;0.519799;0.945799;0.387999;0.47432
0.295;0.585;0.4395;0.493;0.482817
0.567999;0.5707;0.652999;0.670099;0.474577
0.66;0.380299;0.7113;0.526899;0.486402
0.527999;0.488;0.4797;0.449;0.498147
0.448999;0.533999;0.113;0.215199;0.513045
0.173;0.225999;0.249499;0.177399;0.516732
0.225;0.1418;0.380299;0.4672;0.52187
0.458999;0.520399;0.5392;0.551399;0.511579
0.557;0.7458;0.5422;0.7629;0.498195
0.67;0.484999;0.7648;0.4699;0.492467
0.6364;0.5987;0.4377;0.596499;0.503944
0.529599;0.7423;0.623899;0.5354;0.483041
0.530999;0.368;0.0;0.084899;0.520168
0.075;0.0;0.768299;0.0;0.500904
0.006999;0.136;0.2467;0.3177;0.509344
0.286;0.141399;0.467999;0.4587;0.516023
0.513199;0.657;0.539999;0.526899;0.501041
0.5018;0.851999;0.4599;0.8136;0.487252
0.813;0.7559;0.913199;0.649799;0.461046
0.655999;0.747199;0.5613;0.8868;0.474711
0.878299;0.627399;0.9485;0.612699;0.463565
0.5297;0.3417;0.563099;0.4772;0.491048
0.573699;0.6274;0.0;0.3868;0.517838
0.4863;0.643;1.0;0.350299;0.4629
0.241;0.0;0.3217;0.295999;0.5017
0.292;0.278299;0.042999;0.267;0.525351
0.256999;0.4071;0.423099;0.399;0.512518
0.4021;0.198;0.8023;0.497299;0.506561
0.2359;0.23;0.2436;0.2366;0.525935
0.506;0.710699;0.366099;0.6173;0.511698
0.622999;0.5422;0.3786;0.178899;0.511642
0.18;0.185099;0.408999;0.416399;0.51658
0.411999;0.525;0.5319;0.7104;0.506498
0.707;0.674999;0.514399;0.401399;0.50074
0.396;0.226999;0.583;0.506599;0.51183
0.372;0.666;0.2468;0.2278;0.505306
0.372;0.313;0.502199;0.6317;0.505383
0.633;0.570999;0.637;0.633699;0.500615
0.628;0.691299;0.626;0.6021;0.491302
0.606999;0.470199;0.587299;0.5441;0.499423
0.5306;0.4425;0.544699;0.4936;0.504626
0.3414;0.335999;0.381;0.375;0.514098
0.533999;0.6032;0.280099;0.3241;0.512524
0.326;0.2646;0.3182;0.361999;0.521787
0.358599;0.3502;0.234099;0.3903;0.529985
0.3984;0.427;0.492599;0.2481;0.516973
0.250999;0.309799;0.47;0.5454;0.514646
0.557;0.5022;0.6128;0.5681;0.507347
0.547;0.649;0.365099;0.560299;0.509901
0.567;0.512999;0.423;0.236699;0.509097
0.245999;0.3278;0.496099;0.5655;0.50651
0.559;0.550799;0.537399;0.474499;0.500612
0.478999;0.4917;0.393599;0.465299;0.506811
0.457;0.3117;0.624;0.5277;0.50859
0.385999;0.353999;0.379999;0.347999;0.519015
0.51;0.557;0.29;0.439;0.520279
0.427999;0.466999;0.463999;0.467999;0.514503
0.475;0.4896;0.609999;0.4946;0.503115
0.470999;0.5107;0.490499;0.5454;0.503315
0.557;0.6768;0.5615;0.607799;0.491528
0.5936;0.409899;0.634;0.5902;0.498553
0.593399;0.481;0.616;0.500999;0.501607
0.5;0.679;0.2909;0.3374;0.501864
0.332;0.291199;0.445099;0.419599;0.505103
0.41;0.4288;0.312;0.32;0.510953
0.347999;0.45;0.439999;0.727;0.508802
0.729999;0.507999;0.670999;0.448799;0.505193
0.407;0.4143;0.494;0.400199;0.50915
0.424999;0.695399;0.423999;0.613399;0.496821
0.621;0.535299;0.552;0.4796;0.494544
0.491999;0.433799;0.4179;0.403999;0.504972
0.393;0.4622;0.578099;0.674999;0.499542
0.67;0.559899;0.366;0.246;0.507315
0.257199;0.206099;0.578;0.564;0.509976
0.5084;0.517;0.048999;0.093;0.526701
0.138399;0.270699;0.5013;0.604199;0.515483
0.615;0.557299;0.481699;0.2708;0.507699
0.2672;0.4621;0.445;0.628;0.503583
0.632799;0.3609;0.369;0.324399;0.522701
0.324;0.247;0.607999;0.488599;0.521444
0.447299;0.609999;0.329;0.5947;0.518717
0.625699;0.634;0.71;0.4983;0.496303
0.45;0.606;0.533;0.661;0.492917
0.7134;0.817;0.537799;0.560399;0.480993
0.577599;0.186;0.2114;0.0196;0.52038
0.0;0.018999;0.523199;0.542;0.520848
0.4849;0.859999;0.4506;0.8076;0.497244
0.9041;0.564;0.402;0.056399;0.507872
0.103;0.222999;0.466;0.5369;0.510244
0.459999;0.385;0.432;0.4131;0.51357
0.408;0.536999;0.503999;0.589999;0.505419
0.552;0.356999;0.658;0.477;0.507046
0.5625;0.63;0.437999;0.589499;0.508408
0.5465;0.625999;0.58;0.6025;0.498162
0.631;0.518;0.608999;0.495699;0.497438
0.465;0.574999;0.505;0.647299;0.497089
0.663999;0.5714;0.683999;0.532;0.489165
0.548;0.556599;0.553;0.536999;0.49188
0.493299;0.3914;0.1;0.305;0.522594
0.3037;0.3401;0.578999;0.529499;0.512739
0.544999;0.933499;0.586;0.9435;0.485562
0.911;0.53;0.836999;0.544;0.485407
0.576999;0.684;0.661999;0.417999;0.476862
0.407;0.399;0.532;0.652;0.486945
0.600999;0.521999;0.378;0.253999;0.496642
0.314799;0.314;0.085999;0.112;0.517641
0.2732;0.288699;0.41;0.586999;0.515263
0.506999;0.383299;0.451999;0.245;0.517009
0.189;0.499299;0.388999;0.745999;0.508131
0.749;0.4537;0.776;0.515;0.503604
0.460999;0.482999;0.603999;0.497;0.503148
0.527;0.7118;0.344;0.5748;0.501789
0.57;0.581199;0.713999;0.700899;0.488873
0.699999;0.648499;0.572;0.3573;0.485857
0.3417;0.3215;0.352999;0.426;0.503103
0.450299;0.368;0.452;0.427999;0.507681
0.429;0.374;0.556999;0.524;0.508563
0.467999;0.704;0.307;0.6687;0.507049
0.668;0.491999;0.676;0.3063;0.496857
0.369;0.347999;0.414;0.523899;0.509556
0.509999;0.5461;0.531999;0.5371;0.503017
0.521;0.612899;0.628999;0.631099;0.49132
0.686999;0.505;0.635;0.5099;0.494353
0.3699;0.447;0.332999;0.436999;0.507404
0.530099;0.472999;0.408999;0.35;0.508179
0.376;0.445999;0.474;0.593;0.506397
0.537599;0.5281;0.568999;0.523999;0.500788
0.5204;0.606899;0.460999;0.486;0.498341
0.538699;0.405;0.653;0.561;0.4979
0.505899;0.624;0.430999;0.516999;0.498919
0.5343;0.537999;0.545;0.457;0.493194
0.4791;0.353999;0.381999;0.356999;0.508191
0.381999;0.5121;0.485999;0.6276;0.502189
0.606;0.7119;0.59;0.6768;0.489603
0.604999;0.408;0.676;0.4416;0.493602
0.403199;0.783;0.169999;0.777999;0.500511
0.8328;0.522999;0.6553;0.514;0.50054
0.555;0.622999;0.361499;0.5574;0.50946
0.597999;0.392;0.8962;0.230599;0.48513
0.158999;0.267;0.396999;0.438;0.49824
0.505;0.392999;0.541;0.497;0.499161
0.449999;0.5961;0.392999;0.589799;0.50088
0.612;0.594899;0.637;0.4342;0.48791
0.530999;0.875;0.401;0.930999;0.484423
0.854999;0.544;0.784799;0.564;0.483294
0.55;0.866999;0.7252;0.968;0.469823
1.0;0.591999;1.0;0.558999;0.460638
0.386099;0.533999;0.343699;0.383;0.485907
0.4649;0.298;0.25;0.2243;0.506152
0.249;0.5989;0.459;0.865699;0.493096
0.672999;0.5441;0.769999;0.4042;0.478624
0.577;0.677999;0.538;0.7368;0.482054
0.798999;0.457;0.808;0.439;0.48189
0.586999;0.8;0.533999;0.686999;0.478782
0.492;0.446999;0.548;0.652999;0.489013
0.640999;0.782;0.533999;0.697;0.482501
0.734;1.0;0.893;1.0;0.450359
1.0;0.744999;1.0;1.0;0.451891
1.0;0.4564;1.0;0.549999;0.469132
0.506999;0.445999;0.516999;0.448999;0.492685
0.508;1.0;0.3777;0.5361;0.472753
0.454999;0.137;0.0;0.0;0.516765
0.0;0.0;0.082;0.0;0.531678
0.241;0.0;0.375999;0.415999;0.540556
0.611999;0.740499;0.561999;0.541;0.51509
0.3776;0.3818;0.623;0.525999;0.509273
0.4994;1.0;0.265999;0.698;0.493233
0.661;0.353999;0.0;0.901;0.542672
0.884;0.506;1.0;0.076999;0.509565
0.269999;0.355;0.542999;0.673;0.512092
0.5527;0.564;0.0;0.4788;0.535594
0.4483;0.413999;1.0;0.562199;0.502391
0.573999;0.586;0.314999;0.204;0.510161
0.213;0.659399;0.482;0.78;0.489669
0.774;0.6272;0.795999;0.783999;0.479801
0.802999;0.946399;0.784999;0.84;0.463922
0.802;0.7586;0.823999;0.567399;0.454004
0.53;0.000399;0.551;0.4236;0.500964
0.5022;0.491;0.0;0.403999;0.531773
0.311799;0.4155;1.0;0.024999;0.478123
0.080999;0.109499;0.439999;0.542999;0.49208
0.557;0.576;0.639;0.642;0.482844
0.622999;1.0;0.335999;0.228999;0.468566
0.254;0.0;0.473999;0.569;0.490431
0.576099;0.727;0.0;0.436999;0.511278
0.4329;0.274999;1.0;0.106999;0.475185
0.123999;0.25;0.407;0.416499;0.487666
0.389;0.457899;0.384999;0.2655;0.487201
0.271999;0.2341;0.474;0.611499;0.497074
0.597;0.446999;0.549999;0.3945;0.502141
0.410499;0.705;0.3359;0.838699;0.501375
0.8282;0.519999;0.588099;0.1523;0.501125
0.177;0.231999;0.224;0.255;0.519134
0.240299;0.1955;0.367999;0.427999;0.522189
0.416;0.421599;0.493;0.4018;0.515656
0.381999;0.3759;0.561;0.532199;0.513326
0.5921;0.5794;0.381;0.5471;0.517695
0.499899;0.5878;0.391999;0.3889;0.513171
0.335;0.4328;0.397;0.257;0.509058
0.320399;0.152;0.006;0.012099;0.535949
0.000599;0.095199;0.407999;0.360599;0.528283
0.373;0.256799;0.514;0.4933;0.528823
0.446999;0.427;0.466;0.454999;0.527655
0.49;1.0;0.353999;1.0;0.503792
1.0;0.584299;1.0;0.668399;0.49191
0.669;0.6077;0.648;0.516599;0.496851
0.497999;0.401499;0.427999;0.495699;0.512318
0.506;0.4425;0.325099;0.1402;0.518037
0.109;0.230999;0.5239;0.5941;0.510861
0.534399;0.5896;0.430999;0.4538;0.505324
0.5536;0.586399;0.62;0.683399;0.496729
0.687999;0.698999;0.558999;0.4795;0.490429
0.481999;0.6023;0.494999;0.651499;0.490774
0.503;0.3216;0.474;0.314799;0.504221
0.485;0.3061;0.603999;0.527999;0.509642
0.520299;0.690899;0.010999;0.0;0.517525
0.003699;0.0279;0.475;0.527799;0.513233
0.481;0.492199;0.388;0.3552;0.510888
0.372;0.305399;0.462999;0.564;0.517495
0.524999;0.6279;0.427;0.624199;0.513564
0.563;0.4497;0.757;0.5508;0.503947
0.5632;0.6496;0.387999;0.600999;0.509043
0.683799;0.544399;0.707;0.4382;0.497238
0.427;0.459;0.4564;0.4078;0.50265
0.413;0.6646;0.457599;0.680999;0.491981
0.643999;0.526399;0.643999;0.709499;0.493
0.735999;0.511;0.756999;0.5225;0.493191
0.538899;0.582;0.337;0.52;0.507803
0.4711;0.546999;0.650999;0.515999;0.492184
0.616;0.748;0.609999;0.704;0.479899
0.640999;0.606999;0.637;0.515;0.477059
0.507999;0.4491;0.562;0.490899;0.485377
0.496;0.379899;0.39;0.5481;0.504552
0.494399;0.6062;0.582999;0.519999;0.492246
0.5776;0.810599;0.351799;0.828299;0.492351
0.826;0.6682;1.0;0.660699;0.46557
0.655999;0.823099;0.466;0.873;0.479813
0.870599;0.5889;0.906999;0.314999;0.460924
0.3304;0.388999;0.539;0.569;0.477855
0.448499;0.554;0.452999;0.540999;0.481124
0.6535;0.497999;0.4115;0.4164;0.494967
0.414;0.4767;0.0;0.559599;0.523536
0.603999;0.4519;1.0;0.3042;0.485201
0.228999;0.4814;0.439;0.5898;0.489347
0.603999;0.56;0.761;0.75;0.47798
0.5349;0.497;0.394599;0.132999;0.49241
0.3641;0.574999;0.4975;0.816;0.486119
0.552;0.462;0.448499;0.3639;0.496723
0.63;0.525999;0.3933;0.522099;0.50749
0.259999;0.5187;0.179699;0.076;0.508793
0.161999;0.0;0.5254;0.551;0.511684
0.4817;0.587;0.437999;0.518;0.506775
0.683299;0.825;0.0;0.5527;0.521718
0.632;0.766999;1.0;0.904499;0.479726
0.914999;0.701999;0.6173;0.299999;0.480653
0.176;0.044;0.298999;0.4338;0.51447
0.395999;0.253999;0.558;0.311;0.513859
0.4543;0.698999;0.369199;0.499699;0.502361
0.5097;0.302;0.0;0.4543;0.540136
0.480999;0.542999;1.0;0.541999;0.497581
0.504;0.535999;0.356;0.462;0.508399
0.266999;0.402;0.4778;0.367399;0.502236
0.572;0.343;0.5732;0.4726;0.506811
0.490099;0.610999;0.385999;0.6386;0.509457
0.6099;0.558;0.688;0.6824;0.500573
0.548999;0.512;0.487;0.565999;0.509475
0.470999;0.572;0.6293;0.3227;0.490995
0.6;0.503;0.429699;0.6903;0.503378
0.582999;0.430999;0.698;0.463999;0.501002
0.497;0.417999;0.564999;0.481;0.505655
0.511;0.709;0.32;0.689;0.50685
0.485799;0.527;0.3407;0.0;0.501923
0.1922;0.232999;0.447299;0.535299;0.501676
0.542;0.491;0.472999;0.7081;0.507285
0.505;0.582;0.571199;0.4493;0.497554
0.647999;0.494999;0.594799;0.371699;0.496168
0.442;0.497;0.336;0.5033;0.50673
0.715;0.576;0.653299;0.626199;0.499676
0.579999;0.594;0.5919;0.7615;0.500958
0.337;0.456;0.0;0.406999;0.5273
0.407999;0.403999;0.9622;0.445999;0.490256
0.467;0.427;0.510999;0.344;0.496246
0.4923;0.948;0.492;1.0;0.477906
0.895699;0.692;0.974499;0.4707;0.451501
0.632999;0.475999;0.5165;0.584299;0.480999
0.489;0.408999;0.458999;0.238399;0.492062
0.312999;0.517;0.472999;0.559;0.486164
0.773;0.407;0.578;0.605599;0.502239
0.505;0.514999;0.0;0.625;0.535764
0.315999;0.587;1.0;0.466;0.48313
0.539;0.488999;0.4735;0.521;0.493516
0.472999;0.584;0.393;0.353999;0.493915
0.335;0.201;0.2774;0.2059;0.512941
0.411999;0.189999;0.628599;0.5121;0.515272
0.4507;0.823999;0.4757;0.534599;0.492506
0.5993;0.339;0.342399;0.3894;0.514387
0.219699;0.326999;0.392699;0.571999;0.517945
0.7803;0.673;0.6073;0.428;0.503172
0.219699;0.326999;0.392699;0.571999;0.512619
0.7293;0.533999;0.5162;0.261;0.509681
0.25;0.485999;0.442999;0.4482;0.502159
0.467999;0.317;0.576;0.6098;0.506003
0.5134;0.643;0.513399;0.4791;0.497545
0.576599;0.655;0.4526;0.6509;0.496306
0.634;0.596;0.363999;0.572999;0.507237
0.573;0.503;0.828;0.564;0.490688
0.579999;0.518;0.538999;0.342;0.49345
0.335999;0.436999;0.522;0.726999;0.495462
0.761;0.5;0.765999;0.536;0.491963
0.325;0.420999;0.0807;0.1648;0.518082
0.348999;0.484999;0.372;0.361899;0.506644
0.363999;0.317;0.3461;0.3277;0.512631
0.323;0.511;0.5482;0.7087;0.499059
0.71;0.617999;0.653399;0.6;0.493632
0.597;0.484999;0.6563;0.5009;0.495367
0.4814;0.497;0.3973;0.4452;0.504886
0.4726;0.559;0.455399;0.4508;0.499512
0.442999;0.466;0.514;0.552599;0.497858
0.5468;0.421999;0.374399;0.311299;0.510336
0.302199;0.387999;0.5065;0.6081;0.507317
0.616;0.411;0.6077;0.494;0.510369
0.425899;0.878999;0.439299;0.7321;0.491844
0.8121;0.513;0.7389;0.500999;0.488402
0.500999;0.387999;0.4158;0.3664;0.507919
0.361;0.542999;0.299999;0.400499;0.507016
0.376999;0.332;0.259;0.1804;0.515084
0.195999;0.052999;0.5272;0.575599;0.521366
0.499;0.4697;0.4438;0.420999;0.521334
0.495;0.655299;0.476899;0.5163;0.507416
0.644999;0.559;0.4566;0.5909;0.512014
0.4827;0.571999;0.6631;0.523199;0.496812
0.521299;0.658999;0.5604;0.8636;0.492658
0.749;0.744;0.698099;0.716999;0.484024
0.734999;0.473999;0.8169;0.430999;0.48254
0.517;0.970999;0.451;0.846699;0.474374
0.853;0.49;0.764899;0.3359;0.470515
0.332999;0.364;0.5037;0.6041;0.487877
0.611999;0.533999;0.4525;0.386899;0.493796
0.3714;0.405999;0.3909;0.515099;0.503014
0.5306;0.409999;0.637699;0.5623;0.500898
0.4586;0.5122;0.2253;0.2068;0.512893
0.293399;0.3588;0.284999;0.6006;0.517936
0.6038;0.436399;0.64;0.4369;0.510959
0.438299;0.6386;0.337899;0.319;0.505562
0.3229;0.294999;0.4701;0.3808;0.505508
0.3776;0.226;0.561;0.506899;0.511675
0.504399;0.485999;0.502;0.5;0.51208
0.481999;0.817;0.402699;0.6811;0.497653
0.7025;0.479999;0.718299;0.422899;0.491314
0.426499;0.7348;0.0;0.0219;0.503175
0.024;0.0;0.241599;0.2361;0.511174
0.258;0.561;0.378;0.64;0.495918
0.619;0.35;0.8044;0.561999;0.492294
0.519399;0.689999;0.374099;0.5806;0.498311
0.6226;0.59;0.563299;0.357199;0.48952
0.344999;0.491999;0.5192;0.5017;0.486158
0.516999;0.728999;0.441099;1.0;0.486295
0.905;0.957;0.9232;0.753;0.45294
0.862;0.288;0.944699;0.493;0.472905
0.5739;0.689999;0.421999;0.510999;0.486864
0.506099;0.384999;0.309;0.281;0.504358
0.3232;0.402;0.524999;0.528399;0.49818
0.451799;0.585999;0.519199;0.689599;0.492196
0.623;0.453;0.5478;0.359;0.498299
0.419999;0.357999;0.567;0.485999;0.502248
0.4539;0.575;0.454999;0.484999;0.498901
0.5381;0.508;0.402999;0.481;0.504021
0.43;0.382999;0.432;0.397599;0.510089
0.433999;0.498;0.456;0.5448;0.506948
0.547;0.722799;0.491999;0.7216;0.496902
0.710999;0.4392;0.869999;0.485999;0.488023
0.484899;0.68;0.374;0.694;0.496994
0.6861;0.486999;0.665999;0.402;0.492816
0.429;0.686;0.442;0.722999;0.491841
0.704999;0.527;0.683;0.5345;0.488253
0.536;0.615;0.616;0.5045;0.482799
0.524999;0.396;0.524;0.437999;0.492616
0.439299;0.475999;0.373;0.4178;0.500564
0.3997;0.469;0.436999;0.5572;0.500782
0.567999;0.524999;0.502;0.49;0.500555
0.458;0.445999;0.39;0.332;0.506715
0.318999;0.279;0.338999;0.266999;0.515111
0.3261;0.369;0.518999;0.516;0.508039
0.4801;0.604799;0.451;0.581599;0.502186
0.594799;0.4749;0.504199;0.5114;0.507821
0.486199;0.579299;0.5838;0.545;0.498299
0.5638;0.405;0.286;0.253;0.51706
0.241;0.35;0.501999;0.542899;0.51084
0.554;0.425999;0.614;0.520099;0.508194
0.460799;0.5261;0.340999;0.4777;0.515027
0.5302;0.5249;0.555;0.5413;0.507478
0.552;0.59;0.430999;0.298999;0.503634
0.341;0.355999;0.423;0.592799;0.508977
0.543999;0.5228;0.525999;0.415399;0.50347
0.402;0.397199;0.5681;0.5998;0.503616
0.5069;0.625;0.5148;0.614;0.497817
0.558099;0.48;0.2475;0.247599;0.514476
0.405;0.328899;0.374599;0.4377;0.521179
0.453;0.517099;0.691;0.614699;0.50282
0.601999;0.503999;0.0;0.378;0.535698
0.413;0.48;1.0;0.536;0.494684
0.534999;0.442;0.5956;0.445;0.498237
0.4102;0.558;0.381;0.646;0.50265
0.641799;0.53;0.588999;0.402999;0.49756
0.367;0.491;0.464999;0.436999;0.496791
0.485999;0.652;0.477;0.807;0.491647
0.813;0.574999;0.49;0.277;0.49883
0.303999;0.238;0.654999;0.497;0.501232
0.446;0.413;0.504;0.494;0.504662
0.464999;0.580999;0.387999;0.527099;0.50479
0.57;0.533;0.539999;0.483899;0.500382
0.475999;0.471;0.347;0.403;0.51014
0.402;0.455199;0.472999;0.528599;0.506867
0.542999;0.5848;0.661999;0.556399;0.491451
0.585;0.497999;0.5769;0.618;0.497289
0.512999;0.433;0.567099;0.439;0.501199
0.067;0.471;0.0;0.218;0.512357
0.742;0.458299;0.784999;0.637;0.494389
0.559999;0.5227;0.521;0.534899;0.503667
0.532;0.53;0.57;0.4286;0.498126
0.405;0.570999;0.48;0.654499;0.494994
0.719999;0.485;0.680199;0.565;0.496195
0.488999;0.662999;0.1428;0.132999;0.507022
0.147;0.055999;0.451599;0.4538;0.511663
0.466999;0.429;0.403999;0.4566;0.514926
0.354999;0.680999;0.5184;0.623399;0.494771
0.828;0.51;0.6448;0.5992;0.501536
0.475999;0.433199;0.592199;0.442;0.505014
0.472;0.655699;0.3631;0.6291;0.503714
0.616499;0.6421;0.7226;0.704899;0.48766
0.7135;1.0;0.658299;1.0;0.471579
1.0;0.7177;0.936999;0.716099;0.463416
0.713999;0.842199;0.815;0.6015;0.450788
0.631;0.436199;0.712399;0.643599;0.465088
0.361699;0.491999;0.099499;0.0;0.493608
0.247199;0.085;0.4027;0.4714;0.502472
0.4621;0.4541;0.2905;0.270299;0.510104
0.271999;0.300899;0.501899;0.597999;0.508724
0.6;0.734;0.6098;0.7746;0.494157
0.750999;0.516999;0.814399;0.4983;0.488283
0.5302;0.827;0.3888;0.8046;0.490467
0.7923;0.728499;0.832999;0.6428;0.469844
0.648499;0.745199;0.684699;0.8446;0.469996
0.875;0.5443;0.572299;0.195;0.481366
0.158999;0.349;0.337;0.625;0.496618
0.64;0.570999;0.829999;0.509;0.472255
0.594999;0.424199;0.298;0.399699;0.504605
0.302999;0.408799;0.428999;0.3669;0.503398
0.3738;0.2929;0.3092;0.356;0.516354
0.3472;0.4611;0.079699;0.035399;0.522451
0.037999;0.207499;0.5411;0.714;0.508098
0.75;0.4315;0.738;0.525999;0.508656
0.644;0.644;0.2076;0.268;0.522263
0.108999;0.6126;0.535399;0.994;0.496842
1.0;0.915599;0.8667;0.807099;0.471736
0.811;0.421799;0.321199;0.0;0.509955
0.0;0.075;0.2871;0.524999;0.523119
0.614;0.429;0.734999;0.4325;0.509487
0.406799;0.482899;0.369999;0.384799;0.514184
0.3162;0.4051;0.4786;0.547899;0.509582
0.558999;0.767199;0.5294;0.8408;0.495739
0.837899;0.51;0.584299;0.230199;0.502749
0.2321;0.292699;0.4127;0.5923;0.513436
0.451;0.371099;0.578;0.384999;0.509806
0.444;0.424;0.451;0.418;0.51239
0.562799;0.744999;0.457599;0.565099;0.498848
0.4952;0.417499;0.456399;0.4105;0.504936
0.407999;0.3655;0.464;0.438899;0.509332
0.447;0.460999;0.387899;0.388599;0.511621
0.396999;0.402499;0.3651;0.4274;0.515555
0.416;0.3945;0.594999;0.561499;0.509895
0.468999;0.402999;0.468999;0.402999;0.514932
0.5472;0.6287;0.356;0.488;0.512226
0.4176;0.4059;0.46;0.536999;0.5143
0.549199;0.6334;0.5898;0.561899;0.499801
0.591;0.744499;0.590399;0.8246;0.48971
0.8012;0.5348;0.6298;0.3175;0.492947
0.325899;0.284799;0.589999;0.486999;0.499974
0.547899;0.6079;0.444;0.558;0.498851
0.484999;0.485999;0.405999;0.488;0.505514
0.437;0.8546;0.547;0.8738;0.482754
0.930999;1.0;0.901999;0.955199;0.453679
0.930999;0.5624;0.983;0.6249;0.457884
0.64;0.456699;0.652;0.442099;0.477754
0.4896;0.8659;0.469;0.608699;0.468184
0.574399;0.464999;0.586999;0.7263;0.476612
0.715;0.8432;0.667;0.8314;0.468238
0.833999;1.0;0.853;0.947699;0.447275
0.958;0.616799;0.954;0.4248;0.441445
0.424999;0.1232;0.517499;0.5501;0.487058
0.418799;0.812899;0.398499;0.799199;0.481473
0.9306;0.831099;0.883;0.797399;0.45919
0.793599;0.527;0.453599;0.3231;0.489591
0.323;0.592999;0.2694;0.233799;0.491489
0.262;0.0;0.113999;0.1525;0.520922
0.214999;0.158999;0.701;0.488;0.509037
0.403;0.403;0.529;0.505;0.50896
0.497499;0.6644;0.159999;0.645299;0.518776
0.7075;0.954099;0.859999;0.882199;0.475948
0.81;0.8401;0.96;0.6231;0.448035
0.596999;0.9273;0.473999;1.0;0.460817
0.966;0.555599;0.661;0.0;0.460343
0.242;0.0;0.556899;0.625799;0.491293
0.255899;0.554099;0.38;0.360399;0.487979
0.5711;0.4609;0.502099;0.4712;0.489937
0.501999;0.351999;0.416;0.380499;0.506271
0.391;0.433399;0.300999;0.439399;0.514932
0.367999;0.5286;0.5224;0.4453;0.49984
0.499;0.262999;0.585599;0.528199;0.509579
0.435;0.451;0.463;0.445999;0.512882
0.555799;0.885899;0.449999;0.867899;0.495075
0.8372;0.5581;0.838;0.4756;0.484236
0.480999;0.523399;0.453;0.5483;0.497226
0.5568;0.6176;0.356999;0.290199;0.49677
0.278199;0.108699;0.295499;0.3825;0.519477
0.386;0.3723;0.6745;0.4765;0.506575
0.488999;0.483999;0.451;0.457;0.509442
0.456099;0.5897;0.329999;0.531199;0.510432
0.5159;0.4743;0.1178;0.0;0.521491
0.0;0.2319;0.362099;0.8459;0.51574
0.7892;1.0;0.8973;0.540999;0.45986
0.5944;0.0;0.5144;0.5962;0.515611
0.596599;0.416;0.6644;0.4468;0.517882
0.511;0.518999;0.576;0.561;0.513415
0.5092;0.525199;0.297999;0.400799;0.520776
0.396799;0.479799;0.489;0.5962;0.513692
0.610999;0.543;0.376999;0.181999;0.513588
0.184;0.369999;0.414999;0.725999;0.511159
0.722999;0.592999;0.644;0.365;0.498299
0.305;0.347;0.506999;0.551;0.504766
0.628;0.532;0.581;0.546999;0.502272
0.448;0.6569;0.426599;0.59;0.498967
0.671999;0.5747;0.5394;0.558999;0.499003
0.542999;0.650299;0.629;0.628;0.488712
0.55;0.9278;0.64;1.0;0.470237
1.0;0.740299;0.905999;0.701;0.459777
0.702999;0.451;0.835999;0.504999;0.471397
0.454;0.518;0.555999;0.532;0.479154
0.5467;0.558;0.4222;0.454999;0.486462
0.4883;0.664999;0.5398;0.646;0.478254
0.68;0.6919;0.661;0.584;0.468464
0.634;0.416099;0.4613;0.429199;0.491215
0.302999;0.467;0.398699;0.3978;0.494234
0.451999;0.231999;0.533999;0.478;0.503199
0.493;0.580999;0.509999;0.524999;0.498359
0.512999;0.704;0.509999;0.759;0.490259
0.771;0.6368;0.658;0.6036;0.48794
0.558;0.583199;0.594999;0.4444;0.486077
0.464;0.394;0.442;0.445999;0.4979
0.504999;0.404999;0.534;0.463999;0.501411
0.363;0.442;0.489999;0.530999;0.501938
0.576;0.5901;0.466;0.562;0.501393
0.569;0.567899;0.57;0.476999;0.495611
0.464999;0.532;0.448999;0.463;0.496884
0.475;0.543999;0.4038;0.515999;0.498538
0.552;0.495;0.611199;0.472;0.492446
0.427;0.375;0.542;0.497999;0.498931
0.51;0.573;0.484999;0.6355;0.49866
0.631999;0.778999;0.631;0.7285;0.483446
0.731999;0.5213;0.6499;0.6383;0.492333
0.658999;0.533699;0.494099;0.292699;0.49995
0.286999;0.372;0.4471;0.557;0.503881
0.527999;0.487;0.551899;0.516999;0.500585
0.520099;0.619;0.445999;0.457;0.497632
0.4449;0.606999;0.192;0.731999;0.509377
0.789;0.496699;0.953;0.399999;0.485088
0.369;0.3613;0.259999;0.214;0.509377
0.198;0.264;0.425;0.488;0.508447
0.488999;0.430999;0.625299;0.506999;0.501303
0.399;0.541;0.4281;0.543999;0.501911
0.652;0.624499;0.5189;0.586;0.499223
0.613999;0.4952;0.502699;0.385999;0.504835
0.355;0.517299;0.404;0.312;0.500156
0.350999;0.314999;0.378;0.481999;0.507398
0.445;0.518999;0.576;0.681999;0.499789
0.4938;0.4937;0.506999;0.448;0.501321
0.685199;0.487499;0.366;0.291;0.514136
0.254;0.264299;0.28;0.363;0.525244
0.373999;0.4355;0.418999;0.321999;0.516038
0.297;0.354999;0.239;0.232;0.520889
0.217999;0.195;0.494;0.601999;0.519629
0.586;0.752;0.394999;0.3415;0.504781
0.373999;0.233999;0.445999;0.415499;0.515629
0.417999;0.575;0.395;0.346;0.506254
0.4404;0.308;0.314;0.454;0.521286
0.358599;0.508299;0.627;0.775799;0.506811
0.775;0.4567;0.742999;0.458199;0.508164
0.584799;0.683;0.308;0.378;0.512381
0.2622;0.327999;0.497;0.541;0.509878
0.532;0.8383;0.599;0.936;0.487424
0.93;0.721699;0.893;0.670299;0.473632
0.677999;0.802;0.5212;0.6017;0.478654
0.643;0.269999;0.811799;0.558999;0.487377
0.3729;0.684;0.3631;0.596;0.491433
0.7391;0.4812;0.568899;0.250999;0.490259
0.274999;0.4358;0.3318;0.667;0.501801
0.657;0.5931;0.7132;0.561;0.486343
0.512999;0.504099;0.472999;0.317999;0.493173
0.347999;0.2088;0.513999;0.511;0.504477
0.5221;0.75;0.508;0.651;0.490908
0.679899;0.656999;0.586999;0.689999;0.488661
0.661;0.582;0.404;0.235999;0.496809
0.231999;0.1474;0.359;0.319;0.512217
0.312;0.549599;0.509;0.710599;0.497796
0.709999;0.4208;0.643;0.482399;0.504042
0.536;0.638199;0.611999;0.5611;0.494631
0.512;0.4507;0.256;0.301899;0.512953
0.355;0.616299;0.302;0.26;0.501977
0.225999;0.318;0.4444;0.732999;0.500242
0.728999;0.436599;0.778599;0.5277;0.49824
0.491;0.483399;0.508;0.498299;0.506113
0.511;0.415;0.599;0.497;0.505836
0.505099;0.648899;0.409999;0.592999;0.504313
0.590899;0.5891;0.585;0.45;0.494508
0.448999;0.445999;0.503;0.602999;0.499858
0.605;0.540999;0.527999;0.524;0.501694
0.522999;0.594999;0.5037;0.597;0.499763
0.596;0.489;0.645299;0.533999;0.497364
0.536;0.634999;0.551;0.565;0.491513
0.552;0.7636;0.608999;0.629999;0.47508
0.644999;0.445899;0.274;0.325;0.502352
0.320999;0.407299;0.308;0.100999;0.504397
0.101;0.0842;0.372;0.677999;0.512339
0.686;0.496;0.701;0.496;0.505735
0.491999;0.603999;0.42;0.512;0.50648
0.508;0.524999;0.504199;0.636;0.505443
0.635999;0.612;0.5226;0.431999;0.501032
0.434;0.368;0.067199;0.258;0.528361
0.565999;0.631999;0.9328;0.741999;0.489707
0.434;0.368;0.067199;0.258;0.52601
0.224999;0.483999;0.700199;0.570999;0.495805
0.603999;0.384;0.7288;0.538;0.495027
0.5058;0.813;0.535599;0.849999;0.486045
0.9052;0.71;0.726399;0.669;0.482725
0.657;0.522199;0.621;0.408;0.49047
0.397999;0.5198;0.4905;0.409999;0.489776
0.408999;0.296799;0.459499;0.445999;0.499977
0.444;0.397199;0.427999;0.545;0.509314
0.536;0.579;0.582;0.484999;0.497605
0.519999;0.8667;0.538;0.832999;0.480567
0.808;0.5743;0.690999;0.371;0.47731
0.374;0.531999;0.198999;0.77;0.502522
0.780999;0.494;0.95;0.411;0.47998
0.394;0.378;0.521999;0.559999;0.495909
0.520099;0.728;0.5468;0.606;0.482874
0.648899;0.616999;0.612199;0.677999;0.482045
0.689999;0.8345;0.648;0.8621;0.474577
0.85;0.5805;0.8761;0.5409;0.468786
0.552;0.564;0.144599;0.425899;0.504743
0.423;0.315999;0.8903;0.500099;0.485043
0.485999;0.5991;0.390999;0.463999;0.491782
0.465;0.6349;0.545999;0.733;0.483523
0.698999;0.469;0.454999;0.378999;0.499542
0.41;0.417999;0.4475;0.475;0.505428
0.484999;0.457999;0.417099;0.2244;0.504847
0.216;0.34;0.5354;0.521599;0.498162
0.704999;0.527999;0.480999;0.666999;0.50834
0.497;0.631499;0.544;0.511;0.499032
0.504999;0.5739;0.562999;0.524999;0.491406
0.542;0.5765;0.564;0.655999;0.489606
0.639;0.4906;0.569;0.405;0.494735
0.405;0.517499;0.512999;0.545;0.493415
0.562999;0.397999;0.585999;0.548;0.499611
0.49;0.701;0.525;0.609;0.490175
0.648;0.519;0.561999;0.613;0.495838
0.613999;0.522999;0.286;0.263999;0.512256
0.264;0.288;0.390999;0.387;0.515424
0.387999;0.509999;0.4087;0.5441;0.509055
0.565999;0.394999;0.798299;0.4939;0.496994
0.4788;0.595;0.097;0.18;0.513755
0.172199;0.234499;0.375;0.385999;0.512411
0.372999;0.483899;0.43;0.565;0.505914
0.501;0.3646;0.626999;0.546999;0.506781
0.623999;0.911;0.58;0.5242;0.480483
0.53;0.109999;0.550999;0.4838;0.509368
0.494;1.0;0.503;1.0;0.486709
0.997;0.520499;0.803;0.309999;0.485326
0.311;0.4061;0.549999;0.5887;0.494589
0.600999;0.5152;0.422;0.506299;0.503726
0.491;0.4587;0.455999;0.4714;0.508983
0.474;0.369;0.5947;0.4656;0.508325
0.431599;0.719999;0.360299;0.634999;0.501327
0.6644;0.530999;0.5904;0.371;0.494702
0.381;0.38;0.396599;0.4418;0.505908
0.347;0.443999;0.494;0.575199;0.501765
0.661;0.572;0.625;0.387;0.492023
0.444;0.390999;0.544;0.566;0.49936
0.528999;0.42;0.538999;0.518999;0.505827
0.508;0.905;0.506;0.881999;0.487013
0.873999;0.601999;0.729;0.536;0.486206
0.552;0.478;0.477999;0.402;0.499146
0.386;0.472;0.5503;0.555;0.495087
0.527999;0.536999;0.5287;0.4696;0.492372
0.4932;0.392;0.5396;0.5274;0.499426
0.525799;0.852999;0.4354;0.831;0.489335
0.831;0.685;0.819099;0.698;0.476362
0.707;0.578;0.6459;0.463999;0.482728
0.467999;1.0;0.555999;1.0;0.466083
1.0;1.0;1.0;0.9437;0.434722
0.942;0.345999;1.0;0.458;0.454642
0.609499;1.0;0.390999;0.708999;0.463401
0.5715;0.378899;0.510999;0.552;0.481327
0.695999;1.0;0.492;1.0;0.473724
0.966;0.545999;0.592999;0.0;0.47688
0.0;0.166;0.547;0.6301;0.485368
0.611;0.039999;0.665999;0.435899;0.5118
0.433999;1.0;0.481;1.0;0.487967
1.0;0.599999;0.415399;0.0;0.500078
0.0;0.0;0.0471;0.441699;0.531696
0.397999;0.509;0.587499;0.468299;0.508581
0.493;0.4936;0.55;0.686999;0.507949
0.692;0.5334;0.885999;0.59;0.493555
0.475;0.431999;0.517;0.421999;0.504561
0.539;0.661999;0.357999;0.509;0.504015
0.521999;0.583;0.658;0.494;0.487794
0.481;0.356999;0.3342;0.471;0.509949
0.469999;1.0;0.611699;1.0;0.477575
1.0;0.701999;1.0;0.5628;0.455095
0.573999;0.258;0.6971;0.459199;0.484546
0.458999;0.351999;0.518899;0.515;0.500782
0.527;0.772;0.4482;0.6844;0.491522
0.664999;0.976999;0.6698;1.0;0.468333
1.0;1.0;1.0;0.901;0.440635
0.878;0.532999;0.667399;0.411999;0.467594
0.391999;0.338;0.327;0.184699;0.492691
0.219999;0.183;0.537599;0.593299;0.496154
0.471;0.454;0.527;0.474;0.49677
0.582;0.611;0.3297;0.370699;0.502236
0.385999;0.650999;0.6083;0.8553;0.485761
0.852;0.881;0.815999;0.705999;0.461651
0.720999;0.596;0.6927;0.657;0.472407
0.615;0.888999;0.560299;0.791799;0.467001
0.814999;0.405999;0.899;0.5532;0.469334
0.295;0.149;0.359999;0.250999;0.50651
0.582999;1.0;0.5548;1.0;0.477968
1.0;0.0;0.4038;0.0;0.542234
0.0;0.0;0.3523;0.472999;0.551765
0.424999;1.0;0.5972;1.0;0.503387
1.0;0.861999;1.0;0.8261;0.475745
0.957;0.461;0.879;0.6199;0.495856
0.482999;0.495999;0.519999;0.321999;0.503527
0.349;0.609;0.477;0.56;0.491361
0.570999;0.454999;0.451999;0.555999;0.500949
0.555;0.664;0.628;0.747;0.491233
0.746;0.636;0.692;0.515;0.484909
0.501999;0.673999;0.494;0.558;0.484578
0.594;0.275999;0.497;0.521999;0.506647
0.628;0.661999;0.308;0.1612;0.506882
0.051;0.386;0.375;0.4448;0.498037
0.467999;0.087;0.063499;0.03;0.533397
0.0;0.223999;0.1967;0.665799;0.532506
0.657;0.573;0.8447;0.3162;0.498055
0.35;0.189;0.5131;0.524999;0.516097
0.491399;0.610999;0.198999;0.422;0.522466
0.419599;0.376;0.0;0.0;0.539799
0.0;0.0;0.294999;0.466899;0.541838
0.463999;0.496;0.59;0.417;0.522719
0.442;0.941;0.478;0.731;0.49182
0.7821;0.214999;0.795999;0.491;0.507618
0.2589;0.277;0.356;0.391999;0.524877
0.7633;0.7223;0.0;0.0;0.532387
0.0;0.0;0.381;0.628;0.535695
0.619999;0.852;0.637999;0.905999;0.505771
0.857999;0.646999;0.793599;0.5373;0.497149
0.600999;0.315999;0.1544;0.056199;0.534542
0.029;0.06;0.583999;0.5375;0.527368
0.506999;1.0;0.359;0.9788;0.50142
1.0;0.7691;1.0;0.8312;0.480364
0.891999;0.5349;0.819;0.513999;0.491209
0.444;0.536999;0.5604;0.638;0.496976
0.634999;0.733999;0.723699;0.597999;0.47607
0.605;0.461;0.5489;0.661;0.492246
0.454;0.295999;0.545;0.298999;0.504367
0.372699;0.945999;0.369099;0.719;0.483279
0.8353;0.694;0.8029;0.909099;0.471641
0.963999;0.608999;0.5921;0.236899;0.485827
0.152999;0.222;0.0;0.0;0.519462
0.0;0.0;0.460999;0.6244;0.514649
0.631999;0.460099;0.707;0.452599;0.506343
0.5054;0.641;0.489;0.586;0.502406
0.582999;0.597999;0.57;0.598999;0.497155
0.579599;0.53;0.544999;0.526;0.49922
0.493;0.536999;0.5516;0.604299;0.498141
0.655;0.934999;0.6544;0.9397;0.477131
0.906999;0.431;0.868;0.468;0.483753
0.441;0.433999;0.537999;0.476999;0.496937
0.548999;0.777;0.274999;0.2942;0.491975
0.259999;0.168999;0.062;0.134799;0.518213
0.091;0.301;0.484999;0.671599;0.504641
0.713999;0.444;0.677;0.479399;0.505327
0.477;0.797999;0.424999;0.853;0.498898
0.853999;0.501;0.875999;0.451;0.489898
0.447299;0.467999;0.382;0.363999;0.505264
0.5107;0.469999;0.425599;0.376;0.505175
0.126;0.29;0.0;0.0;0.522311
0.0;0.020999;0.362;0.362;0.519083
0.48;0.181;0.42;0.448999;0.536378
0.379999;0.253;0.573;0.471;0.537996
0.453;0.439;0.506;0.5;0.533266
0.518999;0.699999;0.226999;0.250999;0.525124
0.302;0.143;0.0007;0.087499;0.549446
0.006999;0.0624;0.298999;0.3785;0.546728
0.382;0.486699;0.354799;0.5073;0.53681
0.527999;0.484899;0.6852;0.465699;0.519262
0.488;0.351;0.5313;0.526;0.526081
0.442;0.439999;0.546999;0.428999;0.520425
0.525199;0.668999;0.218;0.312;0.518988
0.305599;0.328;0.451;0.427;0.515564
0.3982;0.319;0.149899;0.113999;0.53121
0.140999;0.210999;0.3536;0.466999;0.528966
0.404;0.284999;0.1745;0.047;0.540791
0.140999;0.178;0.491;0.568999;0.532998
0.481999;0.406999;0.556;0.472;0.527664
0.480699;0.691;0.362499;0.673;0.51928
0.6743;1.0;0.7805;0.728;0.474666
0.811999;0.413699;0.710999;0.580999;0.493078
0.552;0.6983;0.6038;0.6946;0.488774
0.685;0.854999;0.6852;0.9024;0.474273
0.878;0.445;0.894999;0.515999;0.479047
0.543999;0.515999;0.613999;0.542999;0.488873
0.4479;0.545;0.269;0.4119;0.501715
0.441099;0.669;0.518999;0.7021;0.487213
0.81;0.668999;0.637999;0.330799;0.476299
0.260999;0.146;0.0;0.3482;0.522839
0.319;0.314999;0.4509;0.043999;0.511526
0.052999;0.0;0.416599;0.499;0.518735
0.508;0.497;0.63;0.503999;0.505979
0.475;0.6146;0.1616;0.216999;0.513212
0.241;0.2684;0.299399;0.3676;0.517501
0.359999;0.325799;0.469;0.445399;0.516365
0.484;0.5022;0.493299;0.616;0.514807
0.644199;0.627;0.5897;0.444;0.503294
0.408799;0.308999;0.478999;0.524999;0.515385
0.475;0.441;0.474;0.454;0.516938
0.504599;1.0;0.567999;0.980999;0.485654
0.9634;0.731999;0.951999;0.667;0.466366
0.677;0.42;0.228;0.069;0.508066
0.051999;0.222999;0.4222;0.524;0.507487
0.5575;0.527;0.534799;0.605999;0.502576
0.578499;0.413;0.616;0.531;0.5073
0.48;0.454;0.614;0.454;0.504185
0.497699;0.604999;0.035999;0.048999;0.516637
0.0593;0.161999;0.0;0.116999;0.528578
0.112;0.124;0.6526;0.499;0.511785
0.497;0.384999;0.3297;0.320999;0.52356
0.298999;0.4345;0.471299;0.695;0.517015
0.731;0.5135;0.736399;0.521;0.510325
0.494;0.478999;0.599;0.500999;0.509731
0.501799;1.0;0.4189;0.966;0.489689
0.9912;0.902;1.0;0.942;0.461234
0.923999;0.486999;0.726999;0.368;0.484814
0.353999;0.3879;0.359999;0.318999;0.503494
0.342999;0.502099;0.443;0.621;0.497566
0.631;0.369;0.585999;0.515999;0.506441
0.4915;0.743;0.473999;0.599;0.495739
0.597499;0.429;0.423999;0.221999;0.50358
0.231999;0.171999;0.227;0.177;0.521655
0.165;0.393999;0.296999;0.385999;0.513409
0.416999;0.542;0.6356;0.828;0.495799
0.736;0.476999;0.7804;0.544999;0.496431
0.573;0.455;0.573;0.455;0.505506
0.5015;0.832999;0.3949;0.7421;0.49534
0.767499;0.533;0.734899;0.422599;0.486822
0.399;0.362;0.3626;0.337299;0.505672
0.347;1.0;0.497399;1.0;0.474922
1.0;0.534199;1.0;0.4281;0.459097
0.43;0.3498;0.589999;0.5139;0.48338
0.34;0.307;0.507;0.315;0.49196
0.681599;0.841;0.5;0.690999;0.479244
0.5124;0.387999;0.095999;0.0;0.510563
0.021;0.010999;0.329;0.367999;0.518419
0.373;0.698;0.555;0.746;0.491773
0.744999;0.507;0.707999;0.512;0.491615
0.484999;0.402;0.547;0.532;0.503774
0.5099;1.0;0.472999;1.0;0.483473
1.0;0.74;0.917;0.762999;0.47078
0.783;0.646999;0.477499;0.099;0.482492
0.156999;0.188699;0.3515;0.722999;0.502081
0.658;0.7313;0.863999;0.632799;0.469758
0.658999;0.446999;0.747999;0.5402;0.47815
0.510899;0.570999;0.337;0.510999;0.496678
0.5881;0.6738;0.6079;0.731999;0.48636
0.687999;0.6817;0.726099;0.663;0.476916
0.661;0.750499;0.678;0.562999;0.466664
0.576999;0.692;0.603999;0.47;0.46085
0.469;0.304;0.521999;0.523999;0.479956
0.474;0.234;0.535;0.47;0.499262
0.500799;0.753;0.081299;0.093999;0.503142
0.116199;0.183;0.444199;0.812;0.502585
0.771;0.64;0.6155;0.266999;0.490113
0.259;0.250999;0.372;0.493;0.508408
0.552999;0.881999;0.491999;0.753;0.486414
0.747;0.274;0.748;0.526;0.503628
0.4639;0.4485;0.356999;0.302999;0.516234
0.323099;0.457499;0.497999;0.457;0.505637
0.487;0.447;0.496;0.505;0.505508
0.443899;0.470999;0.216;0.154999;0.515489
0.1991;0.505;0.449099;0.494;0.497507
0.5;0.101999;0.5249;0.508;0.519274
0.372999;0.323;0.429;0.365;0.527145
0.504;0.611;0.408;0.442;0.517254
0.512999;0.467999;0.458099;0.451999;0.5161
0.372999;0.533;0.318899;0.609;0.51633
0.632;1.0;0.701;1.0;0.481282
1.0;0.845;1.0;0.6959;0.454597
0.624;0.256999;0.724999;0.491899;0.485884
0.524099;1.0;0.6612;0.749;0.459267
0.8509;0.415999;0.777799;0.728;0.475763
0.658;0.494999;0.0;0.0;0.52077
0.0;0.0;0.055599;0.018;0.536816
0.0;0.063;0.241;0.337;0.534751
0.385999;0.146999;0.648;0.539;0.535361
0.508;0.414999;0.564999;0.513999;0.534488
0.505;0.846;0.453;0.501;0.507833
0.528999;0.445;0.394999;0.716099;0.518827
0.6927;0.857999;0.768;0.6539;0.485946
0.6503;0.756;0.71;0.830399;0.477152
0.919999;0.953;0.798999;0.8986;0.462644
0.981;0.412999;0.971;0.588999;0.476347
0.398;0.398;0.64;0.483;0.490139
0.561;1.0;0.384;1.0;0.481184
1.0;1.0;1.0;0.471;0.429644
0.442399;0.118;0.353999;0.341999;0.486381
0.3476;0.316;0.447;0.7;0.499697
0.62;0.478299;0.485999;0.116999;0.500496
0.234999;0.108699;0.462;0.512999;0.514324
0.473099;0.929;0.56;0.91;0.484227
0.928899;0.558999;0.788999;0.403999;0.481753
0.386;0.295999;0.0;0.0;0.524242
0.0;0.0;0.466;0.741;0.524543
0.782;1.0;0.8;1.0;0.487392
1.0;0.378;1.0;0.504;0.500698
0.521899;1.0;0.423999;0.879999;0.492065
0.8761;0.466999;0.6476;0.435;0.502513
0.442;0.521;0.464399;0.570999;0.507681
0.53;0.561;0.731;0.489;0.488038
0.588;0.503;0.540999;0.482999;0.493561
0.402;0.45;0.649;0.695;0.4923
0.4823;0.603999;0.462;0.493;0.491749
0.704699;0.808999;0.503;0.786;0.485586
0.77;0.932;0.811999;0.908999;0.463192
0.96;0.496;0.866;0.446999;0.469817
0.393;0.593999;0.612;0.52;0.471972
0.564999;0.347;0.582;0.633;0.486894
0.558999;0.451;0.617999;0.452999;0.491618
0.5031;0.943;0.341999;0.931;0.48462
0.926899;0.916999;0.987;0.878;0.451319
0.922;0.902999;0.716;0.522999;0.447564
0.439;0.824;0.389;1.0;0.463881
1.0;0.583999;0.852999;0.125;0.44568
0.190999;0.0;0.621;0.4565;0.476043
0.408999;1.0;0.442;1.0;0.460027
1.0;0.597999;0.686;0.0;0.453736
0.0;0.209;0.424999;0.776;0.47531
0.807;0.964999;0.4662;0.893;0.470577
0.936999;0.859999;1.0;0.863;0.449429
0.771999;0.435;0.847;0.601999;0.470297
0.504;0.383;0.576999;0.383;0.487988
0.5726;1.0;0.362;1.0;0.480868
1.0;0.917;1.0;0.899;0.450994
0.888999;1.0;0.902999;0.976999;0.441669
1.0;0.899999;0.0;0.0;0.48271
0.0;0.0;0.704;1.0;0.485696
1.0;0.298999;1.0;0.6021;0.502275
0.4793;1.0;0.370899;1.0;0.495876
1.0;0.905;1.0;0.720499;0.459589
0.725;1.0;0.828;1.0;0.447516
1.0;1.0;1.0;1.0;0.430675
1.0;1.0;0.966999;0.6871;0.416319
0.0;0.0;0.033;0.312899;0.489677
1.0;1.0;0.966999;0.6871;0.43209
0.789999;0.0;1.0;0.605899;0.474538
0.0;0.0;0.0;0.0;0.526188
0.2064;1.0;1.0;1.0;0.449432
1.0;0.219999;0.4428;0.0;0.503357
0.0;0.885999;0.0;1.0;0.495638
1.0;1.0;1.0;1.0;0.453304
1.0;0.197;1.0;0.498999;0.49275
0.414999;0.530999;0.447;0.545;0.50519
0.622;0.753999;0.0;0.0;0.511874
0.0;0.0;0.063;0.586099;0.530283
0.528999;0.663;0.736499;0.382899;0.49244
0.502;0.286;0.0;0.0;0.531189
0.0;0.0;0.0;0.0;0.546442
0.0;0.0;0.831;0.715;0.526269
0.0;0.0;0.0;0.0;0.550024
1.0;1.0;0.645;1.0;0.525494
1.0;1.0;1.0;1.0;0.491361
1.0;1.0;1.0;1.0;0.468589
1.0;1.0;1.0;1.0;0.45314
1.0;0.378999;1.0;0.318999;0.465252
0.762999;1.0;0.937;1.0;0.444324
1.0;0.606999;0.338;1.0;0.505744
1.0;1.0;1.0;0.0;0.439639
0.0;0.445999;0.0;1.0;0.479986
1.0;0.084;0.9324;0.0;0.490509
0.0;0.0;0.757;0.890999;0.501679
0.792;0.499;0.802999;0.49;0.503789
0.514;1.0;0.079999;1.0;0.507991
1.0;1.0;1.0;1.0;0.470121
1.0;1.0;1.0;1.0;0.45348
1.0;1.0;1.0;1.0;0.441234
1.0;1.0;1.0;1.0;0.432597
1.0;0.102999;1.0;0.545999;0.479551
0.634;1.0;0.0;1.0;0.511043
1.0;1.0;1.0;1.0;0.471781
1.0;0.0;1.0;0.0;0.502159
0.0;0.0;0.0;0.412999;0.542425
0.637;0.0;0.5669;0.0;0.561504
0.0;0.0;1.0;0.0;0.530158
0.48;0.0;0.0;0.0;0.570954
0.0;0.0;0.0;0.0;0.577258
0.0;0.0;0.812999;0.0;0.545995
0.0;0.0;0.0;0.0;0.558342
0.0;1.0;0.542699;1.0;0.490575
1.0;0.0;1.0;1.0;0.544547
1.0;0.494;1.0;0.494;0.546397
0.495;1.0;0.235999;1.0;0.529967
1.0;1.0;1.0;0.0;0.455214
0.0;0.976;1.0;1.0;0.415246
1.0;0.0;1.0;0.0;0.434448
0.503;1.0;0.0;0.4761;0.468324
0.472999;0.0;1.0;0.507899;0.46062
0.103999;1.0;0.0;1.0;0.470524
1.0;1.0;1.0;1.0;0.430377
1.0;0.0;1.0;0.0;0.473805
0.0;0.0;0.0;0.0;0.521927
0.0;0.0;1.0;1.0;0.4972
1.0;0.504999;1.0;0.540999;0.50218
0.181;0.192999;0.548;0.194;0.514476
0.340999;1.0;0.082999;1.0;0.499354
1.0;1.0;1.0;1.0;0.460134
1.0;0.0;1.0;0.0;0.499032
0.0;0.0;0.0;0.909;0.542055
0.0;0.0;0.838999;0.314999;0.52744
0.616;0.0;1.0;0.655999;0.551422
0.0;0.263999;0.0;0.403;0.555982
1.0;1.0;0.0;0.608;0.562327
0.716;0.756499;1.0;0.204999;0.50046
0.236;1.0;0.569999;0.888999;0.46847
1.0;0.0;0.0;0.0;0.553261
0.0;0.0;0.0;0.0;0.568019
0.0;0.0;1.0;0.349;0.533055
0.515;0.447;0.933999;0.784999;0.510727
0.0;1.0;0.0;1.0;0.493579
1.0;0.0;1.0;1.0;0.543492
1.0;0.851999;0.835999;0.0;0.504409
0.0;1.0;1.0;1.0;0.446929
1.0;1.0;1.0;0.741;0.411697
0.744;0.0;1.0;0.557999;0.457563
1.0;0.602;0.0;0.0;0.518967
0.0;0.0;0.0;0.0;0.541477
0.0;1.0;0.0;1.0;0.501849
1.0;0.573;1.0;0.0;0.45711
0.0;0.0;0.183;0.2673;0.501512
0.0;0.0;0.741;0.3357;0.48966
0.555999;0.548999;1.0;0.747999;0.462155
0.0;1.0;0.0;0.0;0.466384
0.0;0.026699;0.406999;0.0;0.45561
0.0;0.0;0.0;0.475999;0.489734
0.137;1.0;0.323;1.0;0.453161
1.0;0.8359;0.0;0.0;0.485711
0.0;0.0;0.521;0.974;0.49933
0.21;0.646;0.873999;0.718;0.46152
1.0;0.8289;0.0;0.0;0.500096
0.0;0.0;0.823999;0.6698;0.491713
0.596;1.0;0.0;0.0;0.488232
0.0;0.0;0.927;1.0;0.470708
1.0;0.022999;0.2377;0.299999;0.565685
0.518999;0.646;1.0;0.945999;0.528951
0.609;0.216;1.0;0.615;0.530745
0.600699;1.0;0.0;1.0;0.534321
1.0;0.0;1.0;0.0;0.554083
0.0;0.1959;0.0;0.0;0.561602
0.0;0.0;0.0;0.0;0.566004
0.0;0.0;0.37;1.0;0.561644
1.0;0.0;1.0;0.0;0.59555
0.927999;0.893;0.402;0.411;0.570749
0.013999;1.0;0.222999;1.0;0.520585
1.0;0.0;1.0;0.0;0.533809
0.0;0.772499;0.0;0.0;0.518258
0.001999;0.0;0.0;0.0;0.525247
0.0;0.0;0.0;0.0;0.538446
0.0;0.0;1.0;0.006;0.497966
1.0;0.537999;1.0;1.0;0.493704
0.0;1.0;0.0;0.451999;0.491105
1.0;1.0;0.546;1.0;0.470473
0.966999;0.6033;0.0;0.0;0.521608
0.0;0.0;0.466;0.0;0.519134
0.0;0.0;0.488999;0.3366;0.513895
0.637;0.375999;1.0;0.854999;0.498299
0.234999;0.331;0.0;0.268;0.531901
0.872999;1.0;0.665;0.867;0.49675
0.933999;0.122;0.579999;0.105;0.539868
0.0;0.0;0.0;0.0;0.561304
0.0;1.0;0.0;0.405;0.514401
0.066;0.0;0.786999;0.772999;0.498445
0.64;0.0;1.0;0.133;0.510855
0.192999;0.520999;0.547999;0.847999;0.502031
0.600999;0.959;0.057999;0.399999;0.502621
0.917;0.369;0.0;0.0;0.546379
0.0;0.0;0.181999;0.46;0.557201
0.403999;0.0;0.0;0.0;0.588323
0.0;0.6152;1.0;0.844999;0.521751
1.0;0.369799;1.0;0.743;0.532104
0.239999;0.3919;0.515;0.515999;0.53079
0.582999;1.0;0.0;0.023299;0.513513
0.0;0.0;0.223099;0.4427;0.522353
0.632;0.865;0.1919;0.149;0.504537
0.011999;0.0;0.049999;0.0;0.525041
0.108;0.736499;0.0;1.0;0.506206
1.0;0.3695;1.0;0.039;0.490309
0.341999;0.662999;0.780999;0.8772;0.472884
0.796999;0.745;0.0;0.0;0.502087
0.0;0.0;0.0;0.0;0.52547
0.0;0.0;0.0;0.0;0.537272
0.0;0.0;0.0;0.0;0.546445
0.0;0.0;0.0;1.0;0.557514
1.0;0.401999;1.0;0.743;0.570135
0.59;0.962;0.0;0.428;0.551774
0.436999;0.564999;0.0;0.0;0.547798
0.0;0.0;0.0;0.0;0.556271
0.0;0.0;0.0;0.0;0.562812
0.0;0.411;0.3064;1.0;0.5356
1.0;1.0;1.0;1.0;0.497077
1.0;0.0;1.0;1.0;0.562532
0.698;1.0;0.425;0.431;0.531326
0.2255;1.0;0.0;1.0;0.513284
1.0;0.556999;1.0;0.896099;0.50516
0.851999;0.715;0.0;0.0;0.537749
0.0;0.0;0.0;0.234;0.554104
0.0;0.0;0.177999;0.795999;0.558095
0.789999;0.0;1.0;0.448999;0.583808
0.787999;0.787999;0.019899;0.6463;0.585459
0.3267;1.0;0.0;1.0;0.548543
1.0;1.0;1.0;0.0;0.467785
0.289999;0.579999;0.593;0.726;0.466169
0.59;1.0;0.701999;1.0;0.443123
1.0;0.8269;1.0;0.945;0.434382
0.444;0.039;1.0;0.438;0.462623
0.175999;0.474999;0.175999;0.2547;0.487442
0.859;0.974;0.0;0.590299;0.496016
0.859;0.381;0.075899;0.0;0.5338
0.0;0.091999;0.207;1.0;0.54283
1.0;0.462;1.0;0.0;0.515048
0.0;0.162999;0.0637;1.0;0.536676
1.0;0.128999;1.0;0.442999;0.565629
0.478;0.478;0.282;0.288;0.562899
0.0;1.0;0.0;0.818799;0.51773
1.0;0.336999;1.0;0.0;0.496288
0.070999;0.0971;0.0;0.0741;0.532849
0.0;0.976999;0.909999;1.0;0.45817
1.0;0.036999;1.0;0.070999;0.482275
0.144999;0.060999;0.890799;0.494;0.490735
0.390999;0.515999;0.268999;0.3836;0.50389
0.474;0.473;0.0;0.0;0.52238
0.0;0.0;0.0;0.040299;0.538974
0.332;0.3187;0.621499;0.6516;0.523214
0.384;0.515;0.6975;0.6841;0.506119
0.631;0.707999;0.297999;0.115;0.503014
0.05;0.0;0.69;0.552999;0.502194
0.545999;0.398;0.394599;0.2916;0.513907
0.358899;0.629999;0.0;0.513399;0.522728
0.506099;0.866;1.0;0.7002;0.461529
0.867;1.0;1.0;1.0;0.43387
1.0;1.0;1.0;1.0;0.425346
1.0;1.0;1.0;0.375299;0.398047
0.256999;0.0;0.802;0.792;0.439735
0.57;0.298999;0.198;0.243;0.493868
0.081;1.0;0.347999;1.0;0.46456
1.0;1.0;0.9776;0.885999;0.427227
0.919;1.0;0.913399;1.0;0.425808
1.0;1.0;1.0;1.0;0.418375
1.0;0.807;1.0;0.0;0.392573
0.0;0.0;0.7182;0.89;0.428261
0.694;0.266999;0.565999;0.125999;0.460665
0.714999;1.0;0.0;1.0;0.489242
0.637;1.0;0.866;0.0;0.423257
0.004;0.0;0.0;0.0;0.474285
0.0;0.0;0.0;0.642699;0.498597
0.646999;0.901;0.2192;1.0;0.497679
0.597999;0.335999;1.0;0.414999;0.486384
0.243;0.2515;0.228999;0.1139;0.513835
0.695399;1.0;0.1794;0.253799;0.49146
0.287599;0.947;0.0;0.0;0.478761
0.0;0.0;0.0;0.7683;0.498028
0.687;0.603999;1.0;0.489999;0.458996
0.413999;0.973999;0.0;1.0;0.482599
1.0;0.243;1.0;0.601999;0.498073
0.401;0.679;0.468;0.73;0.501131
0.675999;0.610999;0.0;0.0;0.521989
0.096;0.381;0.0;0.0;0.522412
0.0;0.02;0.724;1.0;0.505666
1.0;1.0;0.918999;0.9677;0.479306
0.753999;0.4604;1.0;0.462499;0.477789
0.216;0.073;0.789999;0.731999;0.496002
0.725999;0.238;0.0;0.0;0.555448
0.239;1.0;0.256999;1.0;0.516658
1.0;0.615;0.99;0.0;0.473098
0.0;0.0;1.0;0.635999;0.472392
0.573999;0.507799;0.213;0.2385;0.501354
0.217999;0.505099;0.210999;1.0;0.506102
1.0;0.43;1.0;0.556999;0.507812
0.616999;0.499;0.0;0.145;0.545059
0.100999;1.0;0.060999;1.0;0.510402
1.0;0.874;1.0;0.0;0.439824
0.129999;0.988;0.552;1.0;0.430264
1.0;0.517;1.0;0.0;0.4012
0.006;0.303999;0.429;0.2496;0.433718
0.153999;0.0;1.0;0.585;0.419526
0.686;0.547999;0.444;0.530999;0.455336
0.254;0.898;0.0;0.0;0.465216
0.061999;0.057999;0.32;0.4701;0.46906
0.282;0.152999;0.0;0.694899;0.513385
0.678999;0.405;0.986999;0.146;0.486009
0.179;0.625999;0.655;0.289;0.461878
0.0;0.0;0.323;0.487;0.485478
0.835;0.523;0.6976;0.442599;0.483938
0.487;0.878999;0.4106;0.506999;0.475197
0.411999;0.736;0.0;1.0;0.496311
1.0;1.0;1.0;0.5095;0.440978
0.911999;1.0;0.6385;1.0;0.45117
1.0;1.0;1.0;1.0;0.433375
1.0;0.359999;1.0;0.580999;0.458927
0.426999;0.463999;0.318999;0.314999;0.491597
0.369;1.0;0.329;1.0;0.47328
1.0;1.0;1.0;0.7538;0.429
0.81;0.087;0.0;0.0;0.5235
0.0;0.0;0.2404;1.0;0.540011
1.0;1.0;1.0;1.0;0.497551
1.0;0.492999;1.0;0.499;0.501852
0.084999;0.396;1.0;1.0;0.484912
0.813;1.0;0.0;1.0;0.51512
1.0;1.0;1.0;0.0;0.44352
0.0;0.0;0.0;0.941399;0.502466
1.0;1.0;1.0;1.0;0.4638
0.820999;1.0;1.0;0.881799;0.441681
0.874;0.0;1.0;0.527;0.488915
0.363;0.472999;0.363;0.3996;0.508802
0.602999;1.0;0.0;0.0;0.496571
0.0;0.76;0.406799;1.0;0.467403
1.0;1.0;1.0;1.0;0.429936
1.0;0.804999;1.0;0.748399;0.430165
0.576;0.313;1.0;0.4285;0.439696
0.466999;0.012;0.5712;0.135;0.479485
0.194999;1.0;0.537999;1.0;0.452651
1.0;0.815999;0.376;0.402999;0.466193
0.277;0.568;0.894999;0.4298;0.439565
0.671999;1.0;0.657;1.0;0.42793
1.0;1.0;1.0;1.0;0.412525
1.0;1.0;1.0;1.0;0.409557
1.0;0.353999;1.0;0.397999;0.434081
0.024999;0.441;0.225999;0.602;0.472642
1.0;1.0;0.581;1.0;0.460394
1.0;0.0;0.358;0.0;0.537877
0.0;0.0;0.158;0.0;0.552543
0.0;0.0;0.0;0.0;0.558914
0.0;0.0;0.0;0.0;0.564577
0.0;0.0;0.962999;0.129999;0.530545
0.2;1.0;0.609;1.0;0.478886
1.0;1.0;0.0;0.0;0.493036
0.0;0.360999;0.0;1.0;0.507985
1.0;1.0;1.0;0.8413;0.461881
0.689;0.536;0.0;0.0;0.51368
0.0;0.1841;1.0;1.0;0.485431
1.0;0.545299;1.0;0.482799;0.480269
0.364199;0.5267;0.0;0.5979;0.520276
0.0;1.0;0.686;1.0;0.461195
1.0;0.239;0.829999;0.0;0.476108
0.0;0.0;0.000599;1.0;0.526385
1.0;1.0;1.0;0.0546;0.451659
0.091999;0.382;0.486999;1.0;0.468783
1.0;0.330999;1.0;0.422;0.482653
0.227;0.337;0.337999;0.411999;0.506826
0.585;0.960999;0.0;0.207999;0.500132
0.449999;0.936;0.0;0.0;0.485368
0.0;0.0;0.0;0.0;0.503899
0.0;0.004;0.625;1.0;0.494562
1.0;1.0;1.0;0.664999;0.452305
1.0;0.799;1.0;0.552999;0.43764
0.0;0.0;0.0;0.376;0.5044
0.619999;1.0;0.0;0.0;0.488
0.0;0.0;0.097999;0.09;0.505154
0.057;0.764;0.13;1.0;0.483809
1.0;0.463999;1.0;0.676999;0.482701
0.203999;0.0;0.0;0.0;0.539665
0.0;0.0;1.0;0.478;0.513114
0.605999;0.616;0.0;0.473999;0.537656
0.376;1.0;0.416999;1.0;0.500374
1.0;1.0;1.0;0.3119;0.439937
0.599999;0.147999;0.0;0.0;0.513835
0.0;0.3232;0.0;1.0;0.523429
1.0;1.0;1.0;0.0;0.443833
1.0;0.0;1.0;0.549899;0.483815
0.31;0.195499;0.546;0.5002;0.512435
0.587999;0.772999;0.0;0.0;0.516321
0.0;0.0;0.0;0.0;0.532009
0.0;0.0;0.0;0.0;0.543015
0.0;0.0;0.165599;0.0;0.544341
0.0;0.0;0.3114;0.7102;0.546007
0.713;0.274;1.0;1.0;0.554527
0.468099;1.0;0.315199;0.0;0.511126
0.2188;0.0;0.4485;1.0;0.527842
1.0;1.0;1.0;1.0;0.492878
1.0;0.397199;0.233599;0.787899;0.566177
0.634;0.9201;0.1967;0.0;0.53855
0.0;0.0;0.0;0.563299;0.552194
0.514799;0.0;0.808;0.384;0.560175
0.428;0.777;0.5365;0.7128;0.529335
0.804199;1.0;0.245199;1.0;0.525261
1.0;0.768999;1.0;0.317999;0.483184
0.408;1.0;0.8147;1.0;0.454499
1.0;1.0;0.0;0.0;0.476454
0.0;0.0;0.0;0.0;0.507529
0.0;0.0;0.963099;0.554899;0.47556
0.4452;0.439;0.3119;0.308199;0.492959
0.499799;1.0;0.0;1.0;0.495763
1.0;1.0;1.0;1.0;0.458716
1.0;1.0;0.375299;0.0;0.459166
0.0;0.0;0.302599;1.0;0.490694
1.0;0.741;1.0;0.5382;0.460528
0.253;0.0;0.7377;0.165899;0.486489
0.775999;1.0;0.9183;0.898;0.444399
1.0;0.522;0.0;0.0852;0.51253
0.0;0.0;0.0;0.0;0.538294
0.0;0.0;0.0;0.54;0.549032
0.673;0.768;1.0;1.0;0.507359
0.927;0.922999;0.0;0.744999;0.540142
0.738999;0.241;1.0;0.465;0.535445
0.261;0.759;0.0;0.534999;0.531034
0.738999;0.241;1.0;0.465;0.516136
0.632;0.632;0.0;0.0;0.535508
0.0;0.948999;0.955999;1.0;0.466625
1.0;0.158;0.534;0.194;0.51022
0.095;1.0;0.519999;1.0;0.478913
1.0;1.0;1.0;1.0;0.440963
1.0;0.671999;0.968999;0.192;0.431611
0.222999;0.218;1.0;0.738;0.4373
0.399;0.247;0.0;0.0;0.498502
0.0;1.0;0.0;0.0;0.474359
0.0;0.0;0.0;0.132999;0.485222
0.106999;0.015;0.5922;0.033;0.474085
0.058999;0.9981;0.0;0.802;0.462686
0.802;0.0;1.0;0.143999;0.464685
0.143999;0.0;0.657299;0.387;0.489755
0.768;0.709999;0.4587;0.371;0.488965
1.0;1.0;0.209999;1.0;0.508849
0.069;1.0;1.0;0.218999;0.439127
0.218999;0.0;0.190999;0.402;0.477557
0.402;0.483;0.803;0.801;0.459795
0.813;0.939999;0.661;0.954999;0.458942
0.942999;0.554699;0.744999;0.0;0.459446
0.656199;0.4873;0.713;1.0;0.476126
0.5998;0.765999;0.0;0.052499;0.501277
0.007;0.665;0.924999;1.0;0.450911
1.0;1.0;1.0;1.0;0.425662
1.0;1.0;0.3888;1.0;0.467838
1.0;0.754;1.0;0.567;0.448038
0.476999;0.523999;1.0;1.0;0.449596
0.632;0.0;0.0;0.0;0.535177
0.0;1.0;0.329999;1.0;0.491045
1.0;1.0;1.0;0.876;0.44616
0.811;0.974999;0.909999;0.909;0.435226
0.790999;1.0;0.362;0.0;0.439976
0.0;0.911999;0.558999;1.0;0.420828
1.0;0.442;1.0;0.0;0.391088
0.0;0.973999;0.429;0.441;0.405709
1.0;0.96;0.0;1.0;0.44315
0.111999;1.0;0.873;0.0;0.395809
0.0;0.0;0.783999;1.0;0.396071
0.877;0.5802;0.0;0.613;0.477476
0.991;0.7958;1.0;0.71;0.45168
0.481999;0.0;0.6105;0.215999;0.496475
0.102499;0.010599;0.6735;0.4628;0.503604
0.576999;1.0;0.186299;1.0;0.498591
1.0;1.0;0.9057;0.681999;0.458793
0.652;0.0;0.0;0.0;0.541763
0.0;0.012;0.0;1.0;0.559638
1.0;0.644999;1.0;0.964999;0.550084
0.965999;0.335999;1.0;0.5;0.560178
0.1952;0.1952;0.0;0.0;0.575273
0.0848;1.0;0.326999;1.0;0.518559
1.0;1.0;1.0;0.332599;0.453912
0.204;0.689;0.31;1.0;0.47202
1.0;1.0;0.0;0.0;0.486936
0.0;0.0;1.0;0.738;0.46889
1.0;0.528;0.0;0.173;0.527675
0.0;1.0;1.0;0.671;0.455464
0.671;0.0;0.0;0.195999;0.524373
0.241999;1.0;0.689;1.0;0.475521
1.0;1.0;1.0;1.0;0.443356
1.0;0.747599;0.220999;0.416999;0.494264
0.412999;0.0;1.0;0.553;0.496726
1.0;1.0;1.0;1.0;0.464512
1.0;0.778999;0.0;0.706;0.526275
0.0;0.382;0.674999;1.0;0.507875
0.994;0.238999;0.906;0.680999;0.534646
0.727;1.0;1.0;0.0;0.461341
0.0;1.0;0.595199;0.950999;0.437279
1.0;0.0;1.0;1.0;0.477971
0.866999;0.644999;0.989699;0.644999;0.480451
0.432;1.0;0.0;1.0;0.499265
1.0;1.0;0.706;0.0;0.448211
0.0;1.0;1.0;1.0;0.407101
1.0;1.0;1.0;1.0;0.384764
1.0;0.0;0.0;0.0;0.513019
0.0;0.0;0.611399;0.674099;0.519191
0.5146;1.0;0.5155;1.0;0.48895
1.0;1.0;0.0;1.0;0.524642
1.0;1.0;1.0;0.0;0.45038
0.0;0.0;0.119;0.238;0.495197
0.329999;0.0;0.0;0.0;0.53059
0.0;0.0;0.0;0.0;0.544144
0.0;0.0;0.947299;0.506;0.517623
0.064999;0.0;0.1507;0.513;0.544824
1.0;1.0;0.75;1.0;0.517155
1.0;1.0;1.0;1.0;0.487946
1.0;1.0;1.0;0.0;0.432269
0.0;0.0;0.0;1.0;0.496413
1.0;1.0;1.0;0.76;0.451376
0.873999;0.243;1.0;0.685;0.485317
0.0;0.717999;0.415;0.799999;0.478537
1.0;1.0;0.0;1.0;0.511076
1.0;1.0;1.0;1.0;0.477256
1.0;0.3108;1.0;0.0;0.479667
0.0;1.0;0.920899;1.0;0.439604
1.0;0.0;1.0;0.0;0.455366
0.0;0.0;0.968;0.722999;0.465451
0.783;0.290999;0.403999;0.146;0.507919
0.022;1.0;0.0;0.0;0.488313
0.0;0.0;0.0;1.0;0.501399
1.0;0.075999;0.0;0.0;0.585766
0.0;0.0;0.560799;1.0;0.576548
1.0;1.0;1.0;1.0;0.533594
1.0;0.091;1.0;0.981999;0.581552
1.0;0.807999;1.0;0.719999;0.549589
0.582999;1.0;0.0;0.0;0.533362
0.0;0.0;0.0;1.0;0.547712
1.0;0.436;1.0;0.0;0.525849
0.394;0.0;0.0554;0.0;0.570618
0.0;0.0;0.0;1.0;0.578235
1.0;0.3121;1.0;0.040999;0.577153
0.5869;0.4111;0.0;0.987399;0.596602
0.492099;0.225799;0.0;0.0;0.610767
0.0;0.0;0.0;0.0;0.605242
0.0;0.0;0.0;0.660799;0.603728
0.649;0.694;1.0;0.8079;0.560097
0.822999;0.180999;0.212999;0.0;0.602721
0.0;0.0;0.622;1.0;0.587057
0.882;0.34;0.747;0.119999;0.591324
0.305999;0.305999;0.0;0.0;0.590058
0.0;1.0;0.754099;1.0;0.51259
1.0;0.5407;0.0;0.0;0.55254
0.0;0.313199;0.0;1.0;0.551005
1.0;0.1056;1.0;0.0;0.563942
0.0;0.0;0.069;0.399;0.574644
0.0;1.0;0.473199;1.0;0.502668
1.0;1.0;0.7639;0.0;0.45139
0.0;0.0;1.0;1.0;0.455482
1.0;0.345999;0.444;0.0;0.507711
0.0;0.0;0.0;0.1448;0.53965
0.161199;0.0;0.0;0.0;0.558804
0.254;0.093999;1.0;1.0;0.544642
0.4427;1.0;0.363499;0.6901;0.510307
0.663299;0.8862;0.0;0.0;0.509183
0.052;0.0;0.0;0.0;0.531082
0.0;0.545;1.0;1.0;0.473608
1.0;1.0;1.0;0.776799;0.440566
0.673999;0.015;0.0;0.1799;0.53793
0.215;0.0;1.0;0.2762;0.520994
0.0;0.2202;0.201499;0.4726;0.527553
0.7841;0.985799;0.0;0.9855;0.531952
1.0;1.0;1.0;0.694499;0.482376
0.677999;0.5;0.240399;0.7379;0.525896
0.042;1.0;0.323;0.0;0.48223
0.040999;1.0;0.397999;1.0;0.440557
1.0;0.0;1.0;0.0;0.447662
0.472999;0.5177;0.477099;0.487899;0.47038
0.0;1.0;0.516599;1.0;0.441553
1.0;1.0;1.0;1.0;0.410284
1.0;0.442999;0.0;0.0;0.501727
0.0;0.0;0.442999;0.8892;0.51576
0.878;0.689999;0.0;0.0;0.537322
0.0;0.0;0.9213;1.0;0.522251
0.3086;0.552999;0.0;0.524699;0.533627
1.0;0.548;1.0;0.0;0.496928
0.0;0.495;0.0;0.0;0.507165
0.0;0.0;0.044999;0.5942;0.519772
0.701;0.385;0.855;0.3947;0.508799
0.161;0.879;0.524;0.374099;0.472657
0.271;0.117899;0.495;1.0;0.493537
1.0;1.0;1.0;1.0;0.465514
1.0;0.6534;0.309099;0.0;0.501303
0.0;0.0;0.0;0.3348;0.533803
0.366;0.441;0.0;0.0;0.537489
0.0;0.0;0.0531;1.0;0.550143
1.0;0.445999;1.0;0.0;0.529997
0.0;0.0;0.4595;0.9483;0.540768
0.010399;0.725999;1.0;1.0;0.475727
1.0;0.869799;0.0634;0.516199;0.520559
0.511;0.6297;0.3566;0.0;0.509454
0.0;0.0;0.3411;0.3977;0.518896
0.472;0.0;0.0;0.306199;0.568096
0.325999;0.913499;0.662999;1.0;0.513853
1.0;1.0;1.0;1.0;0.478752
0.0;0.0;0.0;0.0;0.532044
0.659999;1.0;0.314999;1.0;0.507145
1.0;1.0;1.0;1.0;0.472726
1.0;1.0;0.350999;0.501899;0.487472
0.764;0.0;0.654;0.0;0.514226
0.0;0.537199;0.418099;0.305899;0.497161
0.301;0.0;0.0;0.471;0.532271
0.951;1.0;0.3196;1.0;0.528736
0.530999;0.478999;0.905499;1.0;0.515787
1.0;0.837999;1.0;0.0;0.46231
0.0;0.0;0.0;0.0;0.511287
0.0;0.0;0.0;0.0;0.526612
0.0;0.902;0.4915;1.0;0.471936
1.0;0.0;0.8147;0.3797;0.521059
1.0;1.0;1.0;0.494;0.472574
0.033;0.0;0.0;0.085299;0.523858
0.0;0.0;0.0;0.2782;0.538738
0.215;1.0;0.9004;1.0;0.466321
1.0;1.0;1.0;1.0;0.442751
0.853999;0.865899;0.0;0.658;0.502969
1.0;0.4541;1.0;0.494999;0.492282
0.0;0.0;0.0;0.542;0.538023
0.0;1.0;0.451;0.947299;0.478287
1.0;0.0;0.087;0.0;0.567107
0.0;0.0;0.0;0.0;0.576214
0.0;0.0;0.221;1.0;0.575913
1.0;0.695;1.0;0.0;0.529785
0.0;0.0;0.4629;0.7845;0.53996
0.714399;0.817999;0.337599;0.518;0.530709
0.5336;1.0;0.613;1.0;0.493868
1.0;1.0;0.915;1.0;0.470762
1.0;1.0;1.0;0.178899;0.424396
0.144999;0.0;0.0;0.664099;0.496711
0.0;0.0;0.7402;0.0;0.485231
1.0;1.0;1.0;1.0;0.444223
1.0;1.0;0.0;0.0;0.481968
0.0;0.0;0.0;0.0;0.512002
0.0;0.0;0.0;0.0;0.524126
0.0;0.0;0.3547;0.699;0.525327
0.798;1.0;0.0;1.0;0.532521
1.0;0.5728;1.0;0.2299;0.505234
0.158999;0.287999;0.0;0.0;0.52885
0.0;1.0;0.0;1.0;0.49303
1.0;0.527;1.0;0.391399;0.468536
0.406999;0.186999;0.160299;0.1717;0.519751
0.0584;0.747;0.3225;0.596;0.490199
0.0;0.078999;0.210499;0.0;0.502042
0.423999;0.0;0.668999;0.477999;0.513454
0.576999;1.0;0.576999;1.0;0.486444
1.0;0.222;0.0;0.0;0.562687
0.0;0.245599;0.0;0.0;0.559942
0.0;0.0224;0.0;1.0;0.564538
1.0;1.0;1.0;0.0;0.484543
0.0;0.375999;0.0;0.564499;0.505675
0.296999;0.0;1.0;0.608999;0.497793
0.7;0.441;0.016;0.0;0.542004
0.912999;1.0;0.147999;0.933399;0.542007
0.037;0.0;0.0;0.0;0.561161
0.0;0.0;0.230399;0.370999;0.560234
0.269;1.0;0.353999;0.566;0.507362
0.471999;0.0;0.0;0.2869;0.557993
0.299;0.046;1.0;0.963099;0.552948
0.899;0.494;0.882999;0.494;0.549932
0.501999;1.0;0.191;0.670999;0.527878
0.757;0.0;0.408;0.51;0.575177
0.379999;0.0;0.924999;0.578;0.57561
0.81;0.456;0.0;0.552999;0.605856
0.411;1.0;0.010399;0.0;0.557624
0.0;0.0;0.4936;0.588;0.546061
0.694;0.552999;1.0;0.564999;0.511642
0.557;1.0;0.486;0.884999;0.49284
0.897999;0.405;0.279999;0.0;0.523891
0.266;0.483;0.26;0.796199;0.52629
0.524;0.439999;0.0;0.0;0.542928
0.0;0.085999;0.616999;0.933999;0.529911
0.778;0.537999;1.0;0.940299;0.52007
0.0;0.7693;0.0;0.0;0.510062
0.741;0.0357;0.835599;0.031;0.499643
0.0;0.143;0.468;0.861;0.51138
0.891999;0.649999;0.589999;0.811999;0.522922
0.761;1.0;1.0;1.0;0.480013
0.979999;0.947;1.0;0.688;0.451218
0.986;0.238;0.813;0.546;0.493969
0.326999;0.513;0.525999;0.542;0.500886
0.631;1.0;0.209;1.0;0.498275
1.0;1.0;1.0;0.888999;0.459035
1.0;0.402999;1.0;1.0;0.489818
0.707999;1.0;0.888999;1.0;0.469236
1.0;1.0;1.0;0.237499;0.420548
0.006;0.0;0.306899;0.128399;0.470088
0.1508;0.497;0.4297;0.4984;0.456779
0.973199;1.0;0.5574;1.0;0.45165
1.0;0.449999;1.0;0.677999;0.467215
0.299;0.299;0.210999;0.0;0.504519
0.0;0.102099;0.0;0.0;0.519042
0.155;0.0;0.0;0.0;0.537665
0.0;0.0;0.684899;0.575;0.524674
0.1253;1.0;0.4706;1.0;0.478403
1.0;0.814999;0.0;0.0;0.50755
0.0;0.0;0.576;0.900999;0.512905
0.849;0.67;0.635999;1.0;0.522162
1.0;0.665999;0.221;0.0;0.5441
0.0;0.372;0.610999;1.0;0.520138
1.0;0.5865;1.0;0.967799;0.518776
0.887299;0.5129;0.1251;0.0;0.558381
0.0;0.242599;0.0;0.2682;0.557862
0.400499;0.369;0.998199;0.791299;0.523819
0.933;0.67;0.888;0.644;0.511031
0.645999;0.658999;0.431999;0.593999;0.518943
0.616;0.469999;0.706;0.647999;0.514759
0.486999;0.271;0.7822;0.511;0.515829
0.527;0.451;0.3726;0.3395;0.525407
0.283799;1.0;0.4602;1.0;0.489642
1.0;0.748;1.0;0.153999;0.443734
0.214799;0.372;0.391;0.876999;0.47649
0.817999;0.575999;0.742999;0.5457;0.474711
0.575;0.427999;0.0;0.0;0.518756
0.0;0.0;0.491;0.857199;0.521277
0.39;0.1668;0.088999;0.0;0.5513
0.725999;1.0;0.109999;0.1655;0.525151
0.0;0.459999;0.501;1.0;0.501586
1.0;0.635999;1.0;0.631599;0.483148
0.641999;1.0;0.66;1.0;0.472207
1.0;0.498;0.385999;0.0;0.501741
0.0;0.0;0.602999;0.611;0.509419
0.308999;0.42;0.505;0.512999;0.503941
0.611;0.902;0.0;0.1863;0.504877
0.028;0.103999;0.444;0.773899;0.505938
1.0;0.608;0.584;0.0;0.500681
0.0;0.147999;0.054999;0.4575;0.525601
0.360999;0.858;0.0;1.0;0.513716
1.0;0.489;1.0;0.683499;0.511824
0.332;0.351999;0.004;0.364999;0.545131
0.534999;1.0;0.359999;0.495;0.505053
0.465;0.751;0.908;1.0;0.467898
1.0;0.526999;0.15;0.463299;0.528191
0.26;0.948;0.793999;0.0;0.462256
0.0;0.0;0.443899;1.0;0.475679
1.0;0.604599;0.7231;0.3789;0.479801
0.0;0.804;0.459999;0.0;0.458939
0.484;0.0;0.0;0.195999;0.500707
0.361999;0.379999;0.623;0.483;0.490375
0.379;0.355;0.0;0.0;0.519486
0.0;0.0;0.402;0.2059;0.517081
0.129;0.637999;0.393;1.0;0.494166
1.0;0.959;0.672499;0.0;0.453611
0.304;0.0;0.9385;1.0;0.471349
0.688699;1.0;0.364;0.3515;0.46794
0.893299;0.498999;0.082999;0.1067;0.507621
0.0;0.994;0.0;0.0;0.488494
0.0;0.0;0.251;0.488299;0.484227
0.363;1.0;0.451;0.5107;0.448053
0.531;0.0;0.448099;0.574399;0.491734
0.5;0.5468;0.8549;0.4757;0.469945
0.500999;0.726199;0.0;0.0;0.490649
0.0;0.0;0.346999;0.937299;0.502066
0.960999;0.444;0.618;0.026;0.509788
0.028;0.066;0.0;0.0;0.537001
0.0;0.280999;0.451;0.950999;0.517254
0.976999;0.591999;1.0;0.591999;0.504409
0.283;0.365;0.1875;0.2387;0.52755
0.53;0.647999;0.059499;0.091299;0.527482
0.0;0.233999;0.506;0.649;0.510956
0.918999;0.469999;0.484999;0.658;0.53644
0.648;1.0;0.9278;0.778;0.48423
0.658;0.156;0.0;0.0;0.546284
0.0;0.0;0.527;0.539999;0.542338
0.605;0.551;0.843299;0.4449;0.513037
0.417;0.848999;0.3177;0.9191;0.503622
0.988;0.577;0.275999;0.0;0.522913
0.0;0.094999;0.027;0.123;0.541
0.204;0.183999;0.432999;0.381;0.531445
0.194999;0.0;0.019;0.162499;0.559662
0.388999;0.160999;0.659899;0.421499;0.554983
0.383;0.548;0.4457;0.5786;0.538175
0.542;0.639;0.3734;0.342399;0.526421
0.263999;0.328499;0.293;0.492;0.530483
0.571899;1.0;0.128299;0.970999;0.518326
1.0;0.554999;1.0;0.682;0.506274
0.370999;0.875;0.379;1.0;0.500314
1.0;0.5296;1.0;0.2222;0.477974
0.561999;0.354399;0.798299;0.853499;0.493179
0.576999;0.897;0.126999;0.829599;0.507464
0.812;1.0;0.657;0.916399;0.482915
0.975999;1.0;1.0;1.0;0.455259
1.0;0.393;0.8769;0.582999;0.48437
0.586999;1.0;0.6931;1.0;0.469787
1.0;0.510999;1.0;0.674999;0.469588
0.763;0.361;0.0;0.0;0.532328
0.0;0.59;0.0;0.0;0.519906
1.0;0.409999;1.0;1.0;0.499614
0.0;0.59;0.0;0.0;0.513105
0.0;0.0;0.435;0.364999;0.502838
0.334999;1.0;0.0;0.0;0.483881
0.0;0.0;0.1071;1.0;0.500809
1.0;1.0;1.0;0.667;0.452261
0.564;0.0;1.0;1.0;0.495799
0.6931;0.358;0.535;0.0648;0.520329
0.486899;0.57;0.0;0.060199;0.532858
0.0;0.214999;0.0;0.0;0.535278
0.0;0.0;0.309999;0.757999;0.535177
0.757999;0.0;0.551;0.296999;0.578921
0.296999;0.027;0.346;0.155;0.590371
0.093;0.275999;0.381799;0.415;0.568689
0.494;0.4792;0.6872;0.877799;0.551294
0.548;0.409099;0.0;0.0;0.572212
0.0;0.0;0.180999;0.262999;0.572793
0.239;0.813;0.4808;0.804;0.525765
0.774999;0.231999;0.7402;0.552;0.544496
0.544;1.0;0.719;1.0;0.505258
1.0;0.573;1.0;0.363999;0.486793
0.551;0.365799;0.226399;0.2639;0.525285
0.157999;1.0;0.0;0.9021;0.504901
0.788;0.548;1.0;1.0;0.486107
1.0;0.5;0.0;0.0;0.54784
0.0;0.0;0.16;0.734;0.559922
0.733;0.932;0.978999;0.453999;0.491841
0.454999;0.325999;0.482199;0.491;0.509278
0.512;0.242;0.5811;0.326599;0.518979
0.316999;1.0;0.0;1.0;0.508817
1.0;0.695;1.0;0.320999;0.468795
0.378;0.284;0.097;0.085999;0.512607
0.085999;0.431999;0.0;0.0;0.511862
0.0;0.4466;0.0;0.0;0.501595
0.0;0.0;0.725999;0.708999;0.481288
0.547999;1.0;0.3973;0.282;0.458436
0.433;0.6717;0.0;0.0;0.475086
0.0;0.0;0.336999;0.0;0.479029
0.0;0.938;0.529;1.0;0.437813
1.0;0.3523;0.364999;0.0;0.477307
0.0;0.4187;0.001;1.0;0.49981
1.0;0.0;1.0;0.529999;0.538118
0.466999;0.588999;0.0;0.357;0.553189
0.471999;0.584499;0.400299;0.178999;0.530227
0.126999;0.0;0.08;0.0;0.548758
0.0;0.0;0.333999;0.408;0.547276
0.408;0.569;0.462;0.339999;0.525488
0.339999;0.643999;0.553999;0.628;0.500672
0.64;0.547;0.572;0.499;0.499599
0.636;0.223999;0.6906;0.552999;0.518982
0.427999;0.744999;0.2622;0.469999;0.513206
0.387;1.0;0.294199;0.221;0.48046
0.28;0.0;0.0;0.0;0.515784
0.0;0.0;0.828;0.8522;0.500844
1.0;1.0;0.610999;1.0;0.496136
1.0;0.331899;1.0;0.555999;0.513278
0.225;0.4884;0.503699;0.115;0.504746
0.405;0.486499;0.0326;0.0;0.512187
0.144999;0.0;0.0;0.0485;0.535204
0.0;0.130999;0.890999;0.491;0.502895
0.492999;0.420999;0.0;0.104999;0.52989
0.103;0.03;0.736;0.277999;0.51565
0.277999;0.306899;0.608999;0.456;0.50817
0.382;0.2111;0.586;0.481;0.517587
0.568999;1.0;0.2866;1.0;0.50516
1.0;0.761;0.932399;0.481999;0.476988
0.489999;0.371;0.538;0.274999;0.494777
0.267;0.409999;0.422899;0.234999;0.494175
0.237;0.532;0.5071;0.935;0.482629
0.920999;0.455999;0.878;0.573999;0.486849
0.335999;0.375999;0.396;0.167;0.504367
0.415999;1.0;0.099199;0.802;0.492267
0.803;1.0;0.8748;0.677999;0.444038
0.677999;0.0;0.404699;0.099;0.50296
0.097;0.983999;0.4513;0.860999;0.47086
0.865;0.306;0.767;0.604999;0.483967
0.653999;0.440999;0.902999;0.702;0.487106
0.633;0.720999;0.439;0.562999;0.494488
0.580999;0.6385;0.372;0.172;0.491627
0.172;0.163499;0.286;0.845999;0.510614
0.884999;1.0;1.0;0.971;0.4669
0.933;0.176;0.457;0.074999;0.526191
0.070999;0.198999;0.713999;0.771999;0.518121
0.417;0.5362;0.352899;0.0;0.51019
0.663;0.794799;0.340899;0.6811;0.500713
0.351999;0.941;0.322;1.0;0.487261
1.0;0.588999;1.0;0.31;0.459932
0.31;0.239999;0.0;0.0;0.512339
0.0;0.0;0.655;0.3284;0.50046
0.282;0.112999;0.638;0.448599;0.504158
0.501999;0.521;0.57;0.629399;0.503139
0.582;1.0;0.0;0.163;0.499661
0.158;0.0;0.533;0.637;0.505464
0.636;0.556999;0.539999;0.378;0.502525
0.364999;0.314;0.158;0.015;0.522633
0.028;0.035;0.0;0.0;0.53765
0.0;0.0;0.376899;0.543999;0.535811
0.413999;0.482999;0.439;0.493499;0.526817
0.611;0.707;0.1661;0.0;0.520866
0.0;0.0;0.0;0.0;0.539206
0.0;0.0;0.056999;0.826;0.549568
0.826;0.95;1.0;1.0;0.502767
1.0;1.0;0.933999;1.0;0.483291
1.0;0.535999;1.0;0.381;0.481899
0.509999;0.405;0.261;0.0;0.509839
0.493;0.477;0.517899;0.5465;0.501539
0.0;0.048999;0.0;0.0;0.530244
0.0;0.313;0.298999;1.0;0.516845
1.0;0.482999;1.0;0.197;0.499938
0.197;1.0;0.659999;1.0;0.465567
1.0;0.6065;1.0;0.525999;0.452538
0.46;0.176499;0.6171;0.469;0.491084
0.531999;0.428;0.0;0.288;0.528847
0.291;0.870999;0.730999;0.759;0.479268
0.759;0.187;0.2645;0.153999;0.526033
0.153999;0.518999;0.692499;0.859;0.500844
0.856999;0.85;0.909;0.522999;0.461636
0.524999;0.466;0.656999;0.833;0.480188
0.442;0.447799;0.491999;0.374599;0.492464
0.43;1.0;0.142;0.0674;0.476272
0.4;0.0;0.280999;0.364999;0.501178
0.373999;0.889;0.698;1.0;0.467794
1.0;1.0;0.859;1.0;0.450529
1.0;0.564999;1.0;0.683999;0.459535
0.597999;0.843499;0.923999;0.705999;0.441961
1.0;0.5766;0.331099;0.0168;0.474311
0.0;0.426399;0.4039;0.428199;0.475313
0.457;0.4405;0.463999;0.582;0.474592
0.575999;0.2418;0.411;0.453;0.505655
0.546;0.199199;0.0;0.0;0.549076
0.0;0.146;0.073;0.0;0.5482
0.0;0.0;0.562999;0.661899;0.536467
0.4919;0.5669;0.608;0.5358;0.519668
0.6141;0.859999;0.484999;0.4191;0.495784
0.406999;0.921999;0.472999;1.0;0.477095
1.0;1.0;1.0;0.410999;0.425653
0.457999;0.0;0.143;0.0225;0.498037
0.034999;0.228999;0.0;0.0;0.513892
0.088;0.0;0.6111;0.567699;0.505571
0.462;0.771999;0.485899;1.0;0.493421
0.830999;1.0;1.0;0.567;0.443618
0.471;0.286999;0.441;0.411;0.483705
0.408999;0.161;0.0;0.0;0.528638
0.0;0.0;0.0;0.0;0.544144
0.0;0.0;0.430999;0.5498;0.538398
0.541;0.073999;0.7879;0.605199;0.55355
0.515499;0.584;0.3767;0.41;0.545983
0.361499;0.988999;0.3414;0.502699;0.505058
0.609999;0.325;0.55;0.351199;0.509433
0.459;0.311;0.338;0.7851;0.533827
0.686;0.634;0.777999;0.317;0.506161
0.295999;1.0;0.576999;1.0;0.475489
1.0;0.323999;1.0;0.3582;0.47567
0.463;0.616;0.597299;0.6308;0.481828
0.680999;0.669999;0.328;0.4619;0.493421
0.327999;0.311;0.319;0.3106;0.507791
0.236;0.51;0.324999;0.905699;0.506
1.0;0.657499;0.111;0.0;0.529896
0.0;0.0;0.414999;0.412799;0.533651
0.511;0.2862;0.565799;0.5112;0.535233
0.601099;0.631799;0.5852;0.645799;0.522022
0.5469;0.976999;0.189999;0.0962;0.499381
0.203;0.576;0.475;1.0;0.482871
1.0;0.949;1.0;0.682;0.44256
0.728699;0.418999;0.604999;0.114999;0.466256
0.118;0.5407;0.463;1.0;0.468953
0.899999;0.499299;1.0;0.655999;0.462772
0.9633;1.0;0.241;0.884799;0.496666
0.712699;0.420999;0.497;0.0;0.504099
0.0;0.491;0.612;1.0;0.485255
1.0;1.0;1.0;1.0;0.450899
1.0;0.902;1.0;0.234999;0.419782
0.192999;0.301;0.582;0.547899;0.446673
0.631999;0.127699;0.6843;0.6678;0.477628
0.5169;0.5603;0.5056;0.3332;0.48451
0.4971;0.486999;0.240199;0.581099;0.504689
0.484;0.75;0.7159;0.730999;0.477089
0.774999;0.654;0.597999;0.436;0.478302
0.524;1.0;0.772999;1.0;0.4503
1.0;1.0;1.0;0.117799;0.396715
0.139;0.0;0.649;0.5172;0.435098
0.3827;0.996299;0.4307;0.6777;0.426351
0.8943;0.2807;0.301299;0.261299;0.476508
0.010999;0.334699;0.329999;0.375;0.485824
0.478;0.240299;0.0;0.0;0.517707
0.0;0.0;0.0;0.028999;0.535373
0.042999;0.356999;0.536999;0.777999;0.509001
0.832999;0.313;0.776499;0.645;0.529696
0.451999;0.689;0.6315;0.469299;0.50671
0.68;0.366999;0.0;0.0;0.542782
0.0;1.0;0.626999;1.0;0.485049
1.0;1.0;1.0;1.0;0.446402
1.0;1.0;1.0;0.675;0.425227
0.673999;0.0;0.344;0.228;0.501724
0.580999;0.463999;0.692999;0.696099;0.501744
0.083;0.227;0.1663;0.2353;0.52271
0.589999;0.847999;0.2897;0.3339;0.498493
0.329;0.31;0.325;0.2507;0.506236
0.222999;0.1152;0.444999;0.740099;0.517271
0.643999;0.9848;0.573;0.8869;0.490038
1.0;0.544999;0.641;0.0;0.490884
0.0;0.0;0.5383;0.5471;0.504978
0.329299;1.0;0.435199;1.0;0.474243
1.0;0.488999;0.3795;0.0;0.501354
0.0;0.052;0.343;0.7733;0.519635
0.726999;0.878;0.817999;0.816699;0.484268
0.853999;0.299999;0.347;0.108199;0.530978
0.069;0.716999;0.631999;1.0;0.495844
1.0;0.442;1.0;0.4649;0.491522
0.375999;0.61;0.537999;0.444499;0.489883
0.725999;0.552999;0.0;0.406;0.525235
0.191;0.348999;0.784999;0.421999;0.498553
0.499;1.0;0.547;1.0;0.473063
1.0;0.460499;0.677;0.0;0.478254
0.087;0.0309;0.414999;0.6721;0.505663
0.513999;0.427599;0.5341;0.545899;0.50969
0.3077;0.521999;0.559699;0.492;0.497775
0.685299;0.777999;0.5242;0.492999;0.483297
0.606;0.3293;0.386999;0.515999;0.512709
0.473999;1.0;0.652;0.7752;0.474866
0.711;0.411;0.038299;0.765799;0.528182
0.855999;0.602999;1.0;0.456;0.498508
0.576;0.473;0.812299;0.759;0.497045
0.552999;0.564999;0.5221;0.557;0.502427
0.548999;1.0;0.354799;1.0;0.491066
1.0;1.0;1.0;1.0;0.457336
1.0;1.0;1.0;1.0;0.443648
1.0;0.560999;0.932;0.0172;0.437625
0.082;0.076999;0.018599;0.134;0.495611
0.138999;0.036;0.7753;0.402699;0.480519
0.445;0.537;0.6191;0.6403;0.475167
0.495999;0.844999;0.0;0.0;0.485857
0.0;1.0;0.0;1.0;0.467764
1.0;0.956;1.0;0.624899;0.413479
0.501;0.822;0.499;1.0;0.440253
1.0;1.0;0.454999;0.0;0.429554
0.0;0.0;0.0;0.718999;0.483187
0.515;0.425;0.4586;0.0;0.478132
0.517999;1.0;0.53;1.0;0.454749
0.805;0.370099;1.0;0.709999;0.460409
0.417;0.728899;0.518;1.0;0.473921
1.0;0.862;1.0;1.0;0.457816
1.0;0.866999;1.0;0.679199;0.445674
0.717999;0.313;0.7163;0.3823;0.476639
0.276;0.615099;0.5177;0.5595;0.473849
0.613999;0.4529;0.317999;0.366;0.492768
0.359;1.0;0.458999;1.0;0.470044
1.0;0.426;0.264;0.0;0.507577
0.0;0.0;0.0;0.3268;0.537901
0.404999;0.028999;0.5604;0.0;0.541057
0.0;0.0;0.498199;0.6253;0.540404
0.4112;0.564;0.5216;0.4499;0.522314
0.5428;1.0;0.384199;0.900399;0.497551
0.925999;1.0;0.711;0.8653;0.477035
0.899;0.125;0.617999;0.0;0.517361
0.0;0.248999;0.319;1.0;0.523986
1.0;0.98;1.0;1.0;0.486369
1.0;0.512499;1.0;0.662999;0.497405
0.412;0.8783;0.349499;0.344;0.490828
0.471;0.923199;0.5662;1.0;0.464885
1.0;0.668999;0.956299;0.435999;0.445841
0.377;0.216999;0.295999;0.4681;0.496371
0.429;0.521;0.353;0.188899;0.495295
0.302999;0.575;0.619999;1.0;0.479449
0.976999;0.409999;0.9733;0.3142;0.476401
0.348;0.8855;0.5947;0.6533;0.461362
0.570999;1.0;0.407299;1.0;0.456344
1.0;0.841999;1.0;0.996;0.441156
0.972;1.0;1.0;0.968499;0.431754
1.0;0.424;0.731;0.387;0.468625
0.337;0.304999;0.0;0.0;0.51374
0.0;0.0;0.654499;0.301699;0.499023
0.408;0.688;0.4809;0.6145;0.482638
0.6153;0.884;0.5686;0.816499;0.467043
0.777699;0.32;0.039;0.0275;0.523855
0.030999;0.204099;0.727999;0.773899;0.50794
0.9;0.6029;0.301999;0.6171;0.534491
0.531;0.601999;1.0;0.5057;0.493906
0.457999;0.323;0.421999;0.218599;0.509815
0.203099;0.483999;0.5381;0.584699;0.494255
0.7389;0.558999;0.0623;0.5146;0.52699
0.412;0.523099;0.459599;0.0172;0.509079
0.0;0.0;0.0;0.315799;0.532083
0.314999;0.246;0.383;0.046199;0.526486
0.054;0.363;0.469999;0.377899;0.506808
0.397999;0.0;0.410899;0.5253;0.534938
0.1653;0.642;0.407399;0.4805;0.508727
0.8327;0.917;0.5587;1.0;0.495215
1.0;0.528999;0.658;0.0964;0.503193
0.125;0.456999;0.616;0.7695;0.49357
0.736999;0.624;0.724;0.522499;0.481059
0.564999;0.474999;0.423999;0.542;0.501196
0.554;0.399;0.6135;0.376;0.501697
0.469999;0.697;0.386499;0.735099;0.500272
0.564;0.585999;0.575;0.5953;0.494547
0.609999;1.0;0.829999;0.905299;0.457571
0.930999;0.040099;0.0;0.0;0.546671
0.0;0.0;0.0;0.161999;0.564931
0.250999;0.0;0.0;0.0;0.581901
0.0;0.0;0.463999;0.561;0.572045
0.518;0.617999;0.492;0.555999;0.550146
0.587999;1.0;0.608999;0.988;0.510068
1.0;0.578;0.4692;0.242999;0.526761
0.129999;0.109999;0.592799;0.457999;0.52876
0.465999;0.441;0.2719;0.407;0.535302
0.519;1.0;0.8141;1.0;0.485064
1.0;0.412999;1.0;0.665999;0.494055
0.421999;0.510999;0.423;0.298999;0.506769
0.370999;0.49;0.0;0.0;0.519396
0.036;0.533999;0.521;1.0;0.490715
1.0;0.853999;0.798;0.3709;0.460993
0.347999;0.03;0.038999;0.1726;0.524779
0.197999;0.655;0.736;0.785499;0.48361
0.784999;0.427;0.7853;0.795;0.494973
0.301;0.304999;0.494699;0.063999;0.504591
0.576;1.0;0.4375;1.0;0.481553
1.0;0.923;1.0;0.774799;0.448804
0.844499;0.423;0.126199;0.0;0.508372
0.091999;0.025999;0.3678;0.497999;0.52302
0.417;0.447;0.0;0.056;0.534801
0.042;0.0;0.9038;0.586999;0.51312
0.384;0.536;0.287999;0.057;0.510599
0.194999;0.543999;0.106099;0.3001;0.506066
0.33;0.132;0.3534;0.544899;0.520597
0.602999;0.555;0.629499;0.6047;0.512193
0.584999;0.695999;0.7254;0.4033;0.486241
0.43;0.274999;0.198599;0.282599;0.518118
0.182;0.1066;0.572999;0.5314;0.518651
0.481999;0.4144;0.307;0.3172;0.528701
0.344999;0.576999;0.0;0.4402;0.533538
0.581999;0.697;1.0;0.710599;0.485258
0.6052;0.471;0.4542;0.299499;0.501637
0.353799;0.109999;0.098799;0.3215;0.539751
0.266999;0.95;0.711;1.0;0.487022
1.0;0.378199;1.0;0.5276;0.49058
0.584;0.5508;0.3228;0.305699;0.512864
0.403999;0.881999;0.520199;0.9133;0.486507
0.584;0.492;0.547;0.4741;0.491916
0.734999;0.549;0.649299;0.614899;0.494699
0.536999;0.478999;0.459699;0.2755;0.501709
0.231999;0.282199;0.0;0.0;0.523697
0.011;0.0;0.642;0.4452;0.511025
0.275999;0.366;0.347999;0.446299;0.51337
0.512799;0.617999;0.1623;0.3971;0.518321
0.430199;0.385999;0.6297;0.448799;0.507598
0.417;0.658;0.045;0.8018;0.5215
0.822;0.918;1.0;0.647;0.468372
0.539599;0.319999;0.421899;0.361999;0.501548
0.491399;0.228999;0.5779;0.549999;0.515102
0.332999;0.507;0.4512;0.281;0.507189
0.534;0.498;0.3417;0.4368;0.51073
0.447;0.631;0.5738;0.776899;0.497358
0.73;0.863999;0.6435;0.946299;0.485767
0.922999;0.643;0.191999;0.0;0.51188
