<OPEN>;<HIGH>;<LOW>;<CLOSE>;<VOL>;(predicted -> )<CLOSE>
1.0;1.0;1.0;1.0;0.5;1.471293
1.0;1.0;1.0;1.0;0.5;-0.7694663
1.0;1.0;1.0;1.0;0.5;0.93735456
1.0;1.0;1.0;1.0;0.5;0.24027818
0.0;0.0;0.0;0.0;0.5;0.3518998
0.0;0.0;0.0;0.0;0.5;0.5258798
0.0;0.0;0.0;0.0;0.5;0.20194644
0.0;0.0;0.0;0.0;0.5;0.73609346
0.5;0.5;0.5;0.5;0.5;0.27511114
0.0;0.0;0.0;0.0;0.5;0.71063036
0.519;0.519;0.519;0.519;0.5;0.82228774
0.494;0.494;0.494;0.494;0.5;0.9152293
1.0;1.0;1.0;1.0;0.5;-0.064742625
1.0;1.0;1.0;1.0;0.5;-0.24712092
1.0;1.0;1.0;1.0;0.5;0.92002153
0.0;0.0;0.0;0.0;0.5;0.2132892
0.0;0.0;0.0;0.0;0.5;1.1290789
0.622;0.622;0.622;0.622;0.5;-0.9094895
0.822999;0.822999;0.822999;0.822999;0.5;0.40317768
0.268;0.268;0.268;0.268;0.5;0.9155214
0.669;0.669;0.669;0.669;0.5;0.4994511
0.442;0.442;0.442;0.442;0.5;1.1023104
0.762;0.762;0.762;0.762;0.5;0.22549623
0.597;0.597;0.597;0.597;0.5;0.8650958
0.262999;0.262999;0.262999;0.262999;0.5;1.0712624
0.577999;0.577999;0.577999;0.577999;0.5;1.1693478
1.0;1.0;1.0;1.0;0.5;0.05006191
0.689999;0.689999;0.689999;0.689999;0.5;-0.11772519
0.513;0.513;0.513;0.513;0.5;1.3570487
0.015;0.015;0.015;0.015;0.5;0.57592386
0.123999;0.123999;0.123999;0.123999;0.5;-0.24595863
0.0;0.0;0.0;0.0;0.5;0.5301773
1.0;1.0;1.0;1.0;0.5;0.21286005
1.0;1.0;1.0;1.0;0.5;0.573188
1.0;1.0;1.0;1.0;0.5;0.46446913
0.0;0.0;0.0;0.0;0.5;0.22626513
0.0;0.0;0.0;0.0;0.5;0.9444952
0.173;0.173;0.173;0.173;0.5;-0.029313624
0.696999;0.696999;0.696999;0.696999;0.5;-0.3851474
0.289;0.289;0.289;0.289;0.5;0.63713783
0.544;0.544;0.544;0.544;0.5;0.6742119
0.334999;0.334999;0.334999;0.334999;0.5;0.8364915
0.268;0.268;0.268;0.268;0.5;0.35390252
0.555;0.555;0.555;0.555;0.5;0.23990268
0.089999;0.089999;0.089999;0.089999;0.5;1.0015428
0.0;0.0;0.0;0.0;0.5;0.12038344
0.029;0.029;0.029;0.029;0.5;0.6063759
0.312999;0.312999;0.312999;0.312999;0.5;0.8391022
1.0;1.0;1.0;1.0;0.5;0.2978086
0.5;0.5;0.5;0.5;0.5;0.77277416
0.215;0.215;0.215;0.215;0.5;0.32177562
0.891999;0.891999;0.891999;0.891999;0.5;1.1907041
0.508;0.508;0.508;0.508;0.5;0.44198626
1.0;1.0;1.0;1.0;0.5;0.7801711
0.658999;0.658999;0.658999;0.658999;0.5;0.6157457
1.0;1.0;1.0;1.0;0.5;1.2943089
0.257999;0.257999;0.257999;0.257999;0.5;0.7189631
0.486999;0.486999;0.486999;0.486999;0.5;0.5901455
0.0;0.0;0.0;0.0;0.5;0.6722807
0.333;0.333;0.333;0.333;0.5;0.058549613
1.0;1.0;1.0;1.0;0.5;0.770688
0.265;0.265;0.265;0.265;0.5;1.0906279
0.440999;0.440999;0.440999;0.440999;0.5;-0.15447146
0.63;0.63;0.63;0.63;0.5;0.6718218
0.498999;0.498999;0.498999;0.498999;0.5;0.19199842
1.0;1.0;1.0;1.0;0.5;0.056558818
0.967;0.967;0.967;0.967;0.5;0.86604947
1.0;1.0;1.0;1.0;0.5;1.8595635
1.0;1.0;1.0;1.0;0.5;0.48263067
1.0;1.0;1.0;1.0;0.5;0.4668712
0.309999;0.309999;0.309999;0.309999;0.5;-0.37937766
0.402;0.402;0.402;0.402;0.5;0.7261216
0.245999;0.245999;0.245999;0.245999;0.5;0.23100966
1.0;1.0;1.0;1.0;0.5;0.70416325
0.942;0.942;0.942;0.942;0.5;0.04617569
0.646;0.646;0.646;0.646;0.5;0.72504276
0.87;0.87;0.87;0.87;0.5;1.0354877
0.739999;0.739999;0.739999;0.739999;0.5;0.56424135
0.292;0.292;0.292;0.292;0.5;0.8113145
0.509999;0.509999;0.509999;0.509999;0.5;0.46958917
0.0;0.0;0.0;0.0;0.5;1.0888278
0.0;0.0;0.0;0.0;0.5;0.8493244
0.163999;0.163999;0.163999;0.163999;0.5;0.1560449
0.056;0.056;0.056;0.056;0.5;0.51878685
1.0;1.0;1.0;1.0;0.5;0.20288223
0.369;0.369;0.369;0.369;0.5;0.5870878
0.332;0.332;0.332;0.332;0.5;1.087141
0.0;0.0;0.0;0.0;0.5;0.50649637
0.5;0.5;0.5;0.5;0.5;0.63354367
0.5;0.5;0.5;0.5;0.5;-0.04723078
0.5;0.5;0.5;0.5;0.5;0.3655135
0.5;0.5;0.5;0.5;0.5;-0.19077665
0.5;0.5;0.5;0.5;0.5;0.1572668
0.5;0.5;0.5;0.5;0.5;0.19640917
0.5;0.5;0.5;0.5;0.5;0.6411254
0.5;0.5;0.5;0.5;0.5;0.41782254
0.5;0.5;0.5;0.5;0.5;-0.20452744
0.5;0.5;0.5;0.5;0.5;1.28389
0.5;0.5;0.5;0.5;0.5;-0.27187473
0.5;0.5;0.5;0.5;0.5;0.26115173
0.5;0.5;0.5;0.5;0.5;0.655657
0.5;0.5;0.5;0.5;0.5;-0.30173665
0.5;0.5;0.5;0.5;0.5;1.0070443
1.0;1.0;1.0;1.0;0.5;0.4561662
0.3226;0.3018;0.3226;0.2997;0.5;-0.29633647
0.483999;0.483999;0.483999;0.493099;0.5;-0.023776352
0.080999;0.080999;0.080999;0.080999;0.5;0.21851057
0.6907;0.6907;0.6907;0.6907;0.5;1.8865346
0.4021;0.4021;0.4021;0.4021;0.5;0.81485504
0.6398;0.6398;0.6398;0.6398;0.5;-0.026589692
0.523099;0.523099;0.523099;0.523099;0.5;0.36743277
0.459299;0.459299;0.459299;0.459299;0.5;0.32491678
0.442;0.442;0.442;0.442;0.5;0.9812355
0.503499;0.503499;0.503499;0.503499;0.5;1.5299498
0.2972;0.2972;0.2972;0.2972;0.5;0.04069206
0.4756;0.4756;0.4756;0.4756;0.5;0.3597259
0.6336;0.6336;0.6336;0.6336;0.5;0.44710034
0.468599;0.468599;0.468599;0.468599;0.5;-0.09828216
0.5286;0.6026;0.4726;0.5306;0.5;0.49483174
0.2769;0.2029;0.3329;0.274899;0.5;0.42393202
0.6033;0.6033;0.6033;0.6033;0.5;-0.31607157
0.392099;0.392099;0.392099;0.392099;0.5;1.5078007
0.1263;0.1263;0.1263;0.1263;0.5;-0.18119222
0.275199;0.275199;0.275199;0.275199;0.5;0.39634103
0.4282;0.4282;0.4282;0.4282;0.5;1.1019826
0.4953;0.4953;0.4953;0.4953;0.5;-0.18267041
0.6645;0.6645;0.6645;0.6645;0.5;0.7495701
0.3964;0.3964;0.3964;0.3964;0.5;-0.00014311075
0.421099;0.421099;0.421099;0.421099;0.5;0.61877364
0.6291;0.6291;0.6291;0.6291;0.5;1.1032403
0.472799;0.472799;0.472799;0.472799;0.5;0.09880063
0.6168;0.6168;0.6168;0.6168;0.5;0.07801053
0.492599;0.492599;0.492599;0.492599;0.5;0.123774946
0.525099;0.525099;0.525099;0.525099;0.5;1.7039596
0.486;0.486;0.486;0.486;0.5;0.6995141
0.6226;0.6226;0.6226;0.6226;0.5;0.3682136
0.451999;0.451999;0.451999;0.451999;0.5;0.505197
0.6442;0.6442;0.6442;0.6442;0.5;0.8095681
0.091899;0.091899;0.091899;0.091899;0.5;1.9252955
0.910399;0.910399;0.910399;0.910399;0.5;0.34208888
0.9116;0.9116;0.9116;0.9116;0.5;-0.011962712
1.0;1.0;1.0;1.0;0.5;0.76816076
0.216;0.216;0.216;0.216;0.5;0.50749177
0.438599;0.7135;0.4025;0.7014;0.5;0.30151004
0.7494;0.793799;0.785499;0.793499;0.5;0.3340661
0.782399;1.0;0.782399;1.0;0.5;0.6417989
1.0;1.0;1.0;0.0;0.5;0.40928715
1.0;0.450599;0.4004;1.0;0.5;0.2529382
0.0;0.0;0.0;0.0;0.5;0.7592916
0.0;0.0;0.132;0.0;0.5;0.7133483
0.068699;0.5499;0.2207;1.0;0.5;0.13127917
1.0;1.0;1.0;1.0;0.5;0.39407605
1.0;0.0;1.0;0.0;0.5;0.3101527
1.0;1.0;1.0;0.8767;0.5;0.5435228
0.2071;0.375;0.277999;0.549299;0.5;0.51079386
0.5909;0.509;0.655;0.173;0.5;0.49353236
0.728999;0.509;0.739;1.0;0.5;0.5313515
0.459;0.459;0.459;0.459;0.5;1.09514
0.402999;0.402999;0.402999;0.402999;0.5;0.44167632
0.108;0.108;0.108;0.108;0.5;0.7340252
0.553999;0.553999;0.553999;0.553999;0.5;0.64024323
0.0;0.0;0.0;0.0;0.5;0.7635712
0.441999;0.441999;0.441999;0.441999;0.5;0.68148965
0.0;0.0;0.0;0.0;0.5;0.82982177
0.495;0.495;0.495;0.495;0.5;-0.1948834
0.288999;0.288999;0.288999;0.288999;0.5;0.62438244
0.535;0.535;0.535;0.535;0.5;1.3675869
0.601;0.601;0.601;0.601;0.5;0.35653108
0.0;0.0;0.0;0.0;0.5;1.0748327
0.702999;0.702999;0.702999;0.702999;0.5;0.41189784
0.433;0.433;0.433;0.433;0.5;0.45002097
0.111;0.111;0.111;0.111;0.5;0.551784
0.913999;0.913999;0.913999;0.913999;0.5;-0.037181437
0.594;0.594;0.594;0.594;0.5;0.42826527
0.565;0.565;0.565;0.565;0.5;0.7875859
0.518;0.518;0.518;0.518;0.5;1.2222171
0.241;0.241;0.241;0.241;0.5;0.2804219
0.781199;0.781199;0.781199;0.781199;0.5;-0.5069555
0.425799;0.425799;0.425799;0.425799;0.5;0.53160185
0.424;0.424;0.424;0.424;0.5;1.323545
1.0;1.0;1.0;1.0;0.5;1.5174745
0.729499;0.729499;0.729499;0.729499;0.5;0.34234518
0.2615;0.2615;0.2615;0.2615;0.5;0.31088585
0.0;0.0;0.0;0.0;0.5;-0.08367306
0.485;0.485;0.485;0.485;0.5;0.43727154
0.7134;0.7134;0.7134;0.7134;0.5;1.2791932
0.4376;0.4376;0.4376;0.4376;0.5;0.13103479
0.326999;0.326999;0.326999;0.326999;0.5;0.43105477
0.353899;0.353899;0.353899;0.353899;0.5;0.056940287
0.1731;0.1731;0.1731;0.1731;0.5;-0.12682086
0.3686;0.3686;0.3686;0.3686;0.5;1.0029137
0.476399;0.476399;0.476399;0.476399;0.5;-0.078362286
0.6931;0.6931;0.6931;0.6931;0.5;0.57821864
0.5959;0.759899;0.5029;0.533899;0.5;0.7989227
0.3447;0.1807;0.4377;0.4067;0.5;-0.23112899
0.0013;0.0013;0.0013;0.0013;0.5;0.46383137
0.6509;0.8441;0.572599;0.7028;0.5;0.29824966
0.603199;0.521899;0.4485;0.410999;0.5;0.4531383
0.6011;0.4905;0.526699;0.2932;0.5;0.4074692
0.2149;0.461599;0.5223;0.721999;0.5;0.10039207
0.9895;0.8249;0.6617;0.6056;0.5;0.27937883
0.189599;0.270199;0.4878;0.401399;0.5;0.28945798
0.603999;0.5501;0.633599;0.663;0.5;0.80683225
0.5491;0.480499;0.4388;0.401699;0.5;0.47231907
0.3033;0.376899;0.3587;0.4123;0.5;0.67217344
0.6096;0.5133;0.364599;0.224;0.5;0.3862142
0.180899;0.459;0.4573;0.513999;0.5;0.13037914
0.3499;0.3591;0.3734;0.487;0.5;0.46639436
0.7696;0.505199;0.474999;0.416999;0.5;0.5868494
0.3352;0.412199;0.498;0.718;0.5;0.73392385
0.607299;0.4944;0.472;0.228;0.5;0.6476521
0.3823;0.439499;0.612099;0.778399;0.5;0.4528522
0.680099;0.8378;0.6519;0.7374;0.5;1.3913631
0.515899;0.410699;0.5668;0.393;0.5;0.39951795
0.4147;0.312799;0.218999;0.1582;0.5;0.21929139
0.334;0.4993;0.4649;0.518799;0.5;0.13391966
0.5762;0.407;0.266999;0.3061;0.5;1.573938
0.1316;0.4037;0.5304;0.7745;0.5;0.22653335
0.822099;0.587299;0.4259;0.4316;0.5;0.12703532
0.4737;0.452099;0.805899;0.44;0.5;0.27494425
0.481999;0.5699;0.4673;0.5717;0.5;0.897038
0.347;0.513999;0.387699;0.437199;0.5;0.26111597
0.579099;0.342;0.3404;0.4091;0.5;-0.013715088
0.3281;0.349;0.157499;0.403099;0.5;0.81133837
0.452299;0.4862;0.8172;0.5931;0.5;-0.46021348
0.5102;0.503299;0.5;0.5058;0.5;1.0776877
0.5815;0.5528;0.591;0.4895;0.5;0.32733673
0.447899;0.441599;0.4845;0.4732;0.5;0.29201502
0.3099;0.3609;0.079899;0.307299;0.5;0.946784
0.8855;1.0;1.0;1.0;0.5;0.4231035
0.867799;0.5372;0.888999;0.679;0.5;0.17676347
0.606999;0.606999;0.606999;0.606999;0.5;1.5425144
0.4588;0.578399;0.4588;0.337;0.5;0.9871423
0.5468;0.9066;0.5468;0.9831;0.5;0.97889304
0.814499;0.4428;0.156399;0.0;0.5;0.604397
0.4566;0.526399;1.0;1.0;0.5;0.82154864
0.552099;0.5329;0.638;0.629799;0.5;0.9036839
0.616799;0.552699;0.563099;0.475;0.5;0.95326304
0.4511;0.3933;0.4457;0.4239;0.5;0.48004383
0.4845;0.516999;0.494699;0.622199;0.5;0.639069
0.6321;0.914;0.681;0.7239;0.5;1.0100901
0.878699;0.6017;0.739799;0.533;0.5;1.5745519
0.41;0.802699;0.5195;0.867;0.5;0.7318973
0.8227;1.0;0.716999;0.594999;0.5;0.3469407
0.745799;0.0;0.8809;0.684999;0.5;0.62712425
0.5636;0.4397;0.0;0.1059;0.5;0.8597254
0.062;0.055599;0.8481;0.3001;0.5;1.0399938
0.6205;0.8644;0.6949;0.430999;0.5;0.42768115
0.308899;0.069;0.295999;0.5821;0.5;-0.23587352
0.3736;0.347999;0.1079;0.0249;0.5;0.18514389
0.2315;0.209;0.0;0.526199;0.5;0.32286638
0.3619;0.7577;0.8944;0.951699;0.5;0.7260739
0.911299;0.8889;0.599399;0.053;0.5;0.53918356
0.666;0.3765;0.1171;0.574099;0.5;0.56589836
0.0;0.0555;0.882999;0.312;0.5;0.24846786
0.7195;0.498799;0.5577;0.535;0.5;0.7466137
0.358;0.3594;0.0;0.338;0.5;-0.09462839
0.443199;0.533199;1.0;0.863799;0.5;0.38226837
0.5885;0.528;0.4779;0.4088;0.5;0.8651375
0.5347;1.0;0.644199;0.877399;0.5;1.0383904
0.9097;0.650099;0.9108;1.0;0.5;0.5656659
1.0;0.9506;1.0;0.9654;0.5;1.2792945
0.9922;0.6113;0.967199;0.145199;0.5;1.0171413
0.3553;0.1449;0.3303;0.634;0.5;0.19334549
0.4206;0.4834;0.3504;0.398299;0.5;0.47318333
0.505199;0.6006;0.581399;0.5179;0.5;1.2700379
0.520299;0.409299;0.4184;0.2008;0.5;0.88767403
0.2636;0.4767;0.105799;0.052999;0.5;0.579518
0.173;0.0;0.2515;0.7753;0.5;0.6288766
0.564499;0.5383;0.4001;0.2501;0.5;0.79144233
0.079;0.1615;0.320499;0.113599;0.5;0.49579734
0.608499;0.7564;0.7058;0.597;0.5;0.5594849
0.418099;0.306999;0.396999;0.547;0.5;0.36449426
0.5817;0.632;0.6157;0.379;0.5;0.6773769
0.3643;0.418899;0.4022;0.584999;0.5;0.5607843
0.7192;0.5912;0.7192;0.9047;0.5;-0.32173997
0.424499;0.4169;0.287399;0.0;0.5;0.28051132
0.6022;0.561199;0.6606;0.9583;0.5;1.1171043
0.3953;0.3904;0.390499;0.1707;0.5;0.96582174
0.238099;0.367599;0.296399;0.495999;0.5;0.33575886
0.7634;0.7118;0.6778;0.9308;0.5;-0.27808553
0.651399;0.847;0.7622;0.4312;0.5;-0.09481317
0.805099;0.997;0.805099;0.975999;0.5;0.7177114
0.698499;0.741599;0.548;1.0;0.5;0.30595058
0.9855;0.5913;0.267199;0.2281;0.5;-0.4833699
0.561399;0.409099;1.0;0.498;0.5;0.4579007
0.3506;0.4366;0.5837;0.547999;0.5;0.85877174
0.5468;0.474699;0.4314;0.5558;0.5;0.48270816
0.279;0.3597;0.0;0.2332;0.5;-0.105822146
0.540599;0.6733;1.0;0.745999;0.5;0.8728921
0.8453;0.616399;0.6749;0.698399;0.5;1.5423118
0.4323;0.548;0.0;0.4206;0.5;1.281327
0.6754;0.909399;1.0;0.95;0.5;0.24855727
0.826599;0.4741;0.646599;0.572999;0.5;0.31473035
0.2424;0.4858;0.0;0.4512;0.5;1.2951612
0.5117;0.9188;1.0;0.0;0.5;0.83197945
0.351899;0.0;0.1663;0.641999;0.5;0.59546226
0.5246;0.369899;0.504199;0.12;0.5;0.32607907
0.5274;0.485099;0.3868;0.691099;0.5;1.041168
0.1035;0.1113;0.3194;0.0569;0.5;0.16294116
0.2328;0.7475;0.505099;0.727;0.5;0.7818579
0.6855;0.4204;0.6855;0.8751;0.5;0.38850898
0.675799;0.566799;0.4194;0.4133;0.5;0.44105047
0.1704;0.604;0.4268;0.5213;0.5;1.5316664
0.782399;0.539999;0.782399;0.578699;0.5;0.19251102
0.5946;0.2893;0.526199;0.2276;0.5;0.15878075
0.4527;0.515699;0.4318;0.672499;0.5;0.35105342
0.2006;0.728999;0.279199;0.352999;0.5;1.0914505
0.641999;0.0767;0.476199;0.1485;0.5;0.71456426
0.3294;0.298699;0.4282;0.737199;0.5;0.21564358
0.4773;0.5522;0.5473;0.6019;0.5;-0.009310305
0.5732;0.570399;0.559799;0.1849;0.5;0.49451584
0.4553;0.4933;0.3835;0.689399;0.5;0.52556986
0.434799;0.350399;0.4161;0.407299;0.5;1.7373382
0.478;0.4981;0.5671;0.556799;0.5;0.09813306
0.472999;0.831199;0.4955;0.812;0.5;0.58899516
0.8171;0.4835;0.625799;0.0;0.5;-0.16019946
0.2803;0.2165;0.3982;0.575999;0.5;0.22377366
0.4757;0.783999;0.549099;0.646;0.5;0.82466
0.612099;0.3441;0.506499;0.588799;0.5;1.5815972
0.3712;0.2972;0.186199;0.0;0.5;0.33476347
0.314299;0.518699;0.5059;0.922999;0.5;1.4599264
0.470099;0.387;0.0;0.2985;0.5;-0.19425756
0.3077;0.403499;1.0;0.4472;0.5;0.41263694
0.5011;0.5161;0.4864;0.365299;0.5;1.2249947
0.666399;0.727399;0.724399;0.417;0.5;0.94834566
0.4307;0.2373;0.3947;0.692399;0.5;0.573641
0.357299;0.426199;0.460899;0.5581;0.5;0.4965126
0.6028;1.0;0.6028;1.0;0.5;0.88762635
1.0;0.7532;1.0;0.4733;0.5;1.0323524
0.6505;0.489999;0.6505;0.656099;0.5;-0.1889885
0.571099;0.468;0.240499;0.1081;0.5;0.09627339
0.294499;0.2222;0.4824;0.588899;0.5;1.0166585
0.1181;0.3767;0.2608;0.1226;0.5;0.88420504
0.747799;0.485299;0.459199;0.596699;0.5;0.30325645
0.2302;0.2604;0.390799;0.494;0.5;-0.25532848
0.537;0.690899;0.6429;0.6273;0.5;0.47806495
0.670099;0.6796;0.4376;0.318899;0.5;1.0783553
0.2815;0.1169;0.4148;0.5059;0.5;0.7341146
0.4952;0.5688;0.6261;0.530999;0.5;0.5725741
0.499399;0.4262;0.4316;0.430199;0.5;1.1739135
0.5248;0.647499;0.5212;0.7167;0.5;0.13950461
0.616;0.5775;0.6408;0.5183;0.5;-0.29385692
0.5257;0.698499;0.5627;0.787099;0.5;0.21163815
0.804599;0.7004;0.804599;0.504999;0.5;0.47633046
0.5396;0.5941;0.5396;0.6171;0.5;1.1305928
0.6558;0.407399;0.5778;0.3576;0.5;0.4073798
0.450499;0.476199;0.5285;0.598599;0.5;0.39114946
0.4828;0.559;0.4828;0.5572;0.5;0.73899025
0.767099;1.0;0.767099;0.9544;0.5;1.0833561
0.8624;0.735099;0.783899;0.5363;0.5;0.8138477
0.4221;0.5221;0.4635;0.706399;0.5;0.72742695
0.588999;0.2789;0.0;0.399899;0.5;0.5614936
0.4596;1.0;1.0;1.0;0.5;0.6016194
1.0;1.0;1.0;0.811799;0.5;0.30477637
1.0;0.171299;0.392599;0.8559;0.5;0.18178815
0.565299;0.238399;1.0;0.348499;0.5;0.3433823
0.3273;0.2791;0.095299;0.0731;0.5;1.1811793
0.1235;0.2272;0.4331;0.4855;0.5;0.6946146
0.497;0.384;0.575999;0.523;0.5;0.5890905
0.2478;0.491199;0.2658;0.509399;0.5;0.9000361
0.625699;0.497799;0.5517;0.415399;0.5;0.1602351
0.6953;0.5919;0.421499;0.3903;0.5;0.31543964
0.1207;0.146599;0.3373;0.2783;0.5;0.90670586
0.5566;0.582699;0.528599;0.550599;0.5;0.031667918
0.3521;0.424499;0.5113;0.4917;0.5;1.0054648
0.492899;0.4458;0.172699;0.1494;0.5;0.38053387
0.1076;0.077899;0.1754;0.165599;0.5;0.20738834
0.3492;0.414999;0.529499;0.5187;0.5;0.34640425
0.263299;0.2573;0.1961;0.362299;0.5;-0.063347876
0.4211;0.6121;0.5604;0.7321;0.5;0.8328795
0.6938;0.913699;0.539299;0.882099;0.5;0.2926349
1.0;0.668199;0.8583;0.1834;0.5;0.21359915
0.2843;0.1522;0.4435;0.495099;0.5;0.15300506
0.446899;0.7221;0.5916;0.7705;0.5;0.2237677
0.706299;0.555399;0.7073;0.540099;0.5;0.9466648
0.6098;0.5042;0.381;0.389199;0.5;0.4164695
0.2392;0.399;0.5008;0.614;0.5;0.094771355
0.7391;0.584599;0.432199;0.2239;0.5;0.2786457
0.148299;0.2648;0.404;0.6211;0.5;0.6197571
0.5654;0.560299;0.5788;0.582099;0.5;0.8058488
0.6556;0.8119;0.6934;0.5629;0.5;0.23210639
0.666499;0.3808;0.6015;0.5518;0.5;0.591737
0.49;0.504;0.507999;0.559999;0.5;-0.020760357
0.632899;1.0;0.6799;1.0;0.5;0.91198087
0.919699;0.495799;0.764199;0.2998;0.5;-0.005304873
0.369;0.332899;0.062599;0.1555;0.5;0.6644785
0.0405;0.0849;0.099;0.005299;0.5;0.84763163
0.0;0.0;0.0;0.2019;0.5;1.3175249
0.738699;0.6736;0.643599;0.432499;0.5;0.11382693
0.595;0.305399;0.4695;0.5448;0.5;0.5692124
0.553999;0.6352;0.4224;0.305199;0.5;0.124794185
0.1582;0.172699;0.4595;0.489899;0.5;1.17172
0.3306;0.4098;0.381499;0.430099;0.5;0.42692417
0.4923;0.3743;0.4055;0.3333;0.5;0.2606153
0.483699;0.4894;0.465799;0.521899;0.5;0.45701855
0.6448;0.6828;0.6702;0.7885;0.5;0.69314235
0.6059;0.4737;0.456;0.4116;0.5;-0.16052133
0.360999;0.6267;0.590199;0.527899;0.5;0.94884634
0.4707;0.292999;0.4193;0.4357;0.5;0.34416312
0.581199;0.5986;0.56;0.5871;0.5;0.20188683
0.5102;0.550999;0.523699;0.526;0.5;0.2694189
0.5062;0.4192;0.5119;0.388999;0.5;0.34207696
0.529199;0.469999;0.582599;0.594799;0.5;0.108754605
0.5053;0.5649;0.4514;0.4365;0.5;0.96297264
0.114799;0.163999;0.1687;0.2669;0.5;0.46722883
0.588999;0.7473;0.571999;0.707599;0.5;1.2489378
0.8481;0.5838;0.7059;0.576899;0.5;0.5437493
0.575199;0.6036;0.4581;0.3884;0.5;0.21481508
0.1372;0.189599;0.3674;0.3413;0.5;0.5749523
0.2557;0.268999;0.1509;0.2145;0.5;-0.1628936
0.4483;0.8207;0.5992;0.996399;0.5;0.98504424
0.931999;0.5154;0.8059;0.4638;0.5;0.20022982
0.3692;0.5912;0.448499;0.544999;0.5;0.335437
0.656799;0.4051;0.581;0.5115;0.5;0.6461322
0.6724;0.8203;0.710699;0.369199;0.5;-0.43383247
0.461499;0.371099;0.3516;0.312999;0.5;0.61408275
0.2877;0.315999;0.4131;0.7775;0.5;1.1693954
0.4465;0.569;0.5153;0.4626;0.5;1.1383653
0.663;0.642999;0.559;0.4513;0.5;0.29309386
0.406399;0.265;0.314999;0.337899;0.5;0.20002717
0.3558;0.3344;0.4543;0.4182;0.5;-0.47985917
0.392599;0.5443;0.4875;0.6082;0.5;0.8854448
0.8249;0.9513;0.8269;0.796299;0.5;0.6894409
0.384799;0.072599;0.2303;0.0;0.5;0.35510653
0.062799;0.2291;0.116399;0.062;0.5;0.049352616
0.465299;0.377299;0.4542;0.8004;0.5;-0.023508132
0.3959;0.4725;0.507899;0.523599;0.5;0.17259115
0.4877;0.338;0.0512;0.0;0.5;0.0511944
0.0;0.087499;0.235599;0.6433;0.5;-0.21765834
0.555599;0.422;0.3073;0.0;0.5;1.6296803
0.1745;0.1479;0.3138;0.7637;0.5;0.41596884
0.493099;0.4742;0.6173;0.556899;0.5;-0.014847577
0.6592;0.6052;0.420299;0.1684;0.5;-0.31518942
0.002199;0.2925;0.0;0.190299;0.5;0.69178337
0.3064;0.108699;0.9308;0.3947;0.5;0.932914
0.459;0.6187;0.654499;0.8178;0.5;0.6082296
0.7466;0.5966;0.5527;0.417199;0.5;-0.055533707
0.404199;0.4438;0.591;0.7169;0.5;1.3074577
0.7639;0.8124;0.747599;0.6889;0.5;-0.2536059
0.3426;0.481999;0.213699;0.241799;0.5;0.45238727
0.4514;0.306999;0.5275;0.6454;0.5;0.05712506
0.9229;0.7432;0.7325;0.532999;0.5;0.03054139
0.213299;0.2728;0.245;0.239;0.5;0.62974685
0.3022;0.2878;0.3627;0.368;0.5;0.34480685
0.4421;0.488199;0.5261;0.5717;0.5;-0.08285648
0.4176;0.489999;0.0122;0.471699;0.5;1.1944115
0.5703;0.6072;0.923999;0.7312;0.5;-0.12888914
0.6644;0.998799;0.8199;0.5656;0.5;0.6344735
0.593399;0.177199;0.524799;0.604799;0.5;0.39052957
0.413899;0.4514;0.379799;0.4457;0.5;0.72537655
0.744;1.0;0.8455;1.0;0.5;0.45884246
0.8298;0.4389;0.8;0.4239;0.5;0.0317156
0.5046;0.818999;0.535599;0.559799;0.5;0.52796
0.627399;0.491;0.5762;0.476199;0.5;-0.07366544
0.6841;0.606999;0.610599;0.5865;0.5;0.13563031
0.3706;0.8038;0.4953;0.916399;0.5;0.6081521
0.9877;0.438199;0.846;0.5463;0.5;0.44788712
0.4489;0.7499;0.5906;0.6798;0.5;0.13720983
0.712299;0.6751;0.712299;0.620999;0.5;0.5086362
0.6517;0.5622;0.439399;0.3393;0.5;-0.040596783
0.3506;0.409799;0.4656;0.568099;0.5;0.42986268
0.4726;0.2828;0.5699;0.5547;0.5;0.49520725
0.586099;0.8942;0.586099;0.6872;0.5;0.3727495
0.7174;0.573999;0.646699;0.4431;0.5;0.12164706
0.377599;0.1171;0.2651;0.267199;0.5;1.1206269
0.3553;0.6404;0.439399;0.808399;0.5;-0.33984786
0.8005;0.7635;0.7567;0.431;0.5;0.62795275
0.311599;0.099;0.2635;0.123;0.5;-0.6662787
0.267499;0.507999;0.292899;0.218;0.5;1.0953963
0.3353;0.135999;0.2667;0.413499;0.5;0.57152504
0.1747;0.341;0.391999;0.3808;0.5;0.32818907
0.4513;0.2224;0.320999;0.487299;0.5;0.080001324
0.5211;0.7876;0.6683;0.6804;0.5;0.74646467
0.7028;0.645;0.5594;0.4752;0.5;0.25305146
0.3806;0.456699;0.5102;0.7303;0.5;0.17434949
0.7988;0.6825;0.8126;0.604699;0.5;-0.03811723
0.523;0.320799;0.4177;0.2818;0.5;1.6647099
0.3919;0.418;0.432199;0.56;0.5;0.28138155
0.548099;0.898;0.613099;0.5886;0.5;0.41675562
0.5017;0.256;0.4619;0.386799;0.5;0.43036336
0.3908;0.550999;0.3497;0.4139;0.5;0.8060693
0.5119;0.59;0.5928;0.5805;0.5;0.49439067
0.590499;0.250399;0.420999;0.377499;0.5;0.8147597
0.331099;0.4956;0.1648;0.1715;0.5;0.29116863
0.1989;0.277999;0.3109;0.139199;0.5;0.7618188
0.181999;0.097599;0.405799;0.7786;0.5;-0.6438197
0.716699;0.5425;0.6029;0.404699;0.5;0.66192144
0.4186;0.471899;0.271099;0.0207;0.5;0.42173856
0.0487;0.249;0.2307;0.5563;0.5;0.5885183
0.5089;0.244199;0.3614;0.480499;0.5;0.020861596
0.560199;0.7773;0.7667;0.7404;0.5;1.1519134
0.7021;0.666499;0.6171;0.4175;0.5;0.50778383
0.248799;0.515699;0.354099;0.7667;0.5;0.087720126
0.9217;0.6013;0.877099;0.539099;0.5;0.02079007
0.549999;0.617999;0.4542;0.3851;0.5;0.40015572
0.2937;0.15;0.2674;0.287199;0.5;0.043809384
0.3066;0.445499;0.4695;0.6094;0.5;0.91876984
0.64;0.630499;0.5581;0.3931;0.5;0.20351404
0.223099;0.281;0.052299;0.0;0.5;0.8017003
0.4;0.1766;0.218399;0.402699;0.5;-0.6237687
0.1369;0.273399;0.5129;0.564;0.5;0.92005134
0.6084;0.664;0.5839;0.5766;0.5;-0.1398266
0.4816;0.488;0.336099;0.229699;0.5;1.2223125
0.285899;0.215999;0.3748;0.4373;0.5;0.52909845
0.4861;0.652;0.591799;0.7163;0.5;0.88956946
0.7146;0.751999;0.6371;0.2414;0.5;0.4564225
0.375299;0.267;0.4296;0.682599;0.5;0.85399145
0.5792;0.609999;0.6399;0.8241;0.5;0.03195402
0.8382;0.625999;0.562;0.5062;0.5;0.5011975
0.436699;0.54;0.657899;0.529399;0.5;0.3007173
0.5433;0.382899;0.3468;0.2498;0.5;1.2195349
0.224799;0.435099;0.354699;0.2539;0.5;0.31822318
0.3641;0.1655;0.3166;0.464199;0.5;0.47926897
0.2653;0.503499;0.3727;0.4704;0.5;-0.28503543
0.5591;0.5192;0.7227;0.520399;0.5;0.7374763
0.5626;0.557099;0.460699;0.6935;0.5;0.34502143
0.601399;0.591699;0.5395;0.4035;0.5;0.66782826
0.4257;0.58;0.424199;0.239999;0.5;0.36982888
0.355;0.135999;0.305499;0.597799;0.5;0.3096699
0.552199;0.4553;0.4489;0.3411;0.5;-0.2070666
0.3355;0.617799;0.5459;0.6671;0.5;0.97361803
0.762;0.4539;0.7638;0.657;0.5;0.08237955
0.4968;0.645;0.248899;0.271599;0.5;0.7325589
0.309099;0.282999;0.0602;0.0;0.5;1.0321438
0.0;0.0;0.334699;0.669;0.5;0.22564524
0.639499;0.6937;0.5324;0.4875;0.5;0.5697667
0.381;0.2375;0.291899;0.2892;0.5;0.03759858
0.2335;0.4055;0.462;0.2593;0.5;0.44247502
0.624699;0.637;0.617;0.629999;0.5;0.031721562
0.3632;0.547;0.3672;0.475;0.5;1.0177374
0.5046;0.37;0.480799;0.428899;0.5;0.7149815
0.287399;0.059599;0.329499;0.3474;0.5;0.35082096
0.525;0.477799;0.4451;0.5228;0.5;-0.09821659
0.431099;0.421199;0.4473;0.2469;0.5;0.3578543
0.4681;0.7424;0.543599;0.8504;0.5;0.3363132
0.7931;1.0;0.7931;0.790599;0.5;0.72666997
1.0;0.262;0.916599;0.617;0.5;0.3180861
0.3486;0.550999;0.507899;0.673;0.5;0.39625162
0.697099;0.625;0.639099;0.483999;0.5;0.28765792
0.4554;0.5062;0.5308;0.513;0.5;1.1900425
0.407299;0.2828;0.350999;0.702999;0.5;0.504744
0.5886;0.389599;0.5668;0.201999;0.5;1.039213
0.322199;0.295;0.3904;0.5441;0.5;0.017684668
0.5573;0.729399;0.515899;0.4069;0.5;0.9695053
0.451999;0.3416;0.4141;0.4871;0.5;0.3231644
0.3641;0.445799;0.485299;0.5669;0.5;-0.10037428
