<ask>;(predicted -> )<ask>

0.0;2.0025377
0.0;0.63766
0.0;0.8785254
0.0;0.4365033
0.0;0.31054974
0.0;0.26316404
0.0;1.6487932
0.0;1.2759483
0.0;0.56254625
0.0;0.8304155
0.0;1.1041588
0.0;0.6016767
0.0;1.5033817
0.0;1.0721928
0.0;0.63766
1.999999;1.0081476
0.0;0.41651785
0.0;0.5216932
0.0;0.06540182
0.0;0.5295938
0.0;1.5526241
0.0;0.7987803
0.0;1.4667368
0.0;0.45024812
0.0;0.45024812
0.0;0.45024812
0.0;0.45024812
0.0;0.45024812
0.0;0.45024812
0.0;0.45024812
0.0;0.45024812
0.0;0.45024812
0.0;0.45024812
0.0;0.45024812
0.0;0.45024812
0.0;0.5621737
0.0;0.40169418
0.0;0.8646971
0.0;0.38148224
0.0;-0.18429995
0.0;0.19821885
0.0;-0.8191401
0.0;0.31943083
0.0;1.8028921
0.0;1.3474679
0.0;1.7911738
0.0;1.0081476
0.0;0.45024812
5.0;0.45024812
0.0;0.45024812
0.0;0.45024812
0.0;0.45644403
0.0;0.523842
0.0;-0.019341111
0.0;0.4753238
0.0;1.8368101
0.0;0.6874925
0.0;1.7200774
0.0;0.8881992
0.0;0.58626294
0.0;0.5698091
0.0;0.3194338
0.0;1.8028921
0.0;1.3474679
0.0;1.7911738
0.0;1.0081476
0.0;0.45025706
0.0;0.45024514
0.0;0.45027196
0.0;0.45024514
0.0;0.45018256
0.0;0.45023024
1.0;0.45019448
0.0;0.45024812
0.0;0.45024812
0.0;0.45024812
0.0;0.45024812
0.0;0.45024812
0.0;0.45024812
0.0;0.45024812
0.0;0.45024812
0.0;0.45024812
0.0;0.45024812
0.0;0.45024812
0.0;0.45024812
0.0;0.55302143
0.0;0.41003585
0.0;0.9639716
0.0;0.47852755
0.0;-0.64372957
0.0;-0.31637192
0.0;-0.6639862
0.0;1.7670548
-1.0;0.8780217
0.0;1.686672
0.0;0.45024812
0.0;0.45024812
0.0;0.45024812
0.0;0.55302143
0.0;0.41003585
0.0;0.9639716
0.0;0.36332667
0.0;-0.82375646
-0.06037;0.08986059
0.0;-0.7284397
0.0;0.45024812
0.0;0.45024812
0.0;0.45024812
0.0;0.45024812
0.0;0.45272768
0.0;0.4488206
0.0;0.4589653
0.0;0.5230433
0.0;-0.035461187
0.0;0.5477673
0.060375;1.7536736
0.0;0.8780217
0.0;1.686672
-0.06037;0.5394882
0.0;0.51241875
0.0;-0.13420224
0.0;0.5897796
0.0;1.2447244
0.0;0.6658411
0.0;2.5104709
0.0;0.33548534
0.0;-0.87914705
0.0;0.16293588
0.0;-0.57236195
0.0;0.9080446
0.0;-1.2401156
0.0;0.3966397
0.0;0.7101482
0.0;-0.3703916
0.0;0.93305767
0.0;0.5760914
0.0;0.96178114
0.0;1.7331457
0.0;0.48968256
0.0;0.8881992
0.0;0.6205654
0.0;0.49104452
0.0;0.4753238
0.0;1.8368101
0.0;0.6874925
0.0;1.7200774
0.0;1.073969
0.0;0.7248944
0.0;1.0903811
0.0;0.9183264
0.0;-0.22571921
0.0;0.03458622
0.0;0.19517604
0.0;-1.2807869
0.0;0.7181114
0.0;2.4847634
0.0;1.2092537
0.0;2.5766678
0.0;0.45644403
0.0;0.523842
0.0;-0.019341111
0.0;0.55305123
0.0;1.7670548
0.0;0.8780217
0.0;1.686672
0.0;0.55302143
0.0;0.41003585
0.0;0.9639716
0.0;0.36332667
0.0;-0.82375646
0.0;0.08986059
0.0;-0.7284397
0.0;0.45024812
0.0;0.45024812
0.0;0.45024812
0.0;0.45024812
0.0;0.45024812
0.0;0.45024812
0.0;0.45024812
0.0;0.45024812
0.0;0.45024812
0.0;0.45024812
0.0;0.45024812
0.0;0.45024812
0.0;0.45024812
0.0;0.45024812
0.0;0.45024812
0.0;0.45024812
0.0;0.45024812
0.0;0.45024812
0.0;0.45029283
0.0;0.4502213
0.0;0.45036435
0.0;0.45022428
0.0;0.44990242
0.0;0.4501468
0.0;0.44993818
0.0;0.45024812
0.0;0.45020342
0.0;0.45027494
0.0;0.45012593
0.0;0.45026898
0.0;0.45060277
0.0;0.45034945
0.0;0.45056105
0.0;0.45024812
0.0;0.45024812
0.0;0.45024812
0.0;0.45024812
0.0;0.45024812
0.0;0.45024812
0.0;0.45024812
0.0;0.45024812
0.0;0.45024812
0.0;0.45024812
0.0;0.45024812
0.0;0.45024812
0.0;0.45024812
0.0;0.45024812
0.0;0.45024812
0.0;0.45024812
0.0;0.45024812
0.0;0.45024812
0.0;0.45024812
0.0;0.45024812
0.0;0.8595264
0.0;0.3933406
0.0;-0.4382813
0.0;0.7181114
0.0;2.4847634
0.0;1.2092537
0.0;2.5766678
0.0;0.45024812
0.0;0.45024812
0.0;0.45024812
0.0;0.45024812
0.0;0.45024812
0.0;0.45024812
0.0;0.45024812
0.0;0.45024812
0.0;0.45024812
0.0;0.45024812
0.0;0.45024812
0.0;0.45024812
0.0;0.45024812
0.0;0.45024812
0.0;0.45024812
0.0;0.45024812
0.0;0.45024812
0.0;0.45024812
0.0;0.45024812
0.0;0.45024812
0.0;0.45024812
0.0;0.45024812
0.0;0.45024812
0.0;0.42552412
0.0;0.52307606
0.0;0.042200714
0.0;0.5357331
0.0;1.6131258
0.0;0.8205807
0.0;1.5275693
0.0;0.45024812
0.0;0.45024812
0.0;0.45024812
0.0;0.45024812
0.0;0.45024812
0.0;0.45024812
0.0;0.45024812
0.0;0.45024812
0.0;0.45024812
0.0;0.45024812
0.0;0.45024812
0.0;0.45024812
0.0;0.45024812
0.0;0.45024812
0.0;0.45024812
0.0;0.45024812
0.0;0.45024812
0.0;0.45029283
0.0;0.4502213
0.0;0.45031965
0.0;0.45025706
0.0;0.44977725
0.0;0.45016766
0.0;0.45028985
0.0;0.45630097
0.0;0.44716954
0.0;0.46567678
0.0;0.44763744
-0.011;0.40562212
0.0;0.43738842
0.0;0.41078687
0.0;0.45024812
0.0;0.45024812
0.0;0.45024812
0.0;0.45024812
0.0;0.45024812
0.0;0.45024812
0.0;0.45024812
0.0;0.45024812
0.0;0.45024812
0.0;0.45024812
0.0;0.45024812
0.0;0.45024812
0.0;0.45024812
0.0;0.45024812
0.0;0.45024812
0.0;0.45024812
0.0;0.45024812
0.0;0.45024812
0.0;0.45024812
0.0;0.45024812
0.0;0.45024812
0.0;0.45024812
0.0;0.45024812
0.0;0.45024812
0.0;0.45024812
0.0;0.45024812
0.0;0.45024812
0.0;0.45024812
0.0;0.45024812
0.0;0.45024812
0.0;0.45024812
0.0;0.45024812
0.0;0.45024812
0.0;0.45024812
0.0;0.45024812
0.0;0.45024812
0.0;0.45024812
0.0;0.45024812
0.0;0.45024812
0.0;0.45024812
0.0;0.4587239
0.0;0.44545293
0.0;0.4721409
0.0;0.44654667
0.0;0.38696885
0.0;0.43202698
0.0;0.5102134
0.0;0.41003585
0.0;0.9639716
1.812;0.36332667
0.0;-0.82375646
0.0;0.08986059
0.0;-0.7284397
0.0;0.39804935
0.0;0.5142665
0.0;0.13641778
0.0;0.5120194
0.0;1.3603693
0.0;0.7319844
0.0;1.2786245
0.0;0.45024812
0.0;0.45024812
0.0;0.45024812
0.0;0.45024812
1.0;0.45024812
0.0;0.45024812
0.0;0.45024812
0.0;0.45024812
0.0;0.45024812
0.0;0.45024812
0.0;0.45024812
1.813;0.45024812
0.0;0.45024812
0.0;0.45024812
0.0;0.45024812
0.0;0.45024812
0.0;0.45024812
1.812;0.45024812
0.0;0.45024812
0.0;0.45024812
0.0;0.45024812
-3.626;0.45024812
0.0;0.45024812
0.0;0.45024812
0.0;0.45024812
0.0;0.45024812
0.0;0.45024812
0.0;0.45024812
0.0;0.45024812
0.0;0.45024812
0.0;0.45024812
0.0;0.45024812
0.0;0.45024812
-1.812;0.45024812
0.0;0.45024812
0.0;0.45024812
0.0;0.45024812
1.812;0.45024812
0.0;0.45024812
0.0;0.45024812
0.0;0.45024812
0.0;0.45024812
0.0;0.45024812
0.0;0.45024812
0.0;0.45024812
0.0;0.45024812
0.0;0.45024812
0.0;0.45024812
0.0;0.45024812
0.0;0.45024812
5.0;0.45024812
0.0;0.45024812
0.0;0.45024812
0.0;0.45024812
0.0;0.45024812
0.0;0.45024812
1.0;0.45024812
0.0;0.45024812
0.0;0.45024812
0.0;0.45024812
0.0;0.45024812
1.810999;0.45024812
0.0;0.45024812
0.0;0.45024812
0.0;0.45024812
-1.81099;0.45024812
0.0;0.45024812
0.0;0.45024812
0.0;0.45024812
1.812;0.45024812
0.0;0.45024812
1.0;0.45024812
0.0;0.45024812
0.0;0.45024812
0.0;0.45024812
1.812;0.45024812
0.0;0.45024812
0.0;0.45024812
0.0;0.45024812
0.0;0.45024812
0.0;0.45024812
0.0;0.45024812
0.0;0.45024812
0.0;0.45024812
1.0;0.45024812
0.0;0.45024812
0.0;0.45024812
0.0;0.45024812
1.812;0.45024812
0.0;0.45024812
0.0;0.45024812
0.0;0.45024812
0.0;0.45024812
0.0;0.45024812
0.0;0.45024812
0.0;0.45024812
0.0;0.45024812
0.0;0.45024812
0.04613;0.45024812
1.812;0.45024812
0.0;0.45024812
0.0;0.45024812
0.0;0.45024812
0.0;0.45024812
0.0;0.45024812
0.0;0.45024812
0.0;0.45024812
0.0;0.45024812
0.0;0.45024812
0.0;0.45024812
0.0;0.45024812
0.0;0.45024812
0.0;0.45024812
0.0;0.45024812
0.0;0.45024812
0.0;0.45024812
0.0;0.45024812
0.0;0.45024812
0.0;0.45024812
0.0;0.45024812
0.0;0.45024812
0.0;0.55678844
0.0;0.3063655
0.0;0.8448309
0.0;-0.18026769
0.0;-0.30226052
0.0;1.5650755
0.0;0.45048654
0.0;1.5650189
0.0;0.16035202
0.0;1.2505239
0.0;0.031299025
0.0;-1.0231668
0.0;0.5662745
0.354841;-0.605675
0.0;1.2786245
-0.35484;0.45024812
0.0;0.45024812
1.812;0.45024812
0.0;0.45024812
0.0;0.45024812
0.0;0.45024812
1.0;0.45024812
0.0;0.45024812
0.0;0.45024812
0.0;0.45024812
0.0;0.45024812
0.0;0.45024812
0.0;0.45024812
0.0;0.55678844
0.0;0.4016167
-1.812;0.7836735
0.0;0.39545655
1.812;-0.27072668
0.0;0.3113097
0.0;-0.61451435
0.0;0.5120194
1.0;1.3603693
0.0;0.7319844
1.812;1.2786245
0.0;0.55298567
0.0;0.41006267
0.0;0.9641862
0.0;0.36328793
9.999993;-0.82416177
0.0;0.08974138
0.0;-0.7288569
0.0;0.45024812
0.0;0.45024812
0.0;0.45024812
0.0;0.45024812
0.0;0.45024812
1.812;0.45024812
0.0;0.45024812
0.0;0.45024812
1.0;0.45024812
0.0;0.45024812
0.0;0.45024812
0.0;0.45024812
0.0;0.45024812
0.0;0.45024812
0.0;0.45024812
0.0;0.45024812
0.0;0.45024812
0.0;0.45024812
0.0;0.45024812
1.812;0.45024812
0.0;0.45024812
0.0;0.45024812
0.0;0.45024812
0.0;0.45024812
0.0;0.45024812
0.0;0.45024812
1.0;0.45024812
0.0;0.45024812
0.0;0.45024812
0.0;0.45024812
0.0;0.45024812
0.0;0.45024812
0.0;0.45024812
0.0;0.45024812
0.0;0.45024812
0.0;0.45024812
0.0;0.45024812
0.0;0.45024812
0.0;0.45024812
0.0;0.45024812
0.0;0.45024812
0.0;0.45024812
1.812;0.55678844
0.0;0.4016167
0.0;0.7836735
1.0;0.39545655
0.0;-0.43934226
1.812;0.19970897
0.0;-0.35183072
0.0;0.45024812
0.0;0.45024812
0.0;0.45024812
0.0;0.45024812
1.0;0.45024812
0.0;0.45024812
0.0;0.45024812
0.0;0.45024812
0.0;0.45024812
0.0;0.45024812
0.0;0.45024812
0.0;0.45024812
0.0;0.45024812
1.812;0.45024812
0.0;0.45024812
1.0;0.45024812
0.0;0.45024812
0.0;0.45024812
0.0;0.45024812
0.0;0.45024812
0.0;0.45024812
0.0;0.45024812
0.0;0.45024812
0.0;0.45024812
0.0;0.45024812
0.0;0.45024812
0.0;0.45024812
1.812;0.45024812
0.0;0.45024812
0.0;0.45024812
0.0;0.45024812
0.0;0.45024812
1.0;0.45024812
0.0;0.45024812
0.0;0.45024812
0.0;0.45024812
0.0;0.45024812
0.0;0.45024812
0.0;0.45024812
0.0;0.45024812
1.812;0.45024812
0.0;0.45024812
0.0;0.45024812
0.0;0.45024812
0.0;0.45024812
0.0;0.45024812
0.0;0.45024812
0.0;0.45024812
0.0;0.45024812
0.0;0.45024812
0.0;0.45024812
1.0;0.45024812
0.0;0.45024812
0.0;0.45024812
0.0;0.45024812
1.812;0.45024812
0.0;0.45024812
0.0;0.45024812
0.0;0.45024812
0.0;0.45024812
0.0;0.45024812
0.0;0.45024812
0.0;0.45024812
0.0;0.45024812
0.0;0.45024812
0.0;0.45024812
1.0;0.45024812
0.0;0.45024812
0.0;0.45024812
0.0;0.45024812
0.0;0.45024812
2.028999;0.45024812
0.0;0.45024812
0.0;0.45024812
0.0;0.45024812
-2.02499;0.45024812
0.0;0.45065045
0.0;0.45001864
0.0;0.45129716
0.0;0.45006633
0.0;0.44721127
0.0;0.44937193
2.024999;0.44756293
0.0;0.45024812
1.0;0.45214355
0.0;0.44687748
2.029;0.45651853
0.0;0.4434234
0.0;0.43694735
0.0;0.4634893
0.0;0.4426098
0.0;0.46791792
0.0;0.44892788
0.0;0.45624137
0.0;0.44923186
0.0;0.43288827
0.0;0.44523835
0.0;0.43489397
0.0;0.45024812
1.0;0.45024812
0.0;0.45024812
2.028999;0.45024812
0.0;0.45024812
0.0;0.45024812
0.0;0.45024812
0.0;0.45024812
0.0;0.45024812
0.0;0.45024812
0.0;0.45024812
0.0;0.45024812
0.0;0.45024812
0.0;0.45024812
1.0;0.45024812
0.0;0.45024812
0.0;0.45024812
0.0;0.45024812
2.029;0.45024812
0.0;0.45024812
0.0;0.45024812
0.0;0.45024812
0.0;0.45024812
0.0;0.45024812
0.0;0.45024812
0.0;0.45024812
1.0;0.45024812
0.0;0.45024812
0.0;0.45024812
0.0;0.45024812
0.0;0.45024812
0.0;0.45024812
0.0;0.45024812
0.0;0.45024812
0.0;0.45024812
0.0;0.45024812
0.0;0.45024812
0.0;0.45024812
2.029;0.45024812
0.0;0.45024812
0.0;0.45024812
0.0;0.45024812
0.0;0.45024812
0.0;0.45024812
0.0;0.45024812
0.0;0.45024812
0.0;0.45024812
-6.084;0.45024812
0.0;0.45024812
0.0;0.45024812
2.028;0.45024812
0.0;0.45024812
0.0;0.45024812
0.0;0.45024812
0.0;0.45024812
1.0;0.45024812
0.0;0.45024812
0.0;0.45024812
0.0;0.45024812
0.0;0.45024812
0.0;0.45024812
2.030999;0.45024812
2.029;0.45024812
0.0;0.45024812
0.0;0.45024812
0.0;0.45024812
0.0;0.45024812
0.0;0.45024812
0.0;0.45024812
0.0;0.45024812
0.0;0.45024812
0.0;0.45024812
0.0;0.45024812
0.0;0.45024812
0.0;0.45024812
0.0;0.45024812
0.0;0.45024812
1.0;0.45024812
0.0;0.45024812
2.029;0.45024812
0.0;0.56169987
0.0;0.4010415
0.0;0.8391893
0.0;0.3859526
0.0;-0.5662495
0.0;0.16392234
0.0;-0.47277153
0.0;0.45024812
0.0;0.45024812
0.0;0.45024812
0.0;0.45024812
0.0;0.45024812
1.0;0.45024812
0.0;0.45024812
0.0;0.45024812
0.403436;0.40928483
0.0;0.5198693
0.0;0.08756879
0.0;0.5239165
0.0;1.49369
0.0;0.77792764
0.0;1.4082766
0.0;0.45024812
0.0;0.45024812
0.0;0.45024812
0.0;0.45024812
0.0;0.45024812
0.0;0.45024812
0.0;0.45024812
0.0;0.45024812
0.0;0.45024812
0.0;0.45024812
0.0;0.45024812
0.0;0.45024812
0.0;0.45024812
0.0;0.45024812
0.0;0.45024812
0.0;0.45024812
0.0;0.45024812
0.0;0.45024812
0.0;0.45024812
0.0;0.45024812
0.0;0.45024812
0.0;0.45024812
0.0;0.45024812
0.0;0.45024812
0.0;0.45024812
0.0;0.45024812
0.0;0.45024812
0.0;0.45024812
0.0;0.45024812
0.0;0.45024812
0.0;0.45024812
0.0;0.45024812
0.0;0.45024812
0.0;0.45024812
0.0;0.45024812
0.0;0.45024812
0.0;0.45024812
0.0;0.45024812
0.0;0.45024812
0.0;0.45024812
0.0;0.45024812
0.0;0.45024812
0.0;0.45024812
0.0;0.4589504
0.0;0.44533074
0.0;0.4727161
0.0;0.4464513
0.0;0.38531184
0.0;0.43155015
0.0;0.392825
0.0;0.45024812
-0.40335;0.45024812
0.0;0.45024812
0.0;0.45024812
0.0;0.45024812
0.0;0.45024812
0.0;0.45024812
0.0;0.45024812
2.029;0.45024812
1.0;0.45024812
0.0;0.45024812
0.0;0.45024812
2.028999;0.45024812
0.0;0.45024812
0.0;0.45024812
0.0;0.45024812
0.0;0.45024812
0.0;0.45024812
0.0;0.45024812
0.174263;0.45024812
0.0;0.45024812
0.0;0.45024812
0.0;0.45024812
0.0;0.45024812
0.0;0.45024812
0.0;0.45024812
0.0;0.45024812
0.0;0.45024812
0.0;0.45024812
0.0;0.45024812
0.0;0.45024812
0.0;0.45024812
0.0;0.45024812
0.0;0.45024812
0.0;0.45024812
0.0;0.45024812
0.0;0.45024812
0.0;0.45024812
0.0;0.45024812
0.0;0.4561609
0.0;0.44687748
0.0;0.46557546
0.0;0.44765234
0.0;0.40590823
0.0;0.4374689
0.0;0.4110372
0.0;0.45024812
0.0;0.45024812
0.0;0.45024812
0.0;0.45024812
0.0;0.45024812
0.0;0.45024812
0.0;0.45024812
0.0;0.45024812
0.0;0.45024812
0.0;0.45024812
0.0;0.45024812
0.0;0.45024812
0.0;0.40928483
0.0;0.5198693
-0.17416;0.08756879
0.0;0.5239165
0.0;1.49369
0.0;0.77792764
0.0;1.4082766
0.0;0.45024812
0.0;0.45024812
0.0;0.45024812
0.0;0.45024812
0.0;0.45024812
0.0;0.45024812
0.0;0.45024812
0.0;0.45024812
0.0;0.45024812
0.0;0.45024812
0.0;0.45024812
0.0;0.45024812
0.0;0.45024812
0.0;0.45024812
0.0;0.45024812
0.0;0.45024812
0.0;0.45024812
0.0;0.45024812
0.0;0.45024812
0.0;0.45024812
0.0;0.45024812
0.0;0.45024812
0.0;0.45024812
0.0;0.45024812
0.0;0.45024812
0.0;0.45024812
0.0;0.45024812
0.0;0.45024812
0.0;0.45024812
0.0;0.45024812
0.0;0.44941366
0.0;0.45072794
0.0;0.4480636
0.0;0.45061767
0.0;0.41404724
2.029;0.521124
0.0;0.092784196
0.0;0.5239165
0.0;1.49369
1.0;0.77792764
0.0;1.4082766
0.0;0.45024812
0.0;0.45024812
0.0;0.45024812
0.0;0.45024812
0.0;0.45024812
0.0;0.45024812
0.0;0.45024812
3.0;0.45024812
0.0;0.45024812
0.0;0.45024812
-3.0;0.45024812
0.0;0.45024812
0.0;0.45024812
0.0;0.45024812
0.0;0.45024812
2.029;0.45024812
-2.02599;0.45024812
0.0;0.56169987
0.0;0.4010415
0.0;0.8391893
2.027;0.3859526
0.0;-0.42670906
1.694999;0.24720493
0.0;-0.67982614
0.0;0.50305784
0.0;1.1661357
0.0;0.679425
0.0;1.1806256
0.0;0.4697597
1.0;0.5081123
0.0;0.45024812
0.0;0.45024812
0.0;0.45024812
0.0;0.45024812
0.0;0.45024812
0.0;0.45024812
1.695;0.45024812
0.0;0.45024812
0.0;0.45024812
0.0;0.45024812
0.0;0.45024812
0.0;0.45024812
0.0;0.45024812
0.0;0.45024812
1.0;0.45024812
0.0;0.45024812
0.0;0.45024812
0.0;0.45024812
1.694999;0.45024812
0.0;0.45024812
0.0;0.45024812
0.0;0.45024812
0.0;0.45024812
1.0;0.45024812
0.0;0.4589951
0.0;0.4453069
0.0;0.4103458
0.0;0.501371
0.0;0.13522866
0.0;0.47983885
0.0;1.1351204
0.0;0.6754136
1.695;1.1171317
0.0;0.45024812
0.0;0.45024812
0.0;0.45024812
0.0;0.45024812
0.0;0.45024812
0.0;0.45024812
0.0;0.45024812
0.0;0.45024812
0.0;0.45024812
0.0;0.45024812
1.0;0.45024812
0.0;0.45024812
1.694999;0.45024812
0.0;0.45024812
0.0;0.45024812
0.0;0.45024812
0.0;0.45024812
0.0;0.45024812
0.0;0.45024812
1.0;0.45024812
0.0;0.45024812
0.0;0.45024812
0.0;0.45024812
0.0;0.45024812
0.0;0.45024812
0.0;0.45024812
0.174036;0.45024812
0.0;0.45024812
0.0;0.45024812
0.0;0.45024812
0.0;0.45024812
0.0;0.45024812
0.0;0.44941366
0.0;0.45156538
0.0;0.44758677
0.0;0.4527992
0.0;0.45619667
0.0;0.4457569
0.0;0.45401514
0.0;0.4446602
0.0;0.45024812
0.0;0.45024812
0.0;0.45024812
0.0;0.45024812
0.0;0.45024812
0.0;0.45024812
0.0;0.45024812
0.0;0.45024812
0.0;0.45024812
0.0;0.45024812
0.0;0.45024812
0.0;0.45024812
0.0;0.45024812
0.0;0.45024812
0.0;0.45024812
0.0;0.45024812
0.0;0.45024812
0.0;0.45024812
0.0;0.45024812
0.0;0.45024812
0.0;0.45024812
0.0;0.45024812
0.0;0.45024812
0.0;0.45024812
0.0;0.45024812
0.0;0.45024812
0.0;0.45024812
0.0;0.45024812
0.0;0.45024812
0.0;0.45024812
0.0;0.45024812
0.0;0.45024812
0.0;0.45024812
0.0;0.45024812
0.0;0.45024812
0.0;0.45024812
0.0;0.45024812
0.0;0.45024812
0.0;0.45024812
0.0;0.45024812
0.0;0.45024812
0.0;0.45024812
0.0;0.45024812
0.0;0.45024812
0.0;0.45024812
0.0;0.45024812
0.0;0.45024812
0.0;0.45024812
0.0;0.45024812
0.0;0.45024812
0.0;0.45024812
0.0;0.45024812
0.0;0.45024812
0.0;0.45024812
0.0;0.45024812
0.0;0.45024812
0.0;0.45024812
0.0;0.45024812
0.0;0.45024812
0.0;0.45024812
0.0;0.45024812
0.0;0.45024812
0.0;0.45024812
0.0;0.45024812
0.0;0.45024812
0.0;0.45024812
0.0;0.45024812
0.0;0.45024812
0.0;0.45024812
0.0;0.45024812
0.0;0.45024812
0.0;0.45024812
0.0;0.45024812
0.0;0.45024812
0.0;0.45024812
0.0;0.45024812
0.0;0.45024812
0.0;0.45024812
0.0;0.45024812
0.0;0.45024812
0.0;0.45024812
0.0;0.45024812
0.0;0.45024812
0.0;0.45024812
0.0;0.45024812
0.0;0.45024812
0.0;0.45024812
0.0;0.45024812
0.0;0.45024812
0.0;0.45024812
0.0;0.45024812
0.0;0.45024812
0.0;0.45024812
0.0;0.45024812
0.0;0.45024812
0.0;0.45024812
0.0;0.45024812
0.0;0.45024812
0.0;0.45024812
0.0;0.45024812
0.0;0.45024812
0.0;0.45024812
0.0;0.45024812
0.0;0.45024812
0.0;0.45024812
0.0;0.45024812
0.0;0.45024812
0.0;0.45024812
0.0;0.45024812
0.0;0.45024812
0.0;0.45024812
0.0;0.45024812
0.0;0.45024812
0.0;0.45024812
0.0;0.45024812
0.0;0.45024812
0.0;0.45024812
0.0;0.45024812
0.0;0.45024812
0.0;0.45024812
0.0;0.45024812
0.0;0.45024812
0.0;0.45024812
0.0;0.45024812
0.0;0.45024812
0.0;0.45024812
0.0;0.45024812
0.0;0.45024812
0.0;0.45024812
0.0;0.45024812
0.0;0.45024812
0.0;0.45024812
0.0;0.45024812
0.0;0.45024812
0.0;0.45024812
0.0;0.45024812
0.0;0.45024812
0.0;0.45024812
0.0;0.45024812
0.0;0.45024812
0.0;0.45024812
0.0;0.45024812
0.0;0.45024812
0.0;0.45024812
0.0;0.45024812
0.0;0.45024812
0.0;0.45024812
0.0;0.45024812
0.0;0.45024812
0.0;0.45024812
0.0;0.45024812
0.0;0.45024812
0.0;0.45024812
0.0;0.45024812
0.0;0.45024812
0.0;0.45024812
0.0;0.45024812
0.0;0.45024812
0.0;0.45024812
0.0;0.45024812
0.0;0.45024812
0.0;0.45024812
0.0;0.45024812
0.0;0.45024812
0.0;0.45024812
0.0;0.45024812
0.0;0.45024812
0.0;0.45024812
0.0;0.45024812
0.0;0.45024812
0.0;0.45024812
0.0;0.45024812
0.0;0.45024812
0.0;0.45024812
0.0;0.45024812
0.0;0.45024812
0.0;0.45024812
0.0;0.45024812
0.0;0.45024812
0.0;0.45024812
0.0;0.45024812
0.0;0.45024812
0.0;0.45024812
0.0;0.45024812
0.0;0.45024812
0.0;0.45024812
0.0;0.45024812
0.0;0.45024812
0.0;0.45024812
0.0;0.45024812
0.0;0.45024812
0.0;0.45024812
0.0;0.45024812
0.0;0.45024812
0.0;0.45024812
0.0;0.45024812
0.0;0.45024812
0.0;0.45024812
0.0;0.45024812
0.0;0.45024812
0.0;0.45024812
0.0;0.45024812
0.0;0.45024812
0.0;0.45024812
0.0;0.45024812
0.0;0.45024812
0.0;0.45024812
0.0;0.45024812
0.0;0.45024812
0.0;0.45024812
0.0;0.45024812
0.0;0.45024812
0.0;0.45024812
0.0;0.45024812
0.0;0.45024812
0.0;0.45024812
0.0;0.45024812
0.0;0.45024812
0.0;0.45024812
0.0;0.45024812
0.0;0.5441195
0.0;0.2922064
0.0;0.7934785
0.0;0.018591315
0.0;-0.19733846
0.0;1.268462
0.0;0.27033746
0.0;1.4963216
0.0;0.45024812
0.0;0.45024812
0.0;0.45024812
0.0;0.45024812
0.0;0.45024812
0.0;0.45024812
0.0;0.45024812
0.0;0.45024812
0.0;0.45024812
0.0;0.45024812
0.0;0.45024812
0.0;0.45024812
0.0;0.45024812
0.0;0.45024812
0.0;0.45024812
0.0;0.45024812
0.0;0.45024812
0.0;0.45024812
0.0;0.45024812
0.0;0.45024812
0.0;0.45024812
0.0;0.45024812
0.0;0.45024812
0.0;0.45024812
-0.17385;0.45024812
0.0;0.45024812
0.0;0.45024812
1.242;0.45024812
0.0;0.45024812
0.0;0.45024812
0.0;0.45024812
2.0;0.45024812
0.0;0.56197405
0.0;0.40226042
0.0;0.87773263
0.0;0.37916958
0.0;-0.6499851
0.0;0.14010134
0.003936;-0.5542183
1.0;0.45024812
0.0;0.45024812
0.0;0.45024812
1.241999;0.45024812
0.0;0.45024812
0.0;0.45024812
0.0;0.45024812
0.0;0.45024812
0.0;0.45024812
1.0;0.45024812
1.242;0.45024812
0.0;0.45024812
0.0;0.45024812
0.497878;0.45024812
0.0;0.45024812
1.0;0.45024812
0.0;0.45024812
0.0;0.45024812
0.0;0.45024812
0.0;0.45024812
0.0;0.45024812
0.0;0.45024812
0.0;0.45024812
0.0;0.45024812
0.0;0.45024812
0.0;0.45024812
0.0;0.45024812
0.0;0.45024812
0.0;0.45024812
0.0;0.45024812
-1.0;0.45024812
0.0;0.45024812
0.0;0.45024812
0.0;0.45024812
0.0;0.45024812
0.0;0.45024812
0.0;0.42070806
1.0;0.7959759
0.134469;-0.033783317
1.0;0.98176956
0.0;1.5021986
-0.13384;-0.038763285
1.0;1.0517454
0.0;-0.5542183
-1.0;0.45024812
0.0;0.42070806
0.0;0.5224323
0.0;0.054139525
0.0;0.5325532
0.0;1.5821522
0.0;0.80937207
0.0;1.4963216
0.28458;0.45024812
0.0;0.45024812
-0.28458;0.45024812
9.999993;0.45024812
0.0;0.45024812
-9.99999;0.45024812
0.292863;0.56197405
0.0;0.40226042
0.0;0.87773263
1.0;0.37916958
0.008603;-0.6499851
0.0;0.14010134
0.0;-0.5542183
0.0;0.45024812
0.0;0.45024812
0.0;0.45024812
0.0;0.45024812
0.0;0.45024812
0.0;0.42070806
0.0;0.5210495
0.0;0.05497995
0.0;0.53020775
0.0;1.5825278
0.0;0.8143103
0.0;1.497913
0.0;0.45583308
9.999993;0.45024812
0.0;0.45024812
0.0;0.45024812
0.0;0.45024812
0.0;0.45024812
-9.99999;0.45024812
0.0;0.45024812
0.0;0.45024812
0.0;0.45024812
9.999993;0.45024812
0.0;0.45024812
1.0;0.45024812
0.0;0.42070806
0.0;0.5224323
0.0;0.054139525
0.0;0.5325532
0.0;1.5821493
0.0;0.80937207
1.0;1.4963216
0.0;0.45024812
1.0;0.45024812
0.0;0.42552412
0.0;0.52307606
0.0;0.042200714
0.0;0.5357331
0.0;1.6131258
0.0;1.1253303
0.0;1.3030267
0.0;-0.13420224
0.0;0.5897796
0.0;2.0245051
0.0;0.98190963
0.0;1.9704139
1.0;0.42070806
0.0;0.5224323
0.0;0.054139525
0.0;0.5325532
1.0;1.5821493
0.0;0.80937207
0.0;1.3972706
0.0;0.20822945
0.0;0.9828305
0.0;-0.006850958
0.0;-0.57934463
0.0;1.040349
0.0;-0.045856237
0.0;1.4963216
0.0;0.45024812
0.0;0.45024812
0.0;0.45024812
0.0;0.45024812
0.0;0.45024812
0.0;0.45024812
0.0;0.45024812
0.0;0.45024812
0.0;0.56194127
0.0;0.40231705
0.0;0.87881744
0.0;0.37897587
0.0;-0.6534034
0.0;0.13848606
0.0;-0.3245467
1.0;0.39838612
0.0;0.8603579
1.0;0.36875367
0.0;-0.6642306
0.0;0.14928642
0.0;-0.54834723
0.0;0.45703113
0.0;0.4440701
0.0;0.42706192
0.0;0.5193627
0.0;0.06499353
0.0;0.5325532
0.0;1.5821493
0.0;0.80937207
1.0;1.4963216
0.0;0.45024812
-9.0;0.45024812
0.0;0.45024812
0.0;0.45024812
0.0;0.45024812
0.0;0.45024812
0.0;0.45024812
0.0;0.42552412
0.0;0.52307606
0.0;0.042200714
0.0;0.5357331
0.0;1.6131258
0.0;0.8205807
0.0;1.5275693
0.0;0.45024812
0.0;0.45024812
0.0;0.45024812
0.0;0.45024812
0.0;0.45024812
0.0;0.45024812
0.0;0.45024812
0.0;0.45024812
0.0;0.45024812
0.0;0.45024812
0.0;0.45024812
0.0;0.45024812
0.0;0.45024812
0.0;0.45024812
0.0;0.45024812
0.0;0.45024812
0.0;0.45024812
0.0;0.45024812
0.0;0.45024812
0.0;0.45024812
0.0;0.45024812
0.0;0.45024812
0.0;0.45024812
0.0;0.45024812
0.0;0.45024812
0.0;0.45024812
0.0;0.56197405
0.0;0.40226042
0.0;0.87773263
0.0;0.37916958
0.0;-0.6499851
0.0;0.14010134
0.0;-0.5542183
0.0;0.45024812
0.0;0.45024812
0.0;0.45024812
0.0;0.45024812
0.0;0.45024812
0.0;0.45024812
0.0;0.45024812
0.0;0.45024812
0.0;0.45024812
0.0;0.45024812
0.0;0.45024812
0.0;0.42070806
0.0;0.5224323
0.0;0.054139525
0.0;0.5325532
0.0;1.5821522
0.0;1.3708687
0.0;1.0235167
0.0;-0.4382813
0.0;0.7181114
-0.02;2.4847634
0.0;1.2092537
0.0;2.5766678
0.0;0.45024812
0.0;0.45024812
0.0;0.45024812
0.0;0.45024812
0.0;0.45024812
0.0;0.4204905
0.0;0.5224025
0.0;0.05469981
0.0;0.5324042
0.0;1.580686
0.0;0.8088416
0.0;1.4948493
0.0;0.45024812
0.0;0.45024812
0.0;0.45024812
-0.11955;0.45024812
0.0;0.45024812
0.0;0.45024812
0.0;0.45024812
0.0;0.45024812
0.0;0.45024812
0.0;0.45024812
0.0;0.45024812
0.0;0.45024812
0.0;0.45024812
0.0;0.45024812
0.0;0.45024812
0.0;0.56197405
0.0;0.40226042
0.0;0.87772965
0.0;0.37916958
0.0;-0.4496926
0.0;0.24312797
0.0;-0.78609824
0.0;1.2251145
0.0;0.8891082
0.0;-0.38914025
0.0;1.582191
0.0;2.664349
0.0;1.3491011
0.0;2.9385304
0.0;0.45024812
0.0;0.45024812
0.0;0.45024812
0.0;0.45024812
0.0;0.39480686
0.0;0.51074386
0.0;0.16081694
0.0;0.50637186
0.0;1.2922442
0.0;0.70911705
0.0;1.2135959
-0.06034;0.45024812
0.0;0.45024812
0.0;0.45024812
0.0;0.45024812
0.0;0.45024812
0.0;0.45024812
0.0;0.45024812
0.0;0.45024812
0.0;0.45024812
0.0;0.45024812
0.0;0.45024812
0.0;0.45024812
0.0;0.45024812
0.0;0.45024812
0.0;0.45024812
0.0;0.45024812
0.0;0.39431512
0.0;0.49713314
0.0;0.2377725
0.0;0.48968256
0.0;1.0721928
1.0;0.63766
0.0;0.8964217
0.0;0.5109227
1.0;0.1596308
0.0;0.5066371
0.0;1.295582
2.307999;0.7102257
0.0;1.2167639
0.0;0.45024812
0.0;0.45024812
-9.41999;0.45024812
0.0;0.45024812
0.0;0.45024812
0.0;0.39431512
0.0;0.49713314
0.0;0.2377725
0.0;0.48968256
0.0;1.0721928
0.0;0.63766
0.0;0.92250466
-2.30799;0.49713314
-0.10336;0.2377725
0.0;0.48968256
0.0;1.0721928
0.0;0.63766
-0.01106;1.0081476
0.0;0.45024812
0.0;0.45024812
0.0;0.45024812
0.0;0.45024812
0.0;0.45024812
0.0;0.39491117
0.0;0.51089287
0.0;0.13969901
1.0;0.5505806
-1.0;1.0599202
0.0;0.74593186
0.0;1.7819858
0.0;0.63766
0.0;0.8964217
0.0;0.5109227
0.0;0.1596308
0.0;0.5066371
0.0;1.295582
0.0;0.7102257
2.0;1.2167639
1.0;0.45024812
0.0;0.39431512
0.0;0.49713314
9.999993;0.2377725
0.0;0.48968256
-9.99999;1.0721928
0.0;0.63766
9.999993;1.0081476
-9.99999;0.45024812
0.0;0.45024812
0.0;0.45024812
0.0;0.39493203
9.999993;0.5109227
0.0;0.1596308
-3.99999;0.5066371
0.0;1.295582
0.0;0.7102257
1.0;1.2167639
2.0;0.45024812
9.999993;0.45024812
0.0;0.45024812
1.0;0.45024812
1.0;0.45024812
0.0;0.45024812
2.0;0.45024812
2.0;0.39431512
2.0;0.49713314
0.0;0.2377725
-1.2;0.48968256
1.299999;1.0721928
0.0;0.6561911
1.0;1.0206407
2.0;0.1395202
1.0;0.5506253
0.0;1.0604715
1.0;0.7461107
1.0;1.7824596
0.0;0.63766
0.0;1.0081476
-1.9;0.45024812
0.0;0.45024812
0.0;0.45024812
-0.21557;0.45024812
-0.17;0.45024812
0.0;0.39493203
0.0;0.51092565
0.0;0.1596308
0.0;0.43641984
2.307999;1.347909
1.0;0.50663114
-1.0;1.2552416
0.0;1.0721928
1.0;0.63766
-1.0;1.0081476
0.0;0.45024812
-2.30799;0.45024812
0.1;0.45024812
0.0;0.45024812
1.0;0.45024812
1.099999;0.45024812
0.0;0.39493203
1.0;0.5109227
1.2;0.1596308
0.399999;0.42556584
0.0;1.3633764
1.0;0.4313326
0.0;1.2709683
0.0;1.2961364
1.1;0.71041644
1.199999;1.2172914
1.0;0.45024812
0.0;0.45024812
2.283999;0.45024812
1.0;0.45024812
0.0;0.45024812
-1.0;0.45024812
2.308999;0.45024812
1.2;0.39431512
0.0;0.49713314
2.307999;0.2377725
1.2;0.48968256
0.0;1.0721928
2.295999;0.63766
1.2;1.0081476
1.1;0.45024812
0.0;0.45024812
1.0;0.45024812
2.306999;0.45024812
0.0;0.45024812
1.0;0.45024812
0.0;0.45024812
-9.27;0.39493203
0.0;0.44195116
1.0;0.23132923
0.0;0.28262198
0.0;1.3333356
-1.0;1.2740767
1.0;1.3513035
0.0;1.0081476
0.0;0.45024812
-1.0;0.45024812
1.2;0.45024812
0.0;0.39493203
1.0;0.51092565
1.099999;0.1596308
2.308;0.5066371
0.0;1.295582
0.0;0.7102287
1.099999;1.2167639
0.0;0.45024812
1.2;0.45024812
1.0;0.45024812
2.305999;0.45024812
0.0;0.45024812
1.0;0.45024812
1.1;0.45024812
0.0;0.45024812
0.0;0.45024812
2.296999;0.45024812
0.0;0.45024812
0.0;0.5525297
-9.99999;0.40285647
1.199999;0.75653553
0.0;0.4000044
0.0;-0.37469804
0.000606;0.2178407
0.0;-0.29121876
0.0;0.39493203
1.0;0.5109227
-1.0;0.1596308
2.308999;0.5066371
0.0;1.2201703
1.2;0.72609246
0.0;0.9846693
0.0;0.48968256
0.0;1.0721928
1.0;0.63766
-1.0;1.0081476
0.0;0.45024812
1.2;0.39493203
9.999993;0.5109227
0.0;0.1596308
2.296;0.5066371
0.0;1.295582
1.0;0.7102257
0.0;1.2167639
1.1;0.45024812
0.0;0.55268466
1.0;0.4028088
0.0;0.75742066
1.099999;0.39986134
1.0;-0.376817
1.2;0.21724764
0.0;-0.29319763
1.099999;0.45024812
2.284;0.45024812
0.0;0.45024812
9.999993;0.45024812
1.1;0.45024812
0.0;0.6960428
0.0;0.46576023
0.09923;-0.29342413
1.199999;0.65116644
0.0;2.4492927
0.0;1.043824
0.306339;1.8459386
0.0;0.59954584
0.0;1.6630298
-0.04426;0.894565
-0.26207;-0.43651402
1.0;-0.60216427
0.0;-1.0370427
-1.0;-0.29717624
1.0;0.45024812
0.0;0.45024812
-1.0;0.45024812
0.0;0.45024812
1.0;0.45024812
0.0;0.45024812
-1.0;0.45024812
1.0;0.45024812
0.0;0.45024812
0.099999;0.45024812
9.999993;0.45024812
0.0;0.45371115
0.0;0.4482603
-9.99999;0.45925736
9.999993;0.44872224
0.0;0.42415917
0.0;0.44271708
-9.99999;0.42717516
9.999993;0.45024812
0.0;0.45024812
0.0;0.45024812
0.0;0.45024812
-9.99999;0.45024812
0.0;0.45024812
1.199999;0.45024812
0.0;0.45024812
0.0;0.45024812
0.099999;0.45024812
0.0;0.45024812
-0.09999;0.45024812
0.0;0.45024812
1.0;0.45024812
0.0;0.45024812
0.0;0.45024812
-1.0;0.45024812
0.199999;0.45024812
1.0;0.45024812
0.0;0.45024812
-1.0;0.45024812
-0.19997;0.45024812
0.0;0.45024812
0.0;0.45024812
-2.33299;0.45024812
0.0;0.45024812
0.0;0.45024812
9.999993;0.45024812
2.342;0.45024812
0.0;0.45024812
1.199999;0.45024812
1.0;0.45024812
1.1;0.45024812
0.0;0.45024812
1.172999;0.45024812
1.0;0.45024812
0.0;0.45024812
1.1;0.45024812
0.196673;0.45024812
9.999993;0.45024812
0.0;0.4527694
-9.99999;0.4488027
0.003291;0.45681357
0.0;0.44913352
1.0;0.4312402
-1.0;0.4447615
1.0;0.43343663
0.0;0.45024812
0.0;0.45024812
0.0;0.45024812
0.0;0.45024812
0.0;0.45024812
-1.0;0.45024812
1.0;0.45024812
0.0;0.45024812
-1.0;0.45024812
1.0;0.45024812
0.0;0.45024812
0.0;0.45024812
-1.0;0.45024812
1.0;0.45024812
0.0;0.45024812
0.0;0.45024812
-1.0;0.45024812
0.0;0.45024812
0.0;0.45024812
1.0;0.45024812
-1.0;0.45024812
0.0;0.45024812
0.0;0.45024812
1.0;0.45024812
-1.0;0.45024812
0.0;0.45024812
1.0;0.45024812
0.0;0.45024812
-0.2;0.45024812
0.0;0.45024812
0.0;0.46111405
0.191402;0.5236155
0.0;-0.027214885
1.0;0.55538476
0.008026;1.7860091
9.999993;0.88531137
0.0;1.7067349
0.0;0.45024812
0.0;0.45024812
0.0;0.45024812
-0.00802;0.45024812
-1.0;0.45024812
1.0;0.45024812
0.0;0.45024812
0.0;0.45024812
-1.0;0.45024812
0.0;0.45024812
0.0;0.45024812
1.0;0.45024812
-1.0;0.45024812
0.0;0.45024812
1.0;0.45024812
-1.0;0.45024812
-0.29899;0.45024812
0.0;0.45024812
0.0;0.45024812
1.0;0.45024812
0.0;0.45024812
-0.03532;0.45024812
0.035335;0.45024812
1.0;0.45024812
0.0;0.45024812
-1.0;0.45024812
1.0;0.45024812
-0.03534;0.45024812
