<OPEN>;<HIGH>;<LOW>;<CLOSE>;<VOL>;(predicted -> )<CLOSE>
1.0;1.0;1.0;1.0;0.5;1.28287
1.0;1.0;1.0;1.0;0.5;0.589807
1.0;1.0;1.0;1.0;0.5;2.79023
1.0;1.0;1.0;1.0;0.5;-1.79028
0.0;0.0;0.0;0.0;0.5;-3.03117
0.0;0.0;0.0;0.0;0.5;0.306691
0.0;0.0;0.0;0.0;0.5;-5.0892
0.0;0.0;0.0;0.0;0.5;0.335891
0.5;0.5;0.5;0.5;0.5;3.6001
0.0;0.0;0.0;0.0;0.5;4.45191
0.519;0.519;0.519;0.519;0.5;-1.24189
0.494;0.494;0.494;0.494;0.5;7.24996
1.0;1.0;1.0;1.0;0.5;-5.36536
1.0;1.0;1.0;1.0;0.5;-9.97284
1.0;1.0;1.0;1.0;0.5;-2.19626
0.0;0.0;0.0;0.0;0.5;8.87261
0.0;0.0;0.0;0.0;0.5;5.2052
0.622;0.622;0.622;0.622;0.5;3.15576
0.822999;0.822999;0.822999;0.822999;0.5;-2.60911
0.268;0.268;0.268;0.268;0.5;-0.565933
0.669;0.669;0.669;0.669;0.5;1.30788
0.442;0.442;0.442;0.442;0.5;2.89143
0.762;0.762;0.762;0.762;0.5;-5.43825
0.597;0.597;0.597;0.597;0.5;0.134952
0.262999;0.262999;0.262999;0.262999;0.5;9.4916
0.577999;0.577999;0.577999;0.577999;0.5;5.08584
1.0;1.0;1.0;1.0;0.5;0.62849
0.689999;0.689999;0.689999;0.689999;0.5;-0.443881
0.513;0.513;0.513;0.513;0.5;-7.82215
0.015;0.015;0.015;0.015;0.5;-3.85166
0.123999;0.123999;0.123999;0.123999;0.5;2.48743
0.0;0.0;0.0;0.0;0.5;1.5123
1.0;1.0;1.0;1.0;0.5;4.16858
1.0;1.0;1.0;1.0;0.5;-3.09252
1.0;1.0;1.0;1.0;0.5;5.78829
0.0;0.0;0.0;0.0;0.5;0.349785
0.0;0.0;0.0;0.0;0.5;-6.27803
0.173;0.173;0.173;0.173;0.5;6.44389
0.696999;0.696999;0.696999;0.696999;0.5;-0.966751
0.289;0.289;0.289;0.289;0.5;-0.972711
0.544;0.544;0.544;0.544;0.5;-6.10436
0.334999;0.334999;0.334999;0.334999;0.5;-1.11343
0.268;0.268;0.268;0.268;0.5;3.94305
0.555;0.555;0.555;0.555;0.5;4.33079
0.089999;0.089999;0.089999;0.089999;0.5;7.74432
0.0;0.0;0.0;0.0;0.5;-2.74492
0.029;0.029;0.029;0.029;0.5;2.31136
0.312999;0.312999;0.312999;0.312999;0.5;5.70628
1.0;1.0;1.0;1.0;0.5;0.907935
0.5;0.5;0.5;0.5;0.5;-7.59033
0.215;0.215;0.215;0.215;0.5;-5.97758
0.891999;0.891999;0.891999;0.891999;0.5;6.15792
0.508;0.508;0.508;0.508;0.5;5.77859
1.0;1.0;1.0;1.0;0.5;-4.64793
0.658999;0.658999;0.658999;0.658999;0.5;3.15682
1.0;1.0;1.0;1.0;0.5;5.22981
0.257999;0.257999;0.257999;0.257999;0.5;2.3707
0.486999;0.486999;0.486999;0.486999;0.5;0.452311
0.0;0.0;0.0;0.0;0.5;-0.144212
0.333;0.333;0.333;0.333;0.5;-9.09324
1.0;1.0;1.0;1.0;0.5;4.52647
0.265;0.265;0.265;0.265;0.5;4.26459
0.440999;0.440999;0.440999;0.440999;0.5;-11.0904
0.63;0.63;0.63;0.63;0.5;6.04202
0.498999;0.498999;0.498999;0.498999;0.5;2.70679
1.0;1.0;1.0;1.0;0.5;3.64104
0.967;0.967;0.967;0.967;0.5;-0.785403
1.0;1.0;1.0;1.0;0.5;-3.38617
1.0;1.0;1.0;1.0;0.5;2.29716
1.0;1.0;1.0;1.0;0.5;0.0481498
0.309999;0.309999;0.309999;0.309999;0.5;-0.227701
0.402;0.402;0.402;0.402;0.5;-0.0289667
0.245999;0.245999;0.245999;0.245999;0.5;-5.18261
1.0;1.0;1.0;1.0;0.5;5.18933
0.942;0.942;0.942;0.942;0.5;-2.54561
0.646;0.646;0.646;0.646;0.5;-2.1389
0.87;0.87;0.87;0.87;0.5;-0.141047
0.739999;0.739999;0.739999;0.739999;0.5;-0.716977
0.292;0.292;0.292;0.292;0.5;7.94245
0.509999;0.509999;0.509999;0.509999;0.5;-1.0909
0.0;0.0;0.0;0.0;0.5;-2.23615
0.0;0.0;0.0;0.0;0.5;-1.79776
0.163999;0.163999;0.163999;0.163999;0.5;5.05331
0.056;0.056;0.056;0.056;0.5;-7.08668
1.0;1.0;1.0;1.0;0.5;4.64526
0.369;0.369;0.369;0.369;0.5;-2.16654
0.332;0.332;0.332;0.332;0.5;-2.08844
0.0;0.0;0.0;0.0;0.5;11.3749
0.5;0.5;0.5;0.5;0.5;2.37517
0.5;0.5;0.5;0.5;0.5;-5.99091
0.5;0.5;0.5;0.5;0.5;-2.45862
0.5;0.5;0.5;0.5;0.5;-1.94662
0.5;0.5;0.5;0.5;0.5;2.0524
0.5;0.5;0.5;0.5;0.5;-2.29053
0.5;0.5;0.5;0.5;0.5;2.23662
0.5;0.5;0.5;0.5;0.5;-3.81625
0.5;0.5;0.5;0.5;0.5;0.239195
0.5;0.5;0.5;0.5;0.5;3.10646
0.5;0.5;0.5;0.5;0.5;-2.4939
0.5;0.5;0.5;0.5;0.5;4.60878
0.5;0.5;0.5;0.5;0.5;1.98014
0.5;0.5;0.5;0.5;0.5;0.389905
0.5;0.5;0.5;0.5;0.5;-6.32079
1.0;1.0;1.0;1.0;0.5;6.32526
0.3226;0.3018;0.3226;0.2997;0.5;6.88619
0.483999;0.483999;0.483999;0.493099;0.5;6.35477
0.080999;0.080999;0.080999;0.080999;0.5;0.709523
0.6907;0.6907;0.6907;0.6907;0.5;-4.37977
0.4021;0.4021;0.4021;0.4021;0.5;-2.25361
0.6398;0.6398;0.6398;0.6398;0.5;11.7766
0.523099;0.523099;0.523099;0.523099;0.5;-0.89324
0.459299;0.459299;0.459299;0.459299;0.5;-3.61263
0.442;0.442;0.442;0.442;0.5;3.45405
0.503499;0.503499;0.503499;0.503499;0.5;-4.61124
0.2972;0.2972;0.2972;0.2972;0.5;-3.24522
0.4756;0.4756;0.4756;0.4756;0.5;8.8677
0.6336;0.6336;0.6336;0.6336;0.5;3.92175
0.468599;0.468599;0.468599;0.468599;0.5;-3.43749
0.5286;0.6026;0.4726;0.5306;0.5;-0.458913
0.2769;0.2029;0.3329;0.274899;0.5;-2.20796
0.6033;0.6033;0.6033;0.6033;0.5;-5.92302
0.392099;0.392099;0.392099;0.392099;0.5;1.49489
0.1263;0.1263;0.1263;0.1263;0.5;7.68793
0.275199;0.275199;0.275199;0.275199;0.5;-4.7822
0.4282;0.4282;0.4282;0.4282;0.5;4.25439
0.4953;0.4953;0.4953;0.4953;0.5;3.21624
0.6645;0.6645;0.6645;0.6645;0.5;1.20146
0.3964;0.3964;0.3964;0.3964;0.5;2.72651
0.421099;0.421099;0.421099;0.421099;0.5;-2.52234
0.6291;0.6291;0.6291;0.6291;0.5;2.49412
0.472799;0.472799;0.472799;0.472799;0.5;2.46602
0.6168;0.6168;0.6168;0.6168;0.5;-4.93885
0.492599;0.492599;0.492599;0.492599;0.5;1.10387
0.525099;0.525099;0.525099;0.525099;0.5;1.93179
0.486;0.486;0.486;0.486;0.5;4.48869
0.6226;0.6226;0.6226;0.6226;0.5;-5.38361
0.451999;0.451999;0.451999;0.451999;0.5;1.48923
0.6442;0.6442;0.6442;0.6442;0.5;6.09418
0.091899;0.091899;0.091899;0.091899;0.5;-1.99886
0.910399;0.910399;0.910399;0.910399;0.5;7.6954
0.9116;0.9116;0.9116;0.9116;0.5;-0.398051
1.0;1.0;1.0;1.0;0.5;-8.19237
0.216;0.216;0.216;0.216;0.5;-3.14596
0.438599;0.7135;0.4025;0.7014;0.5;4.13601
0.7494;0.793799;0.785499;0.793499;0.5;-1.61697
0.782399;1.0;0.782399;1.0;0.5;-1.68691
1.0;1.0;1.0;0.0;0.5;6.01845
1.0;0.450599;0.4004;1.0;0.5;7.13035
0.0;0.0;0.0;0.0;0.5;-4.4555
0.0;0.0;0.132;0.0;0.5;-0.0670243
0.068699;0.5499;0.2207;1.0;0.5;3.87769
1.0;1.0;1.0;1.0;0.5;-0.347375
1.0;0.0;1.0;0.0;0.5;-2.84806
1.0;1.0;1.0;0.8767;0.5;7.6887
0.2071;0.375;0.277999;0.549299;0.5;-1.83965
0.5909;0.509;0.655;0.173;0.5;-3.92727
0.728999;0.509;0.739;1.0;0.5;9.30206
0.459;0.459;0.459;0.459;0.5;-4.29453
0.402999;0.402999;0.402999;0.402999;0.5;-1.74329
0.108;0.108;0.108;0.108;0.5;2.85645
0.553999;0.553999;0.553999;0.553999;0.5;6.95238
0.0;0.0;0.0;0.0;0.5;-2.94489
0.441999;0.441999;0.441999;0.441999;0.5;-1.34184
0.0;0.0;0.0;0.0;0.5;2.87008
0.495;0.495;0.495;0.495;0.5;-1.85024
0.288999;0.288999;0.288999;0.288999;0.5;-1.34045
0.535;0.535;0.535;0.535;0.5;-6.86339
0.601;0.601;0.601;0.601;0.5;1.78754
0.0;0.0;0.0;0.0;0.5;6.87848
0.702999;0.702999;0.702999;0.702999;0.5;-3.63962
0.433;0.433;0.433;0.433;0.5;3.06972
0.111;0.111;0.111;0.111;0.5;3.614
0.913999;0.913999;0.913999;0.913999;0.5;-0.421958
0.594;0.594;0.594;0.594;0.5;-6.77082
0.565;0.565;0.565;0.565;0.5;-2.83495
0.518;0.518;0.518;0.518;0.5;0.707282
0.241;0.241;0.241;0.241;0.5;2.24058
0.781199;0.781199;0.781199;0.781199;0.5;5.71204
0.425799;0.425799;0.425799;0.425799;0.5;-2.07743
0.424;0.424;0.424;0.424;0.5;-6.31159
1.0;1.0;1.0;1.0;0.5;4.65852
0.729499;0.729499;0.729499;0.729499;0.5;4.55467
0.2615;0.2615;0.2615;0.2615;0.5;-2.13311
0.0;0.0;0.0;0.0;0.5;0.239898
0.485;0.485;0.485;0.485;0.5;1.83067
0.7134;0.7134;0.7134;0.7134;0.5;-1.28286
0.4376;0.4376;0.4376;0.4376;0.5;2.8725
0.326999;0.326999;0.326999;0.326999;0.5;-4.35144
0.353899;0.353899;0.353899;0.353899;0.5;-4.0269
0.1731;0.1731;0.1731;0.1731;0.5;2.94138
0.3686;0.3686;0.3686;0.3686;0.5;-2.03464
0.476399;0.476399;0.476399;0.476399;0.5;2.6126
0.6931;0.6931;0.6931;0.6931;0.5;-3.57837
0.5959;0.759899;0.5029;0.533899;0.5;2.02953
0.3447;0.1807;0.4377;0.4067;0.5;-2.10334
0.0013;0.0013;0.0013;0.0013;0.5;-2.95753
0.6509;0.8441;0.572599;0.7028;0.5;-1.59612
0.603199;0.521899;0.4485;0.410999;0.5;-1.29377
0.6011;0.4905;0.526699;0.2932;0.5;-1.45697
0.2149;0.461599;0.5223;0.721999;0.5;7.8661
0.9895;0.8249;0.6617;0.6056;0.5;3.4507
0.189599;0.270199;0.4878;0.401399;0.5;-1.26796
0.603999;0.5501;0.633599;0.663;0.5;7.88878
0.5491;0.480499;0.4388;0.401699;0.5;2.64794
0.3033;0.376899;0.3587;0.4123;0.5;2.97557
0.6096;0.5133;0.364599;0.224;0.5;-6.38527
0.180899;0.459;0.4573;0.513999;0.5;-0.591182
0.3499;0.3591;0.3734;0.487;0.5;-2.24914
0.7696;0.505199;0.474999;0.416999;0.5;9.49723
0.3352;0.412199;0.498;0.718;0.5;6.36349
0.607299;0.4944;0.472;0.228;0.5;3.91161
0.3823;0.439499;0.612099;0.778399;0.5;-6.01458
0.680099;0.8378;0.6519;0.7374;0.5;7.18727
0.515899;0.410699;0.5668;0.393;0.5;2.11973
0.4147;0.312799;0.218999;0.1582;0.5;-5.38691
0.334;0.4993;0.4649;0.518799;0.5;-7.34543
0.5762;0.407;0.266999;0.3061;0.5;3.65014
0.1316;0.4037;0.5304;0.7745;0.5;1.66272
0.822099;0.587299;0.4259;0.4316;0.5;-3.6504
0.4737;0.452099;0.805899;0.44;0.5;4.81678
0.481999;0.5699;0.4673;0.5717;0.5;0.473751
0.347;0.513999;0.387699;0.437199;0.5;4.49671
0.579099;0.342;0.3404;0.4091;0.5;-2.48108
0.3281;0.349;0.157499;0.403099;0.5;-5.18157
0.452299;0.4862;0.8172;0.5931;0.5;-9.32752
0.5102;0.503299;0.5;0.5058;0.5;9.37466
0.5815;0.5528;0.591;0.4895;0.5;0.385297
0.447899;0.441599;0.4845;0.4732;0.5;1.91991
0.3099;0.3609;0.079899;0.307299;0.5;-2.97939
0.8855;1.0;1.0;1.0;0.5;3.15565
0.867799;0.5372;0.888999;0.679;0.5;-5.09906
0.606999;0.606999;0.606999;0.606999;0.5;5.33397
0.4588;0.578399;0.4588;0.337;0.5;2.54063
0.5468;0.9066;0.5468;0.9831;0.5;1.99877
0.814499;0.4428;0.156399;0.0;0.5;4.48819
0.4566;0.526399;1.0;1.0;0.5;1.19013
0.552099;0.5329;0.638;0.629799;0.5;-0.970839
0.616799;0.552699;0.563099;0.475;0.5;4.20314
0.4511;0.3933;0.4457;0.4239;0.5;4.34747
0.4845;0.516999;0.494699;0.622199;0.5;-8.50832
0.6321;0.914;0.681;0.7239;0.5;2.70076
0.878699;0.6017;0.739799;0.533;0.5;-4.77623
0.41;0.802699;0.5195;0.867;0.5;3.06176
0.8227;1.0;0.716999;0.594999;0.5;3.70272
0.745799;0.0;0.8809;0.684999;0.5;2.11375
0.5636;0.4397;0.0;0.1059;0.5;-1.5169
0.062;0.055599;0.8481;0.3001;0.5;1.27555
0.6205;0.8644;0.6949;0.430999;0.5;-1.60364
0.308899;0.069;0.295999;0.5821;0.5;-2.87182
0.3736;0.347999;0.1079;0.0249;0.5;-1.81925
0.2315;0.209;0.0;0.526199;0.5;2.24304
0.3619;0.7577;0.8944;0.951699;0.5;-4.99187
0.911299;0.8889;0.599399;0.053;0.5;-0.638496
0.666;0.3765;0.1171;0.574099;0.5;5.12349
0.0;0.0555;0.882999;0.312;0.5;-0.588112
0.7195;0.498799;0.5577;0.535;0.5;1.53998
0.358;0.3594;0.0;0.338;0.5;0.803019
0.443199;0.533199;1.0;0.863799;0.5;2.19711
0.5885;0.528;0.4779;0.4088;0.5;-3.76306
0.5347;1.0;0.644199;0.877399;0.5;0.360663
0.9097;0.650099;0.9108;1.0;0.5;-4.63264
1.0;0.9506;1.0;0.9654;0.5;8.74138
0.9922;0.6113;0.967199;0.145199;0.5;3.73934
0.3553;0.1449;0.3303;0.634;0.5;0.390167
0.4206;0.4834;0.3504;0.398299;0.5;-4.32356
0.505199;0.6006;0.581399;0.5179;0.5;-7.93983
0.520299;0.409299;0.4184;0.2008;0.5;1.37045
0.2636;0.4767;0.105799;0.052999;0.5;1.75929
0.173;0.0;0.2515;0.7753;0.5;3.66846
0.564499;0.5383;0.4001;0.2501;0.5;-1.10506
0.079;0.1615;0.320499;0.113599;0.5;3.9478
0.608499;0.7564;0.7058;0.597;0.5;2.55929
0.418099;0.306999;0.396999;0.547;0.5;-8.30934
0.5817;0.632;0.6157;0.379;0.5;-5.50527
0.3643;0.418899;0.4022;0.584999;0.5;4.51151
0.7192;0.5912;0.7192;0.9047;0.5;-4.88164
0.424499;0.4169;0.287399;0.0;0.5;0.864936
0.6022;0.561199;0.6606;0.9583;0.5;2.74881
0.3953;0.3904;0.390499;0.1707;0.5;1.94295
0.238099;0.367599;0.296399;0.495999;0.5;2.37984
0.7634;0.7118;0.6778;0.9308;0.5;-0.24681
0.651399;0.847;0.7622;0.4312;0.5;-3.60285
0.805099;0.997;0.805099;0.975999;0.5;2.7522
0.698499;0.741599;0.548;1.0;0.5;-1.09618
0.9855;0.5913;0.267199;0.2281;0.5;6.26454
0.561399;0.409099;1.0;0.498;0.5;-1.26571
0.3506;0.4366;0.5837;0.547999;0.5;-5.47112
0.5468;0.474699;0.4314;0.5558;0.5;5.3133
0.279;0.3597;0.0;0.2332;0.5;5.6991
0.540599;0.6733;1.0;0.745999;0.5;0.177802
0.8453;0.616399;0.6749;0.698399;0.5;-2.68749
0.4323;0.548;0.0;0.4206;0.5;1.52371
0.6754;0.909399;1.0;0.95;0.5;6.50151
0.826599;0.4741;0.646599;0.572999;0.5;-2.99434
0.2424;0.4858;0.0;0.4512;0.5;0.353081
0.5117;0.9188;1.0;0.0;0.5;5.06588
0.351899;0.0;0.1663;0.641999;0.5;-0.0546623
0.5246;0.369899;0.504199;0.12;0.5;-0.849794
0.5274;0.485099;0.3868;0.691099;0.5;1.17239
0.1035;0.1113;0.3194;0.0569;0.5;3.99608
0.2328;0.7475;0.505099;0.727;0.5;3.01046
0.6855;0.4204;0.6855;0.8751;0.5;-4.27232
0.675799;0.566799;0.4194;0.4133;0.5;-7.23507
0.1704;0.604;0.4268;0.5213;0.5;-2.96545
0.782399;0.539999;0.782399;0.578699;0.5;0.486286
0.5946;0.2893;0.526199;0.2276;0.5;8.14197
0.4527;0.515699;0.4318;0.672499;0.5;-1.75664
0.2006;0.728999;0.279199;0.352999;0.5;1.1653
0.641999;0.0767;0.476199;0.1485;0.5;-2.9829
0.3294;0.298699;0.4282;0.737199;0.5;6.18065
0.4773;0.5522;0.5473;0.6019;0.5;-6.58435
0.5732;0.570399;0.559799;0.1849;0.5;-3.6872
0.4553;0.4933;0.3835;0.689399;0.5;-2.64451
0.434799;0.350399;0.4161;0.407299;0.5;2.1057
0.478;0.4981;0.5671;0.556799;0.5;-2.41693
0.472999;0.831199;0.4955;0.812;0.5;6.78564
0.8171;0.4835;0.625799;0.0;0.5;2.76275
0.2803;0.2165;0.3982;0.575999;0.5;5.37073
0.4757;0.783999;0.549099;0.646;0.5;-4.03495
0.612099;0.3441;0.506499;0.588799;0.5;-2.90424
0.3712;0.2972;0.186199;0.0;0.5;-1.8753
0.314299;0.518699;0.5059;0.922999;0.5;0.720925
0.470099;0.387;0.0;0.2985;0.5;-1.01884
0.3077;0.403499;1.0;0.4472;0.5;1.70657
0.5011;0.5161;0.4864;0.365299;0.5;3.14766
0.666399;0.727399;0.724399;0.417;0.5;-0.772779
0.4307;0.2373;0.3947;0.692399;0.5;3.71181
0.357299;0.426199;0.460899;0.5581;0.5;-5.12669
0.6028;1.0;0.6028;1.0;0.5;2.0042
1.0;0.7532;1.0;0.4733;0.5;2.5397
0.6505;0.489999;0.6505;0.656099;0.5;11.0168
0.571099;0.468;0.240499;0.1081;0.5;0.416739
0.294499;0.2222;0.4824;0.588899;0.5;-4.48871
0.1181;0.3767;0.2608;0.1226;0.5;-2.59587
0.747799;0.485299;0.459199;0.596699;0.5;1.08659
0.2302;0.2604;0.390799;0.494;0.5;-6.78411
0.537;0.690899;0.6429;0.6273;0.5;7.72643
0.670099;0.6796;0.4376;0.318899;0.5;6.41009
0.2815;0.1169;0.4148;0.5059;0.5;4.07913
0.4952;0.5688;0.6261;0.530999;0.5;-2.98647
0.499399;0.4262;0.4316;0.430199;0.5;-2.52698
0.5248;0.647499;0.5212;0.7167;0.5;0.746686
0.616;0.5775;0.6408;0.5183;0.5;-0.805133
0.5257;0.698499;0.5627;0.787099;0.5;2.19336
0.804599;0.7004;0.804599;0.504999;0.5;-1.08853
0.5396;0.5941;0.5396;0.6171;0.5;-4.99678
0.6558;0.407399;0.5778;0.3576;0.5;0.794471
0.450499;0.476199;0.5285;0.598599;0.5;9.32687
0.4828;0.559;0.4828;0.5572;0.5;1.93067
0.767099;1.0;0.767099;0.9544;0.5;-2.40395
0.8624;0.735099;0.783899;0.5363;0.5;-6.16187
0.4221;0.5221;0.4635;0.706399;0.5;-0.0837672
0.588999;0.2789;0.0;0.399899;0.5;-4.64369
0.4596;1.0;1.0;1.0;0.5;4.14557
1.0;1.0;1.0;0.811799;0.5;3.64528
1.0;0.171299;0.392599;0.8559;0.5;3.13993
0.565299;0.238399;1.0;0.348499;0.5;-1.07711
0.3273;0.2791;0.095299;0.0731;0.5;-6.02449
0.1235;0.2272;0.4331;0.4855;0.5;2.44596
0.497;0.384;0.575999;0.523;0.5;0.374139
0.2478;0.491199;0.2658;0.509399;0.5;1.18541
0.625699;0.497799;0.5517;0.415399;0.5;0.333465
0.6953;0.5919;0.421499;0.3903;0.5;3.75028
0.1207;0.146599;0.3373;0.2783;0.5;-5.31209
0.5566;0.582699;0.528599;0.550599;0.5;0.00692123
0.3521;0.424499;0.5113;0.4917;0.5;6.59741
0.492899;0.4458;0.172699;0.1494;0.5;-4.47748
0.1076;0.077899;0.1754;0.165599;0.5;-0.936215
0.3492;0.414999;0.529499;0.5187;0.5;2.49365
0.263299;0.2573;0.1961;0.362299;0.5;3.68062
0.4211;0.6121;0.5604;0.7321;0.5;-4.93813
0.6938;0.913699;0.539299;0.882099;0.5;-3.15387
1.0;0.668199;0.8583;0.1834;0.5;7.96934
0.2843;0.1522;0.4435;0.495099;0.5;-4.97427
0.446899;0.7221;0.5916;0.7705;0.5;-0.360148
0.706299;0.555399;0.7073;0.540099;0.5;5.70213
0.6098;0.5042;0.381;0.389199;0.5;-1.50533
0.2392;0.399;0.5008;0.614;0.5;0.136311
0.7391;0.584599;0.432199;0.2239;0.5;2.62627
0.148299;0.2648;0.404;0.6211;0.5;0.82211
0.5654;0.560299;0.5788;0.582099;0.5;0.255276
0.6556;0.8119;0.6934;0.5629;0.5;1.28526
0.666499;0.3808;0.6015;0.5518;0.5;1.27375
0.49;0.504;0.507999;0.559999;0.5;4.36538
0.632899;1.0;0.6799;1.0;0.5;0.493182
0.919699;0.495799;0.764199;0.2998;0.5;4.86483
0.369;0.332899;0.062599;0.1555;0.5;5.6922
0.0405;0.0849;0.099;0.005299;0.5;-7.27455
0.0;0.0;0.0;0.2019;0.5;-0.0912655
0.738699;0.6736;0.643599;0.432499;0.5;-0.295185
0.595;0.305399;0.4695;0.5448;0.5;7.08982
0.553999;0.6352;0.4224;0.305199;0.5;-6.92714
0.1582;0.172699;0.4595;0.489899;0.5;-3.26053
0.3306;0.4098;0.381499;0.430099;0.5;5.0636
0.4923;0.3743;0.4055;0.3333;0.5;3.85324
0.483699;0.4894;0.465799;0.521899;0.5;-2.41479
0.6448;0.6828;0.6702;0.7885;0.5;2.50678
0.6059;0.4737;0.456;0.4116;0.5;0.350834
0.360999;0.6267;0.590199;0.527899;0.5;-0.877087
0.4707;0.292999;0.4193;0.4357;0.5;-0.309407
0.581199;0.5986;0.56;0.5871;0.5;-4.40976
0.5102;0.550999;0.523699;0.526;0.5;4.22232
0.5062;0.4192;0.5119;0.388999;0.5;-0.907372
0.529199;0.469999;0.582599;0.594799;0.5;-2.94298
0.5053;0.5649;0.4514;0.4365;0.5;6.80115
0.114799;0.163999;0.1687;0.2669;0.5;-2.67285
0.588999;0.7473;0.571999;0.707599;0.5;1.55969
0.8481;0.5838;0.7059;0.576899;0.5;9.93915
0.575199;0.6036;0.4581;0.3884;0.5;-6.86044
0.1372;0.189599;0.3674;0.3413;0.5;-3.53125
0.2557;0.268999;0.1509;0.2145;0.5;-0.141524
0.4483;0.8207;0.5992;0.996399;0.5;4.68511
0.931999;0.5154;0.8059;0.4638;0.5;-2.79946
0.3692;0.5912;0.448499;0.544999;0.5;-2.07375
0.656799;0.4051;0.581;0.5115;0.5;9.51482
0.6724;0.8203;0.710699;0.369199;0.5;-1.36819
0.461499;0.371099;0.3516;0.312999;0.5;-3.7888
0.2877;0.315999;0.4131;0.7775;0.5;3.12983
0.4465;0.569;0.5153;0.4626;0.5;-0.0125218
0.663;0.642999;0.559;0.4513;0.5;0.762774
0.406399;0.265;0.314999;0.337899;0.5;0.245799
0.3558;0.3344;0.4543;0.4182;0.5;-0.533997
0.392599;0.5443;0.4875;0.6082;0.5;1.97572
0.8249;0.9513;0.8269;0.796299;0.5;-1.21377
0.384799;0.072599;0.2303;0.0;0.5;0.380207
0.062799;0.2291;0.116399;0.062;0.5;-2.16716
0.465299;0.377299;0.4542;0.8004;0.5;-2.05984
0.3959;0.4725;0.507899;0.523599;0.5;-0.567644
0.4877;0.338;0.0512;0.0;0.5;9.3021
0.0;0.087499;0.235599;0.6433;0.5;-0.665842
0.555599;0.422;0.3073;0.0;0.5;-1.03755
0.1745;0.1479;0.3138;0.7637;0.5;2.21627
0.493099;0.4742;0.6173;0.556899;0.5;6.91336
0.6592;0.6052;0.420299;0.1684;0.5;-2.58305
0.002199;0.2925;0.0;0.190299;0.5;-2.29303
0.3064;0.108699;0.9308;0.3947;0.5;-0.705301
0.459;0.6187;0.654499;0.8178;0.5;2.4508
0.7466;0.5966;0.5527;0.417199;0.5;-2.04593
0.404199;0.4438;0.591;0.7169;0.5;8.65193
0.7639;0.8124;0.747599;0.6889;0.5;0.473655
0.3426;0.481999;0.213699;0.241799;0.5;2.59957
0.4514;0.306999;0.5275;0.6454;0.5;0.637616
0.9229;0.7432;0.7325;0.532999;0.5;-4.34385
0.213299;0.2728;0.245;0.239;0.5;-5.7013
0.3022;0.2878;0.3627;0.368;0.5;-2.82765
0.4421;0.488199;0.5261;0.5717;0.5;2.97699
0.4176;0.489999;0.0122;0.471699;0.5;5.73147
0.5703;0.6072;0.923999;0.7312;0.5;1.47599
0.6644;0.998799;0.8199;0.5656;0.5;8.03498
0.593399;0.177199;0.524799;0.604799;0.5;2.91885
0.413899;0.4514;0.379799;0.4457;0.5;-0.538724
0.744;1.0;0.8455;1.0;0.5;-4.95944
0.8298;0.4389;0.8;0.4239;0.5;-2.86076
0.5046;0.818999;0.535599;0.559799;0.5;3.45104
0.627399;0.491;0.5762;0.476199;0.5;0.406606
0.6841;0.606999;0.610599;0.5865;0.5;10.5573
0.3706;0.8038;0.4953;0.916399;0.5;-7.07901
0.9877;0.438199;0.846;0.5463;0.5;-0.715809
0.4489;0.7499;0.5906;0.6798;0.5;0.640489
0.712299;0.6751;0.712299;0.620999;0.5;5.39957
0.6517;0.5622;0.439399;0.3393;0.5;-5.84756
0.3506;0.409799;0.4656;0.568099;0.5;3.8446
0.4726;0.2828;0.5699;0.5547;0.5;1.10864
0.586099;0.8942;0.586099;0.6872;0.5;-1.15142
0.7174;0.573999;0.646699;0.4431;0.5;-5.63407
0.377599;0.1171;0.2651;0.267199;0.5;7.25034
0.3553;0.6404;0.439399;0.808399;0.5;-1.59382
0.8005;0.7635;0.7567;0.431;0.5;-0.287263
0.311599;0.099;0.2635;0.123;0.5;-0.822418
0.267499;0.507999;0.292899;0.218;0.5;1.41916
0.3353;0.135999;0.2667;0.413499;0.5;-0.736116
0.1747;0.341;0.391999;0.3808;0.5;8.33601
0.4513;0.2224;0.320999;0.487299;0.5;4.06761
0.5211;0.7876;0.6683;0.6804;0.5;0.108976
0.7028;0.645;0.5594;0.4752;0.5;-1.114
0.3806;0.456699;0.5102;0.7303;0.5;5.81331
0.7988;0.6825;0.8126;0.604699;0.5;-1.98011
0.523;0.320799;0.4177;0.2818;0.5;-6.57613
0.3919;0.418;0.432199;0.56;0.5;0.328423
0.548099;0.898;0.613099;0.5886;0.5;3.95092
0.5017;0.256;0.4619;0.386799;0.5;4.78982
0.3908;0.550999;0.3497;0.4139;0.5;3.34782
0.5119;0.59;0.5928;0.5805;0.5;8.9063
0.590499;0.250399;0.420999;0.377499;0.5;-1.00637
0.331099;0.4956;0.1648;0.1715;0.5;2.63741
0.1989;0.277999;0.3109;0.139199;0.5;-4.44947
0.181999;0.097599;0.405799;0.7786;0.5;-4.11959
0.716699;0.5425;0.6029;0.404699;0.5;0.431098
0.4186;0.471899;0.271099;0.0207;0.5;-0.229465
0.0487;0.249;0.2307;0.5563;0.5;5.53317
0.5089;0.244199;0.3614;0.480499;0.5;-5.17036
0.560199;0.7773;0.7667;0.7404;0.5;0.12523
0.7021;0.666499;0.6171;0.4175;0.5;4.25518
0.248799;0.515699;0.354099;0.7667;0.5;1.19702
0.9217;0.6013;0.877099;0.539099;0.5;-1.52902
0.549999;0.617999;0.4542;0.3851;0.5;-2.06059
0.2937;0.15;0.2674;0.287199;0.5;-1.33638
0.3066;0.445499;0.4695;0.6094;0.5;0.493468
0.64;0.630499;0.5581;0.3931;0.5;-0.262742
0.223099;0.281;0.052299;0.0;0.5;3.33525
0.4;0.1766;0.218399;0.402699;0.5;0.253613
0.1369;0.273399;0.5129;0.564;0.5;2.56661
0.6084;0.664;0.5839;0.5766;0.5;-1.0909
0.4816;0.488;0.336099;0.229699;0.5;4.16846
0.285899;0.215999;0.3748;0.4373;0.5;-3.92724
0.4861;0.652;0.591799;0.7163;0.5;-2.24824
0.7146;0.751999;0.6371;0.2414;0.5;-2.79172
0.375299;0.267;0.4296;0.682599;0.5;3.39394
0.5792;0.609999;0.6399;0.8241;0.5;7.44115
0.8382;0.625999;0.562;0.5062;0.5;2.45689
0.436699;0.54;0.657899;0.529399;0.5;-3.60807
0.5433;0.382899;0.3468;0.2498;0.5;-1.74649
0.224799;0.435099;0.354699;0.2539;0.5;0.629575
0.3641;0.1655;0.3166;0.464199;0.5;-5.25323
0.2653;0.503499;0.3727;0.4704;0.5;0.585343
0.5591;0.5192;0.7227;0.520399;0.5;6.12726
0.5626;0.557099;0.460699;0.6935;0.5;-2.55037
0.601399;0.591699;0.5395;0.4035;0.5;-2.31279
0.4257;0.58;0.424199;0.239999;0.5;9.09696
0.355;0.135999;0.305499;0.597799;0.5;-2.81486
0.552199;0.4553;0.4489;0.3411;0.5;2.98548
0.3355;0.617799;0.5459;0.6671;0.5;2.0922
0.762;0.4539;0.7638;0.657;0.5;5.82297
0.4968;0.645;0.248899;0.271599;0.5;-6.03359
0.309099;0.282999;0.0602;0.0;0.5;-0.485288
0.0;0.0;0.334699;0.669;0.5;0.814069
0.639499;0.6937;0.5324;0.4875;0.5;0.154282
0.381;0.2375;0.291899;0.2892;0.5;-0.455253
0.2335;0.4055;0.462;0.2593;0.5;2.72158
0.624699;0.637;0.617;0.629999;0.5;1.9933
0.3632;0.547;0.3672;0.475;0.5;2.77562
0.5046;0.37;0.480799;0.428899;0.5;-2.90008
0.287399;0.059599;0.329499;0.3474;0.5;3.5817
0.525;0.477799;0.4451;0.5228;0.5;-1.11008
0.431099;0.421199;0.4473;0.2469;0.5;-8.61069
0.4681;0.7424;0.543599;0.8504;0.5;-0.644933
0.7931;1.0;0.7931;0.790599;0.5;5.53929
1.0;0.262;0.916599;0.617;0.5;-4.66264
0.3486;0.550999;0.507899;0.673;0.5;0.0511598
0.697099;0.625;0.639099;0.483999;0.5;4.85139
0.4554;0.5062;0.5308;0.513;0.5;0.379069
0.407299;0.2828;0.350999;0.702999;0.5;3.61448
0.5886;0.389599;0.5668;0.201999;0.5;-1.64159
0.322199;0.295;0.3904;0.5441;0.5;0.615741
0.5573;0.729399;0.515899;0.4069;0.5;-0.0126589
0.451999;0.3416;0.4141;0.4871;0.5;1.69106
0.3641;0.445799;0.485299;0.5669;0.5;-2.50548
0.5922;0.445899;0.5473;0.454599;0.5;-2.54109
0.4266;0.7197;0.4715;0.430399;0.5;2.904
0.653699;0.495999;0.559899;0.489;0.5;0.603951
0.2796;0.414999;0.2924;0.315999;0.5;4.12065
0.4118;0.1547;0.278199;0.4189;0.5;2.32732
0.2514;0.2483;0.2498;0.2558;0.5;-2.47965
0.3431;0.351699;0.515499;0.5669;0.5;-1.76014
0.608;0.6819;0.2964;0.250699;0.5;5.53908
