<OPEN>;<HIGH>;<LOW>;<CLOSE>;(predicted -> )<LOW>
1.0;1.0;1.0;1.0;0.1919798
1.0;1.0;1.0;1.0;0.98285
1.0;1.0;1.0;1.0;0.604438
1.0;1.0;1.0;1.0;-0.19772726
0.0;0.0;0.0;0.0;0.3737263
0.0;0.0;0.0;0.0;0.39922518
0.0;0.0;0.0;0.0;0.5073361
0.0;0.0;0.0;0.0;0.41506806
0.5;0.5;0.5;0.5;0.3616206
0.0;0.0;0.0;0.0;0.8013061
0.519;0.519;0.519;0.519;0.5067937
0.494;0.494;0.494;0.494;0.91466826
1.0;1.0;1.0;1.0;0.546395
1.0;1.0;1.0;1.0;-0.30248845
1.0;1.0;1.0;1.0;1.2629442
0.0;0.0;0.0;0.0;1.1143081
0.0;0.0;0.0;0.0;-0.6637641
0.622;0.622;0.622;0.622;0.56805533
0.822999;0.822999;0.822999;0.822999;1.5838615
0.268;0.268;0.268;0.268;-0.22180754
0.669;0.669;0.669;0.669;-0.2015956
0.442;0.442;0.442;0.442;1.2556248
0.762;0.762;0.762;0.762;0.78884876
0.597;0.597;0.597;0.597;-0.11724907
0.262999;0.262999;0.262999;0.262999;0.76468503
0.577999;0.577999;0.577999;0.577999;0.70436513
1.0;1.0;1.0;1.0;0.6264798
0.689999;0.689999;0.689999;0.689999;1.0676556
0.513;0.513;0.513;0.513;0.16651073
0.015;0.015;0.015;0.015;-0.35943472
0.123999;0.123999;0.123999;0.123999;0.99116486
0.0;0.0;0.0;0.0;1.0093741
1.0;1.0;1.0;1.0;-0.045014203
1.0;1.0;1.0;1.0;0.867658
1.0;1.0;1.0;1.0;0.6273858
0.0;0.0;0.0;0.0;0.35315675
0.0;0.0;0.0;0.0;0.5213849
0.173;0.173;0.173;0.173;-0.040460408
0.696999;0.696999;0.696999;0.696999;0.58059615
0.289;0.289;0.289;0.289;1.1411719
0.544;0.544;0.544;0.544;0.1827232
0.334999;0.334999;0.334999;0.334999;0.30258814
0.268;0.268;0.268;0.268;0.30780357
0.555;0.555;0.555;0.555;0.07654351
0.089999;0.089999;0.089999;0.089999;-0.043494284
0.0;0.0;0.0;0.0;0.4699103
0.029;0.029;0.029;0.029;0.9610526
0.312999;0.312999;0.312999;0.312999;0.41701713
1.0;1.0;1.0;1.0;0.32762808
0.5;0.5;0.5;0.5;0.23968735
0.215;0.215;0.215;0.215;0.2015225
0.891999;0.891999;0.891999;0.891999;0.517147
0.508;0.508;0.508;0.508;0.33355874
1.0;1.0;1.0;1.0;0.28130928
0.658999;0.658999;0.658999;0.658999;0.47828475
1.0;1.0;1.0;1.0;0.45090833
0.257999;0.257999;0.257999;0.257999;0.513982
0.486999;0.486999;0.486999;0.486999;0.31794828
0.0;0.0;0.0;0.0;0.4057757
0.333;0.333;0.333;0.333;0.7770649
1.0;1.0;1.0;1.0;0.51788014
0.265;0.265;0.265;0.265;0.2285234
0.440999;0.440999;0.440999;0.440999;0.8390895
0.63;0.63;0.63;0.63;0.7305733
0.498999;0.498999;0.498999;0.498999;0.005309999
1.0;1.0;1.0;1.0;0.5668096
0.967;0.967;0.967;0.967;0.76590693
1.0;1.0;1.0;1.0;0.046705425
1.0;1.0;1.0;1.0;0.47901192
1.0;1.0;1.0;1.0;0.68831366
0.309999;0.309999;0.309999;0.309999;0.4708878
0.402;0.402;0.402;0.402;0.37756485
0.245999;0.245999;0.245999;0.245999;0.7878295
1.0;1.0;1.0;1.0;0.27769724
0.942;0.942;0.942;0.942;0.12226024
0.646;0.646;0.646;0.646;0.9451024
0.87;0.87;0.87;0.87;0.6916098
0.739999;0.739999;0.739999;0.739999;-0.23797232
0.292;0.292;0.292;0.292;1.1944466
0.509999;0.509999;0.509999;0.509999;0.4944376
0.0;0.0;0.0;0.0;-0.22046047
0.0;0.0;0.0;0.0;1.3986281
0.163999;0.163999;0.163999;0.163999;0.39125007
0.056;0.056;0.056;0.056;-0.12033063
1.0;1.0;1.0;1.0;1.1936061
0.369;0.369;0.369;0.369;1.0392897
0.332;0.332;0.332;0.332;0.031059206
0.0;0.0;0.0;0.0;0.7932595
0.5;0.5;0.5;0.5;0.86899316
0.5;0.5;0.5;0.5;0.10892671
0.5;0.5;0.5;0.5;0.44611016
0.5;0.5;0.5;0.5;1.1833482
0.5;0.5;0.5;0.5;0.19370237
0.5;0.5;0.5;0.5;0.6772868
0.5;0.5;0.5;0.5;0.5412988
0.5;0.5;0.5;0.5;0.22614518
0.5;0.5;0.5;0.5;0.78192866
0.5;0.5;0.5;0.5;0.6455175
0.5;0.5;0.5;0.5;-0.08446056
0.5;0.5;0.5;0.5;0.5406253
0.5;0.5;0.5;0.5;0.37845296
0.5;0.5;0.5;0.5;0.7017485
0.5;0.5;0.5;0.5;0.5266897
1.0;1.0;1.0;1.0;0.3330521
0.3226;0.3018;0.3226;0.2997;0.060027063
0.483999;0.483999;0.483999;0.493099;0.625699
0.080999;0.080999;0.080999;0.080999;0.21645942
0.6907;0.6907;0.6907;0.6907;0.14491001
0.4021;0.4021;0.4021;0.4021;0.6011836
0.6398;0.6398;0.6398;0.6398;0.7253758
0.523099;0.523099;0.523099;0.523099;0.41136065
0.459299;0.459299;0.459299;0.459299;0.37940067
0.442;0.442;0.442;0.442;0.52589697
0.503499;0.503499;0.503499;0.503499;0.10402125
0.2972;0.2972;0.2972;0.2972;0.59239787
0.4756;0.4756;0.4756;0.4756;0.9434752
0.6336;0.6336;0.6336;0.6336;0.84066904
0.468599;0.468599;0.468599;0.468599;-0.09809214
0.5286;0.6026;0.4726;0.5306;0.41912118
0.2769;0.2029;0.3329;0.274899;0.6445877
0.6033;0.6033;0.6033;0.6033;0.74424064
0.392099;0.392099;0.392099;0.392099;0.23512164
0.1263;0.1263;0.1263;0.1263;0.6266169
0.275199;0.275199;0.275199;0.275199;0.4433922
0.4282;0.4282;0.4282;0.4282;0.6500415
0.4953;0.4953;0.4953;0.4953;0.22464314
0.6645;0.6645;0.6645;0.6645;0.19176522
0.3964;0.3964;0.3964;0.3964;0.5705349
0.421099;0.421099;0.421099;0.421099;0.8966319
0.6291;0.6291;0.6291;0.6291;0.59214157
0.472799;0.472799;0.472799;0.472799;0.50949377
0.6168;0.6168;0.6168;0.6168;0.2261869
0.492599;0.492599;0.492599;0.492599;0.10865253
0.525099;0.525099;0.525099;0.525099;0.77078855
0.486;0.486;0.486;0.486;0.37584823
0.6226;0.6226;0.6226;0.6226;0.8085302
0.451999;0.451999;0.451999;0.451999;0.7308475
0.6442;0.6442;0.6442;0.6442;0.2352468
0.091899;0.091899;0.091899;0.091899;0.42458692
0.910399;0.910399;0.910399;0.910399;0.81042564
0.9116;0.9116;0.9116;0.9116;-0.5733141
1.0;1.0;1.0;1.0;1.151871
0.216;0.216;0.216;0.216;0.72001135
0.438599;0.7135;0.4025;0.7014;0.07051152
0.7494;0.793799;0.785499;0.793499;1.0877542
0.782399;1.0;0.782399;1.0;0.31447333
1.0;1.0;1.0;0.0;-0.13943392
1.0;0.450599;0.4004;1.0;0.7829181
0.0;0.0;0.0;0.0;0.006299436
0.0;0.0;0.132;0.0;0.44102588
0.068699;0.5499;0.2207;1.0;0.71381843
1.0;1.0;1.0;1.0;0.16789952
1.0;0.0;1.0;0.0;0.15975156
1.0;1.0;1.0;0.8767;0.6663255
0.2071;0.375;0.277999;0.549299;0.2821974
0.5909;0.509;0.655;0.173;-0.08128363
0.728999;0.509;0.739;1.0;0.8271984
0.459;0.459;0.459;0.459;0.36795062
0.402999;0.402999;0.402999;0.402999;0.66757125
0.108;0.108;0.108;0.108;0.30979437
0.553999;0.553999;0.553999;0.553999;0.61180514
0.0;0.0;0.0;0.0;0.14066616
0.441999;0.441999;0.441999;0.441999;0.89591664
0.0;0.0;0.0;0.0;0.2955846
0.495;0.495;0.495;0.495;-0.16037303
0.288999;0.288999;0.288999;0.288999;0.98575276
0.535;0.535;0.535;0.535;0.67571324
0.601;0.601;0.601;0.601;-0.17454106
0.0;0.0;0.0;0.0;0.78036106
0.702999;0.702999;0.702999;0.702999;0.80764806
0.433;0.433;0.433;0.433;0.24537364
0.111;0.111;0.111;0.111;0.46935597
0.913999;0.913999;0.913999;0.913999;0.5653791
0.594;0.594;0.594;0.594;0.8309952
0.565;0.565;0.565;0.565;0.3831498
0.518;0.518;0.518;0.518;0.817608
0.241;0.241;0.241;0.241;0.05139631
0.781199;0.781199;0.781199;0.781199;0.56925935
0.425799;0.425799;0.425799;0.425799;0.86991704
0.424;0.424;0.424;0.424;0.62763613
1.0;1.0;1.0;1.0;-0.071341574
0.729499;0.729499;0.729499;0.729499;0.65689605
0.2615;0.2615;0.2615;0.2615;0.38224977
0.0;0.0;0.0;0.0;0.595998
0.485;0.485;0.485;0.485;0.6619088
0.7134;0.7134;0.7134;0.7134;0.073646724
0.4376;0.4376;0.4376;0.4376;0.63369197
0.326999;0.326999;0.326999;0.326999;1.2247138
0.353899;0.353899;0.353899;0.353899;0.053482473
0.1731;0.1731;0.1731;0.1731;0.087147176
0.3686;0.3686;0.3686;0.3686;0.7873944
0.476399;0.476399;0.476399;0.476399;0.4274241
0.6931;0.6931;0.6931;0.6931;0.39828342
0.5959;0.759899;0.5029;0.533899;0.40122193
0.3447;0.1807;0.4377;0.4067;0.22194901
0.0013;0.0013;0.0013;0.0013;0.53422374
0.6509;0.8441;0.572599;0.7028;0.7063023
0.603199;0.521899;0.4485;0.410999;-0.13481456
0.6011;0.4905;0.526699;0.2932;0.50809306
0.2149;0.461599;0.5223;0.721999;0.70415056
0.9895;0.8249;0.6617;0.6056;0.46001592
0.189599;0.270199;0.4878;0.401399;0.22358218
0.603999;0.5501;0.633599;0.663;0.6261222
0.5491;0.480499;0.4388;0.401699;0.2112917
0.3033;0.376899;0.3587;0.4123;0.1276783
0.6096;0.5133;0.364599;0.224;0.48834005
0.180899;0.459;0.4573;0.513999;0.36027354
0.3499;0.3591;0.3734;0.487;-0.34111822
0.7696;0.505199;0.474999;0.416999;0.72073853
0.3352;0.412199;0.498;0.718;0.9106032
0.607299;0.4944;0.472;0.228;-0.017870247
0.3823;0.439499;0.612099;0.778399;0.26687303
0.680099;0.8378;0.6519;0.7374;0.5846016
0.515899;0.410699;0.5668;0.393;-0.3580042
0.4147;0.312799;0.218999;0.1582;0.71580327
0.334;0.4993;0.4649;0.518799;0.9838633
0.5762;0.407;0.266999;0.3061;0.2673737
0.1316;0.4037;0.5304;0.7745;0.515037
0.822099;0.587299;0.4259;0.4316;0.6357841
0.4737;0.452099;0.805899;0.44;-0.2879032
0.481999;0.5699;0.4673;0.5717;0.06151718
0.347;0.513999;0.387699;0.437199;1.0459177
0.579099;0.342;0.3404;0.4091;1.06939
0.3281;0.349;0.157499;0.403099;0.13169566
0.452299;0.4862;0.8172;0.5931;0.48978844
0.5102;0.503299;0.5;0.5058;0.62869114
0.5815;0.5528;0.591;0.4895;-0.46349847
0.447899;0.441599;0.4845;0.4732;0.7483653
0.3099;0.3609;0.079899;0.307299;0.78408635
0.8855;1.0;1.0;1.0;0.19367257
0.867799;0.5372;0.888999;0.679;0.46778837
0.606999;0.606999;0.606999;0.606999;-0.09346086
0.4588;0.578399;0.4588;0.337;0.18590012
0.5468;0.9066;0.5468;0.9831;1.1204295
0.814499;0.4428;0.156399;0.0;-0.014770806
0.4566;0.526399;1.0;1.0;0.042884767
0.552099;0.5329;0.638;0.629799;0.641524
0.616799;0.552699;0.563099;0.475;0.3543846
0.4511;0.3933;0.4457;0.4239;-0.1966365
0.4845;0.516999;0.494699;0.622199;0.48924008
0.6321;0.914;0.681;0.7239;0.44532338
0.878699;0.6017;0.739799;0.533;0.60893816
0.41;0.802699;0.5195;0.867;0.76432145
0.8227;1.0;0.716999;0.594999;0.18433848
0.745799;0.0;0.8809;0.684999;0.16443649
0.5636;0.4397;0.0;0.1059;1.0036461
0.062;0.055599;0.8481;0.3001;-0.4296192
0.6205;0.8644;0.6949;0.430999;-0.33876383
0.308899;0.069;0.295999;0.5821;1.4659933
0.3736;0.347999;0.1079;0.0249;0.8326224
0.2315;0.209;0.0;0.526199;0.046317995
0.3619;0.7577;0.8944;0.951699;0.5960695
0.911299;0.8889;0.599399;0.053;0.11802235
0.666;0.3765;0.1171;0.574099;-0.16119558
0.0;0.0555;0.882999;0.312;0.8727423
0.7195;0.498799;0.5577;0.535;0.75142896
0.358;0.3594;0.0;0.338;0.49120107
0.443199;0.533199;1.0;0.863799;1.0583692
0.5885;0.528;0.4779;0.4088;1.0018878
0.5347;1.0;0.644199;0.877399;-0.09684044
0.9097;0.650099;0.9108;1.0;-0.18390495
1.0;0.9506;1.0;0.9654;0.95584315
0.9922;0.6113;0.967199;0.145199;1.3926438
0.3553;0.1449;0.3303;0.634;0.68846864
0.4206;0.4834;0.3504;0.398299;0.67284626
0.505199;0.6006;0.581399;0.5179;0.2579681
0.520299;0.409299;0.4184;0.2008;0.37067455
0.2636;0.4767;0.105799;0.052999;0.95198077
0.173;0.0;0.2515;0.7753;1.0213785
0.564499;0.5383;0.4001;0.2501;0.8175365
0.079;0.1615;0.320499;0.113599;0.59119385
0.608499;0.7564;0.7058;0.597;0.2929441
0.418099;0.306999;0.396999;0.547;0.43614426
0.5817;0.632;0.6157;0.379;0.23369709
0.3643;0.418899;0.4022;0.584999;0.9457819
0.7192;0.5912;0.7192;0.9047;0.3213219
0.424499;0.4169;0.287399;0.0;-0.141532
0.6022;0.561199;0.6606;0.9583;0.46305576
0.3953;0.3904;0.390499;0.1707;1.1214666
0.238099;0.367599;0.296399;0.495999;-0.120747864
0.7634;0.7118;0.6778;0.9308;-0.10679442
0.651399;0.847;0.7622;0.4312;1.1051528
0.805099;0.997;0.805099;0.975999;0.26146093
0.698499;0.741599;0.548;1.0;-0.1333006
0.9855;0.5913;0.267199;0.2281;0.6581537
0.561399;0.409099;1.0;0.498;0.9480707
0.3506;0.4366;0.5837;0.547999;0.030975759
0.5468;0.474699;0.4314;0.5558;0.05152744
0.279;0.3597;0.0;0.2332;0.587248
0.540599;0.6733;1.0;0.745999;0.25294343
0.8453;0.616399;0.6749;0.698399;0.56580824
0.4323;0.548;0.0;0.4206;0.7736496
0.6754;0.909399;1.0;0.95;-0.4743644
0.826599;0.4741;0.646599;0.572999;0.90821904
0.2424;0.4858;0.0;0.4512;1.5337459
0.5117;0.9188;1.0;0.0;0.18832603
0.351899;0.0;0.1663;0.641999;0.3541581
0.5246;0.369899;0.504199;0.12;0.67719144
0.5274;0.485099;0.3868;0.691099;0.1991562
0.1035;0.1113;0.3194;0.0569;0.08438152
0.2328;0.7475;0.505099;0.727;0.9214334
0.6855;0.4204;0.6855;0.8751;0.87142503
0.675799;0.566799;0.4194;0.4133;0.9121768
0.1704;0.604;0.4268;0.5213;0.49513498
0.782399;0.539999;0.782399;0.578699;0.7698587
0.5946;0.2893;0.526199;0.2276;-0.13060647
0.4527;0.515699;0.4318;0.672499;0.19929329
0.2006;0.728999;0.279199;0.352999;1.1270576
0.641999;0.0767;0.476199;0.1485;1.5112869
0.3294;0.298699;0.4282;0.737199;0.71042097
0.4773;0.5522;0.5473;0.6019;0.44900694
0.5732;0.570399;0.559799;0.1849;0.5042128
0.4553;0.4933;0.3835;0.689399;0.26110926
0.434799;0.350399;0.4161;0.407299;0.074052036
0.478;0.4981;0.5671;0.556799;1.3173512
0.472999;0.831199;0.4955;0.812;1.0522716
0.8171;0.4835;0.625799;0.0;0.7235936
0.2803;0.2165;0.3982;0.575999;0.88930047
0.4757;0.783999;0.549099;0.646;0.45981923
0.612099;0.3441;0.506499;0.588799;0.16624251
0.3712;0.2972;0.186199;0.0;0.34977716
0.314299;0.518699;0.5059;0.922999;0.6099157
0.470099;0.387;0.0;0.2985;0.65480393
0.3077;0.403499;1.0;0.4472;0.48386374
0.5011;0.5161;0.4864;0.365299;0.3486268
0.666399;0.727399;0.724399;0.417;0.6124429
0.4307;0.2373;0.3947;0.692399;-0.12355524
0.357299;0.426199;0.460899;0.5581;0.39105934
0.6028;1.0;0.6028;1.0;0.69320124
1.0;0.7532;1.0;0.4733;0.6093673
0.6505;0.489999;0.6505;0.656099;0.25635877
0.571099;0.468;0.240499;0.1081;0.79975045
0.294499;0.2222;0.4824;0.588899;0.4824213
0.1181;0.3767;0.2608;0.1226;0.18153706
0.747799;0.485299;0.459199;0.596699;0.33203882
0.2302;0.2604;0.390799;0.494;0.762277
0.537;0.690899;0.6429;0.6273;0.11469641
0.670099;0.6796;0.4376;0.318899;1.0281317
0.2815;0.1169;0.4148;0.5059;0.58749837
0.4952;0.5688;0.6261;0.530999;-0.30179107
0.499399;0.4262;0.4316;0.430199;0.83032167
0.5248;0.647499;0.5212;0.7167;1.1178129
0.616;0.5775;0.6408;0.5183;0.57097
0.5257;0.698499;0.5627;0.787099;-0.1104005
0.804599;0.7004;0.804599;0.504999;0.97354573
0.5396;0.5941;0.5396;0.6171;1.4374844
0.6558;0.407399;0.5778;0.3576;0.19833961
0.450499;0.476199;0.5285;0.598599;-0.2714165
0.4828;0.559;0.4828;0.5572;1.1130564
0.767099;1.0;0.767099;0.9544;0.38555187
0.8624;0.735099;0.783899;0.5363;0.8524648
0.4221;0.5221;0.4635;0.706399;0.85227406
0.588999;0.2789;0.0;0.399899;-0.3795632
0.4596;1.0;1.0;1.0;0.31477135
1.0;1.0;1.0;0.811799;1.0923676
1.0;0.171299;0.392599;0.8559;-0.147564
0.565299;0.238399;1.0;0.348499;0.6578378
0.3273;0.2791;0.095299;0.0731;0.73098457
0.1235;0.2272;0.4331;0.4855;0.055401742
0.497;0.384;0.575999;0.523;0.9549133
0.2478;0.491199;0.2658;0.509399;0.79288995
0.625699;0.497799;0.5517;0.415399;-0.17238933
0.6953;0.5919;0.421499;0.3903;0.80344
0.1207;0.146599;0.3373;0.2783;0.87656295
0.5566;0.582699;0.528599;0.550599;-0.17399865
0.3521;0.424499;0.5113;0.4917;0.96416396
0.492899;0.4458;0.172699;0.1494;0.8150629
0.1076;0.077899;0.1754;0.165599;-0.7460722
0.3492;0.414999;0.529499;0.5187;0.23946086
0.263299;0.2573;0.1961;0.362299;1.3600103
0.4211;0.6121;0.5604;0.7321;0.11030355
0.6938;0.913699;0.539299;0.882099;0.037836254
1.0;0.668199;0.8583;0.1834;1.0293894
0.2843;0.1522;0.4435;0.495099;0.46018282
0.446899;0.7221;0.5916;0.7705;-0.39808834
0.706299;0.555399;0.7073;0.540099;1.121413
0.6098;0.5042;0.381;0.389199;0.8304111
0.2392;0.399;0.5008;0.614;0.289946
0.7391;0.584599;0.432199;0.2239;1.2897006
0.148299;0.2648;0.404;0.6211;-0.012094557
0.5654;0.560299;0.5788;0.582099;-0.6172546
0.6556;0.8119;0.6934;0.5629;0.9646825
0.666499;0.3808;0.6015;0.5518;0.41028777
0.49;0.504;0.507999;0.559999;-0.024593651
0.632899;1.0;0.6799;1.0;0.8460454
0.919699;0.495799;0.764199;0.2998;0.8461944
0.369;0.332899;0.062599;0.1555;0.21828929
0.0405;0.0849;0.099;0.005299;-0.19190985
0.0;0.0;0.0;0.2019;0.73324955
0.738699;0.6736;0.643599;0.432499;0.50666255
0.595;0.305399;0.4695;0.5448;-0.02585727
0.553999;0.6352;0.4224;0.305199;0.9423129
0.1582;0.172699;0.4595;0.489899;0.3849916
0.3306;0.4098;0.381499;0.430099;-0.11378604
0.4923;0.3743;0.4055;0.3333;1.0542445
0.483699;0.4894;0.465799;0.521899;0.68001074
0.6448;0.6828;0.6702;0.7885;-0.25295693
0.6059;0.4737;0.456;0.4116;0.49340048
0.360999;0.6267;0.590199;0.527899;0.71183956
0.4707;0.292999;0.4193;0.4357;0.3839664
0.581199;0.5986;0.56;0.5871;0.07992309
0.5102;0.550999;0.523699;0.526;0.9174041
0.5062;0.4192;0.5119;0.388999;1.1654727
0.529199;0.469999;0.582599;0.594799;0.09757799
0.5053;0.5649;0.4514;0.4365;0.56004447
0.114799;0.163999;0.1687;0.2669;1.3442866
0.588999;0.7473;0.571999;0.707599;-0.14353472
0.8481;0.5838;0.7059;0.576899;0.0627808
0.575199;0.6036;0.4581;0.3884;1.5276722
0.1372;0.189599;0.3674;0.3413;0.41379848
0.2557;0.268999;0.1509;0.2145;0.1781396
0.4483;0.8207;0.5992;0.996399;0.95076483
0.931999;0.5154;0.8059;0.4638;0.07796806
0.3692;0.5912;0.448499;0.544999;-0.43239677
0.656799;0.4051;0.581;0.5115;1.1736207
0.6724;0.8203;0.710699;0.369199;0.5570583
0.461499;0.371099;0.3516;0.312999;0.3385238
0.2877;0.315999;0.4131;0.7775;1.4554075
0.4465;0.569;0.5153;0.4626;0.58836263
0.663;0.642999;0.559;0.4513;-0.66366875
0.406399;0.265;0.314999;0.337899;0.5799703
0.3558;0.3344;0.4543;0.4182;0.21794358
0.392599;0.5443;0.4875;0.6082;0.5159609
0.8249;0.9513;0.8269;0.796299;1.0534697
0.384799;0.072599;0.2303;0.0;0.05355996
0.062799;0.2291;0.116399;0.062;-0.2088018
0.465299;0.377299;0.4542;0.8004;0.77255285
0.3959;0.4725;0.507899;0.523599;0.13315597
0.4877;0.338;0.0512;0.0;0.24258414
0.0;0.087499;0.235599;0.6433;0.6336383
0.555599;0.422;0.3073;0.0;0.48820296
0.1745;0.1479;0.3138;0.7637;0.7707945
0.493099;0.4742;0.6173;0.556899;0.62978786
0.6592;0.6052;0.420299;0.1684;-0.39689028
0.002199;0.2925;0.0;0.190299;0.8811108
0.3064;0.108699;0.9308;0.3947;0.09244007
0.459;0.6187;0.654499;0.8178;-0.10897595
0.7466;0.5966;0.5527;0.417199;1.3247541
0.404199;0.4438;0.591;0.7169;0.22964397
0.7639;0.8124;0.747599;0.6889;-1.0476955
0.3426;0.481999;0.213699;0.241799;1.1401765
0.4514;0.306999;0.5275;0.6454;0.90821904
0.9229;0.7432;0.7325;0.532999;0.13635674
0.213299;0.2728;0.245;0.239;0.64863485
0.3022;0.2878;0.3627;0.368;0.54614466
0.4421;0.488199;0.5261;0.5717;0.029813468
0.4176;0.489999;0.0122;0.471699;0.8538655
0.5703;0.6072;0.923999;0.7312;0.4330329
0.6644;0.998799;0.8199;0.5656;-0.33788168
0.593399;0.177199;0.524799;0.604799;0.48310676
0.413899;0.4514;0.379799;0.4457;0.58715266
0.744;1.0;0.8455;1.0;0.30894798
0.8298;0.4389;0.8;0.4239;0.10999361
0.5046;0.818999;0.535599;0.559799;0.6368808
0.627399;0.491;0.5762;0.476199;0.25417128
0.6841;0.606999;0.610599;0.5865;-0.30173743
0.3706;0.8038;0.4953;0.916399;0.40628234
0.9877;0.438199;0.846;0.5463;1.1246018
0.4489;0.7499;0.5906;0.6798;-0.4331895
0.712299;0.6751;0.712299;0.620999;0.5312435
0.6517;0.5622;0.439399;0.3393;1.0913782
0.3506;0.409799;0.4656;0.568099;-0.39083445
0.4726;0.2828;0.5699;0.5547;0.47505417
0.586099;0.8942;0.586099;0.6872;0.4936389
0.7174;0.573999;0.646699;0.4431;-0.7760533
0.377599;0.1171;0.2651;0.267199;0.8750669
0.3553;0.6404;0.439399;0.808399;1.174026
0.8005;0.7635;0.7567;0.431;-0.29082978
0.311599;0.099;0.2635;0.123;0.17886677
0.267499;0.507999;0.292899;0.218;0.6815962
0.3353;0.135999;0.2667;0.413499;0.59963983
0.1747;0.341;0.391999;0.3808;-0.32916152
0.4513;0.2224;0.320999;0.487299;0.20804325
0.5211;0.7876;0.6683;0.6804;0.71437275
0.7028;0.645;0.5594;0.4752;-0.5207368
0.3806;0.456699;0.5102;0.7303;0.616955
0.7988;0.6825;0.8126;0.604699;0.79268134
0.523;0.320799;0.4177;0.2818;-0.98272645
0.3919;0.418;0.432199;0.56;1.4099172
0.548099;0.898;0.613099;0.5886;0.6981424
0.5017;0.256;0.4619;0.386799;-1.5674777
0.3908;0.550999;0.3497;0.4139;1.2611203
0.5119;0.59;0.5928;0.5805;0.8411757
0.590499;0.250399;0.420999;0.377499;0.11145988
0.331099;0.4956;0.1648;0.1715;0.8387617
0.1989;0.277999;0.3109;0.139199;-0.7324048
0.181999;0.097599;0.405799;0.7786;0.92184466
0.716699;0.5425;0.6029;0.404699;1.7699293
0.4186;0.471899;0.271099;0.0207;-0.43962085
0.0487;0.249;0.2307;0.5563;1.0863774
0.5089;0.244199;0.3614;0.480499;1.1171334
0.560199;0.7773;0.7667;0.7404;-0.023347914
0.7021;0.666499;0.6171;0.4175;0.799363
0.248799;0.515699;0.354099;0.7667;1.0542684
0.9217;0.6013;0.877099;0.539099;0.6070785
0.549999;0.617999;0.4542;0.3851;-0.10601956
0.2937;0.15;0.2674;0.287199;0.512629
0.3066;0.445499;0.4695;0.6094;1.2558095
0.64;0.630499;0.5581;0.3931;-0.5511054
0.223099;0.281;0.052299;0.0;0.0076405406
0.4;0.1766;0.218399;0.402699;2.155756
0.1369;0.273399;0.5129;0.564;-0.242544
0.6084;0.664;0.5839;0.5766;-0.42125666
0.4816;0.488;0.336099;0.229699;1.0210268
0.285899;0.215999;0.3748;0.4373;0.3991298
0.4861;0.652;0.591799;0.7163;-1.5017457
0.7146;0.751999;0.6371;0.2414;1.3361386
0.375299;0.267;0.4296;0.682599;0.6183378
0.5792;0.609999;0.6399;0.8241;-0.97423875
0.8382;0.625999;0.562;0.5062;-0.2850243
0.436699;0.54;0.657899;0.529399;0.60720366
0.5433;0.382899;0.3468;0.2498;-0.29401267
0.224799;0.435099;0.354699;0.2539;0.826805
0.3641;0.1655;0.3166;0.464199;0.7699243
0.2653;0.503499;0.3727;0.4704;-0.5125352
0.5591;0.5192;0.7227;0.520399;0.6227724
0.5626;0.557099;0.460699;0.6935;1.8854729
0.601399;0.591699;0.5395;0.4035;-0.76383436
0.4257;0.58;0.424199;0.239999;-0.27172643
0.355;0.135999;0.305499;0.597799;2.834838
0.552199;0.4553;0.4489;0.3411;-0.55251205
0.3355;0.617799;0.5459;0.6671;-0.13876039
0.762;0.4539;0.7638;0.657;1.7184607
0.4968;0.645;0.248899;0.271599;-0.615991
0.309099;0.282999;0.0602;0.0;-1.0329434
0.0;0.0;0.334699;0.669;2.8393857
0.639499;0.6937;0.5324;0.4875;-0.07447678
0.381;0.2375;0.291899;0.2892;-0.65967524
0.2335;0.4055;0.462;0.2593;1.5908233
0.624699;0.637;0.617;0.629999;1.0361426
0.3632;0.547;0.3672;0.475;-0.848163
0.5046;0.37;0.480799;0.428899;1.1873178
0.287399;0.059599;0.329499;0.3474;0.8798114
0.525;0.477799;0.4451;0.5228;-1.1401125
0.431099;0.421199;0.4473;0.2469;0.1951746
0.4681;0.7424;0.543599;0.8504;2.2713532
0.7931;1.0;0.7931;0.790599;-1.1592575
1.0;0.262;0.916599;0.617;-1.0007151
0.3486;0.550999;0.507899;0.673;2.7748756
0.697099;0.625;0.639099;0.483999;-0.30593956
0.4554;0.5062;0.5308;0.513;-0.88694775
0.407299;0.2828;0.350999;0.702999;1.2434475
0.5886;0.389599;0.5668;0.201999;0.6936006
0.322199;0.295;0.3904;0.5441;-0.28300965
0.5573;0.729399;0.515899;0.4069;1.1958771
0.451999;0.3416;0.4141;0.4871;1.4744631
0.3641;0.445799;0.485299;0.5669;-0.5072781
0.5922;0.445899;0.5473;0.454599;0.5102746
0.4266;0.7197;0.4715;0.430399;1.6249946
0.653699;0.495999;0.559899;0.489;-0.746549
0.2796;0.414999;0.2924;0.315999;0.7556788
0.4118;0.1547;0.278199;0.4189;1.3695589
0.2514;0.2483;0.2498;0.2558;-0.7387825
0.3431;0.351699;0.515499;0.5669;0.33660454
0.608;0.6819;0.2964;0.250699;1.7110101
0.190899;0.141299;0.5137;0.3987;-0.2584048
0.670999;0.6035;0.431799;0.427;-0.53503
0.338;0.3561;0.4801;0.445999;0.6283037
0.4041;0.402799;0.4753;0.6027;2.5504165
0.4691;0.483899;0.280099;0.162299;0.2131752
0.258199;0.2877;0.4093;0.6081;-0.5163559
0.5402;0.7866;0.636499;0.8301;1.1038296
0.754299;0.7729;0.7488;0.3948;0.3567807
0.4819;0.4026;0.462599;0.661999;-0.6798514
0.7494;0.7793;0.7743;0.800999;0.6164722
0.809999;0.7013;0.736799;0.507;1.4482847
0.4916;0.823799;0.5641;0.544;1.2431197
0.671599;0.3135;0.4749;0.416999;0.32067817
0.3893;0.291699;0.465199;0.464;0.831782
0.610699;0.7083;0.5348;0.535999;1.2256198
0.3893;0.291699;0.465199;0.464;-0.8537718
0.4377;0.433499;0.4147;0.5731;0.46373525
0.334499;0.4288;0.3831;0.4924;2.0344787
0.7748;0.755499;0.796099;0.7287;0.61169785
0.480599;0.4204;0.380099;0.245799;0.6197266
0.319199;0.338799;0.4017;0.358;1.2282305
0.2736;0.4723;0.564999;0.679099;0.5149357
0.692;0.488099;0.433199;0.4729;-0.993199
0.43;0.479;0.402;0.43;0.62881035
0.407;0.327999;0.494;0.489999;1.0130816
0.398;0.327999;0.399;0.355;0.53536814
0.541699;0.809999;0.445599;0.331;0.9358756
0.503299;0.259;0.3974;0.533999;1.0439806
0.2633;0.4742;0.465299;0.5089;1.0636084
0.6015;0.5998;0.5542;0.6191;-1.2260505
0.786899;0.725199;0.827099;0.689;0.2244226
0.664;0.7337;0.6497;0.6997;1.6625158
0.543099;0.696899;0.564499;0.7593;-0.3665694
1.0;0.6853;0.8475;0.605;0.81849015
0.5225;0.910599;0.6597;0.841;2.0189576
0.772499;0.4311;0.6357;0.344;0.07421297
0.1939;0.445899;0.3843;0.8183;-0.20887333
0.895499;0.7627;0.876199;0.412699;0.50609034
0.4954;0.648599;0.4082;0.5618;-0.06360489
0.323;0.0655;0.2909;0.2698;0.8244685
0.3471;0.3972;0.425899;0.339399;2.5533073
0.415799;0.488299;0.3936;0.625;0.223308
0.6167;0.622399;0.6812;0.7621;-0.21030384
0.891999;0.873799;0.864599;0.6989;0.39295477
0.6136;0.5471;0.586399;0.5229;1.0791891
0.470499;0.3648;0.2945;0.391099;0.16594449
0.58;0.822399;0.716699;0.9459;-0.11089522
0.7785;0.734;0.8291;0.703299;1.6017905
0.7302;0.803599;0.712899;0.8026;2.0557575
0.754899;0.7957;0.833;0.843599;-0.65366113
0.8874;0.8736;0.6265;0.6616;-0.5605885
0.6282;0.505299;0.882899;0.6536;1.0393612
0.5713;0.7678;0.5775;0.6704;0.40474454
0.8245;0.666899;0.820499;0.709;1.0585957
0.814799;0.7894;0.724399;0.7007;1.6790501
0.0;0.2067;0.062;0.1313;0.15292087
1.0;0.6998;0.888099;0.811999;-0.53677046
0.375399;0.341699;0.446;0.4136;0.69410723
0.291499;0.3079;0.264199;0.112399;0.030498922
0.3884;0.4773;0.4991;0.6801;1.1724644
0.5044;0.6555;0.550899;0.6189;1.3732663
0.794;0.6002;0.6048;0.503999;1.7756513
0.3367;0.255099;0.332899;0.369;0.24349013
0.2791;0.3418;0.4372;0.25;-0.093156874
0.555599;0.575499;0.3163;0.4808;0.47694364
0.4382;0.5322;0.666399;0.8476;0.14244834
0.7197;0.603;0.424299;0.1356;0.5110614
0.1476;0.192499;0.347799;0.541999;2.0429664
0.8013;0.726099;0.7805;0.55;2.103632
0.290799;0.3899;0.0967;0.158999;0.47733703
0.1018;0.021599;0.1811;0.352;0.003939092
0.4833;0.664;0.717199;0.48;-0.26775676
0.5378;0.339099;0.436499;0.425;0.79857624
0.3081;0.5752;0.428;0.753999;1.2969128
0.798999;0.718899;0.793099;0.681;1.2109272
0.9722;0.9526;0.8729;0.8508;1.1218064
0.3597;0.279;0.3819;0.4109;1.9682101
0.5655;0.555;0.672799;0.4463;-0.992591
0.4374;0.3378;0.296299;0.4206;-0.9769925
0.3061;0.427199;0.3925;0.4224;1.7693511
0.480699;0.3567;0.2639;0.173999;1.5827409
0.2862;0.614599;0.532999;0.837;0.003384769
0.891199;0.6201;0.8969;0.547999;1.4764599
0.542899;0.4932;0.3304;0.263;1.3117782
0.2357;0.250299;0.410999;0.6676;-0.005740702
0.4522;0.427299;0.0804;0.0;-0.51412666
0.1324;0.4205;0.5604;0.9557;0.84726727
0.513499;0.509899;0.5015;0.5123;0.7844082
0.9793;0.697;0.527299;0.3043;0.38391274
0.0945;0.322499;0.5222;0.3167;0.8523694
0.4528;0.3548;0.3672;0.5853;0.1962296
0.4236;0.523399;0.5455;0.5807;-0.2812453
0.9494;0.726;0.6815;0.562899;0.035058677
0.365299;0.5443;0.6048;0.610599;1.6137472
0.6096;0.558699;0.622799;0.6226;0.34202856
0.6325;0.6781;0.637699;0.6689;0.116901785
0.545;0.6769;0.555;0.623999;2.1760159
0.654;0.433;0.590299;0.323;-0.2899059
0.236999;0.3828;0.300699;0.629999;-1.7047293
0.686;0.6532;0.6617;0.384;2.0047002
0.384;0.418299;0.4083;0.591999;1.3678542
0.591999;0.5946;0.591999;0.478;-0.34115994
0.6598;0.4101;0.4892;0.463;0.9818129
0.318999;0.326499;0.1714;0.049999;0.63064617
0.1307;0.2959;0.307599;0.5898;-0.08847791
0.3794;0.2515;0.3989;0.2536;0.1669518
0.1219;0.1471;0.126799;0.025599;-0.72359526
0.4832;0.535699;0.5491;0.764;2.2484117
0.579599;0.6104;0.630599;0.654999;1.5836469
0.605399;0.633699;0.4922;0.255;0.1690022
0.3659;0.2042;0.172699;0.232999;1.1238568
0.2795;0.5079;0.5859;0.8045;-0.44334018
0.6294;0.487299;0.6064;0.451499;-0.80541456
0.6463;0.5799;0.540699;0.443;1.3713173
0.383199;0.386099;0.3065;0.364;0.53511184
0.334499;0.3214;0.4275;0.361;0.54044646
0.2462;0.414899;0.358499;0.487099;0.7658473
0.4997;0.497399;0.465499;0.660299;-0.042838633
0.703499;0.7893;0.7377;0.7206;-0.6026753
0.9202;0.8621;0.8813;0.873899;0.4171423
0.765699;0.616199;0.5337;0.2391;0.118678
0.23;0.275199;0.3982;0.689;1.1649363
0.613199;0.5617;0.671299;0.366;1.2301676
0.2227;0.2059;0.193;0.163;-0.88920677
0.4483;0.4403;0.3108;0.42;-0.31247818
0.464;0.563599;0.505899;0.8263;0.52054447
0.610699;0.4481;0.7226;0.447699;-0.75454795
0.3583;0.428;0.3239;0.384;0.28862873
0.479299;0.5469;0.394199;0.4145;1.4852635
0.388999;0.317799;0.3297;0.3915;0.46996394
0.6945;0.7535;0.785999;0.8902;-0.1568206
0.746499;0.806799;0.8762;0.6768;0.8593849
0.7754;0.613;0.5009;0.4368;-0.0721522
0.2101;0.3351;0.4316;0.310199;0.42242923
0.337199;0.4568;0.405799;0.626;0.35834235
0.6379;0.601799;0.6379;0.613999;0.8852235
0.741;0.5803;0.417499;0.3986;1.3931803
0.185099;0.1432;0.3615;0.227399;0.8960716
0.3716;0.503599;0.5017;0.777799;1.4327935
0.654699;0.4995;0.545099;0.4238;0.23363748
0.5759;0.637799;0.5602;0.4819;-0.55857384
0.3621;0.6197;0.5044;0.493499;1.2305789
0.551099;0.2862;0.5489;0.6018;1.8166236
0.4748;0.430199;0.295099;0.307099;-0.22813755
0.312799;0.352;0.4516;0.3301;1.908975
0.5608;0.686799;0.4284;0.485399;1.1325233
0.365199;0.1973;0.372199;0.4157;-0.62642777
0.3306;0.3946;0.456499;0.5378;-0.22779185
0.5326;0.597799;0.5752;0.6002;0.27597466
0.523199;0.715299;0.523199;0.6829;1.0952883
0.8035;0.590299;0.6892;0.489799;1.7176679
0.4605;0.3406;0.4039;0.339099;-0.42693698
0.451999;0.459499;0.427599;0.4824;-0.6285974
0.3229;0.3878;0.2559;0.071699;1.0644548
0.2317;0.175999;0.2477;0.4461;0.68223995
0.2186;0.3458;0.425899;0.406699;-0.38679326
0.560199;0.555399;0.532499;0.5106;0.48339882
0.5499;0.4326;0.5836;0.5566;1.7070881
0.4559;0.450199;0.3828;0.3566;-0.21990019
0.466;0.5273;0.5225;0.637;-0.23784119
0.469999;0.4146;0.2889;0.0604;0.5866818
0.224399;0.3469;0.455099;0.590299;-0.26195723
0.596;0.617799;0.5364;0.495799;0.34826916
0.4009;0.4255;0.4056;0.675;2.0809941
0.739599;0.6674;0.6089;0.3561;-0.07086474
0.1912;0.352399;0.376799;0.6613;0.3618471
0.679099;0.4936;0.6445;0.472099;1.5617958
0.5684;0.5473;0.344899;0.2445;-0.1310535
0.2872;0.3884;0.5088;0.674299;-0.9923049
0.736699;0.669699;0.770699;0.646699;0.6692938
0.538699;0.6694;0.425699;0.686199;2.5037282
0.7453;0.6691;0.8114;0.4247;-0.3716656
0.4891;0.3811;0.427799;0.463999;0.15565673
0.4743;0.4161;0.4578;0.4878;1.6039184
0.273199;0.3367;0.344799;0.3565;-0.98245823
0.5809;0.5932;0.5376;0.457699;-0.34636343
0.4701;0.4475;0.4832;0.6967;1.1590772
0.486699;0.6628;0.572499;0.449299;-0.1555689
0.503299;0.571999;0.503299;0.710699;2.0611935
0.7202;0.5397;0.6538;0.4937;0.7126204
0.4268;0.364699;0.0941;0.0823;-1.016564
0.0821;0.1568;0.4812;0.3433;1.413714
0.580099;0.5149;0.5444;0.6524;0.12919226
0.5147;0.558699;0.540499;0.570999;-1.4736005
0.536099;0.4482;0.44;0.4616;0.53648275
0.3876;0.410299;0.3047;0.089999;1.545798
0.212499;0.5588;0.401399;0.823;0.13771573
0.7389;0.607299;0.7389;0.556999;1.028686
0.683399;0.7302;0.6785;0.8516;-0.15426952
0.6883;0.6601;0.6633;0.630199;-0.63808644
0.5566;0.3449;0.468;0.2605;-0.12224394
0.399999;0.419899;0.4416;0.3277;1.6022018
0.3487;0.6167;0.425599;0.7583;0.12982407
0.622399;0.351499;0.5152;0.459199;0.52754205
0.7146;1.0;0.820599;0.9937;0.9863965
0.8959;0.667299;0.8523;0.4681;-1.1847862
0.5566;0.5181;0.4802;0.5807;-0.56968415
0.420999;0.2995;0.4296;0.3963;1.2978367
0.0;0.631399;0.0;0.7377;0.60851496
1.0;0.606;1.0;0.601799;0.36268157
0.6209;0.551199;0.6038;0.4132;0.0728063
0.477499;0.465199;0.4437;0.4625;0.46332994
0.3794;0.4323;0.495699;0.538799;-0.18282014
0.5871;0.5563;0.5498;0.5344;-0.4424044
0.649799;0.634;0.678899;0.6048;0.3236286
0.5352;0.5197;0.517199;0.563099;1.1401348
0.5246;0.6358;0.504799;0.6125;1.092612
0.4778;0.337599;0.4819;0.341999;0.18439808
0.471499;0.455;0.338299;0.411999;0.57702583
0.399999;0.417299;0.5348;0.5396;0.6423525
0.6138;0.8278;0.6643;0.8278;-0.032121718
0.8194;0.6927;0.8194;0.6299;0.30296364
0.5459;0.622499;0.5459;0.622599;0.6198756
0.590999;0.5862;0.491499;0.646;0.36997122
0.6964;0.8278;0.7959;0.7755;2.2205462
0.7749;0.682199;0.733;0.604799;0.59313697
0.5383;0.4369;0.5285;0.5327;-0.47682607
0.542199;0.4692;0.535299;0.415699;0.71651256
0.4514;0.449299;0.3045;0.3143;0.83252704
0.604599;0.779;0.776899;0.8779;0.11733094
0.4125;0.2918;0.3939;0.409499;2.1033754
0.577199;0.502199;0.4331;0.3849;-0.3884741
0.3763;0.3482;0.503399;0.416799;0.68417114
0.4619;0.459199;0.3393;0.4814;2.2341242
0.0;0.6289;0.0;0.512499;-1.4476188
1.0;0.589299;1.0;0.7224;-0.43484652
0.8742;0.6158;0.559799;0.2939;2.5965147
0.2273;0.2193;0.4557;0.4737;-0.4517027
0.3792;0.3597;0.0;0.0;0.81067
0.0;0.102899;0.5209;0.591899;1.7091087
0.5424;0.6016;0.4057;0.6404;-0.65118754
0.685399;0.7881;0.8061;0.770199;-0.6819018
0.8393;0.562899;0.642399;0.3597;0.48904935
0.2913;0.7147;0.2494;0.9064;1.236146
0.8763;0.4936;0.867599;0.323799;1.2817434
0.357399;0.431999;0.624099;0.6195;1.1979036
0.585699;0.9046;0.585699;0.6462;0.97238344
1.0;0.730499;0.7468;0.614799;-0.30732834
0.3209;0.3032;0.3444;0.5824;-0.26817995
0.624499;0.674299;0.8308;0.780899;1.0951035
0.5418;0.4126;0.4861;0.2805;1.1540048
0.305;0.3718;0.0803;0.0465;0.55622977
0.2769;0.319199;0.537299;0.5961;1.487588
0.587599;0.6304;0.6308;0.784199;0.30095497
0.710699;0.5121;0.619299;0.4895;0.8990578
0.4531;0.475999;0.4323;0.3799;0.43721715
0.311899;0.3432;0.303;0.269299;-1.3973483
0.3804;0.4886;0.471699;0.6869;1.0741107
0.669799;0.587199;0.664899;0.474599;1.7690054
0.6654;0.628399;0.6441;0.6169;0.7241181
0.319799;0.323399;0.347999;0.415399;1.8820873
0.6501;0.6304;0.616199;0.553;-0.017947733
0.4798;0.581599;0.5131;0.4431;-0.77069485
0.395099;0.4757;0.407699;0.451;0.903856
0.451;0.3006;0.43;0.439999;0.3889553
0.43;0.4057;0.18;0.27;0.40578762
0.279999;0.469999;0.5456;0.7;1.0381691
0.76;0.559999;0.6609;0.449999;1.5483431
0.39;0.44;0.431;0.52;0.6872527
0.509999;0.4514;0.432499;0.37;0.26236096
0.38;0.3986;0.48;0.48;0.17924228
0.48;0.435599;0.39;0.389999;0.6584756
0.349699;0.4045;0.3;0.28;-0.057984173
0.3203;0.289899;0.419999;0.469999;0.6857566
0.469999;0.563299;0.57;0.62;1.254838
0.62;0.6467;0.5196;0.51;0.758963
0.5;0.430099;0.6004;0.559999;0.8871845
0.420999;0.8399;0.420999;0.84;0.4124216
1.0;0.64;0.999;0.51;-0.13669807
0.469999;0.424599;0.346399;0.389999;0.14246622
0.399999;0.695399;0.543599;0.6;0.14150658
0.58;0.3425;0.4277;0.52;0.59410256
0.5;0.357499;0.299399;0.31;1.5469543
0.32;0.4048;0.5619;0.439999;0.0010899901
0.419999;0.6352;0.530999;0.58;-0.35954797
0.58;0.364799;0.469;0.419999;1.8153123
0.419999;0.6352;0.530999;0.58;0.3787629
0.63;0.379999;0.42;0.329999;-0.9811171
0.329999;0.329999;0.449999;0.55;2.9594593
0.382999;0.69;0.472999;0.509999;-0.16864616
0.657;0.3;0.257;0.09;-1.3096937
0.12;0.239999;0.4556;0.599999;1.2321107
0.58;0.57;0.5944;0.52;1.8380514
0.509999;0.5627;0.559999;0.595;-0.5707153
0.5474;0.388;0.4033;0.334999;0.94655675
0.3626;0.633299;0.506699;0.609999;0.72028553
0.67;0.446;0.4768;0.48;0.3839962
0.447999;0.434999;0.5642;0.505;-0.10913688
0.492;0.5379;0.568999;0.311999;0.42664328
0.337;0.5569;0.337;0.579;0.07923764
0.753;0.5002;0.6634;0.734;0.6109707
0.55;0.649999;0.6296;0.639999;1.7488948
0.64;0.6067;0.629999;0.51;0.50244254
0.48;0.6733;0.4788;0.719999;1.4130346
0.75;0.4802;0.616499;0.39;-0.24431425
0.39;0.3598;0.4947;0.43;-0.3882357
0.469999;0.554199;0.37;0.44;0.0654034
0.43;0.5458;0.557599;0.739999;0.9122006
0.699999;0.5648;0.5969;0.4;-0.058097422
0.449999;0.4554;0.465199;0.599999;1.6932718
0.57;0.529799;0.6143;0.4614;0.28719822
0.6448;0.65;0.6444;0.718599;0.5926661
0.5252;0.739999;0.340199;0.58;0.27272025
0.579999;0.701599;0.831399;0.84;-0.30827606
0.83;0.6796;0.82;0.449999;0.30124703
0.449999;0.343;0.4173;0.51;1.5973679
0.55;0.4158;0.3427;0.43;0.051992357
0.419999;0.43;0.489999;0.5;0.55701655
0.45;0.52;0.13;0.0;1.0815911
0.049999;0.08;0.16;0.18;-1.1528441
0.248;0.183999;0.513999;0.464;0.4202775
0.422;0.5772;0.526;0.596;0.2259902
0.579999;0.740199;0.559999;0.609999;0.4626147
0.6;0.5186;0.64;0.8;1.0327034
0.789999;0.739999;0.789999;0.719999;-0.2869376
0.682;0.5;0.673;0.52;-0.24738389
0.468;0.94;0.477;0.84;0.98307055
0.832999;0.585899;0.669999;0.5;-0.40187323
0.567;0.3519;0.553899;0.28;0.50139946
0.3;0.392199;0.3259;0.46;1.2056284
0.449999;0.3804;0.5489;0.552;0.13720909
0.5804;0.5122;0.4294;0.398;0.2274088
0.3796;0.4374;0.541499;0.5;0.7285348
0.5;0.48;0.4604;0.48;0.2785615
0.52;0.509999;0.5141;0.549999;-0.36863172
0.5;0.4855;0.335899;0.22;0.7934145
0.25;0.4648;0.401299;0.48;1.340746
0.469999;0.3127;0.517299;0.489999;0.4567198
0.49;0.567;0.5307;0.6;-0.3900894
0.625999;0.526;0.579699;0.510999;2.0140758
0.474;0.483999;0.460999;0.568999;0.84010875
0.58;0.58;0.37;0.21;-0.9606608
0.189999;0.315999;0.469999;0.53;0.13902703
0.54;0.404;0.139;0.149999;1.916366
0.109999;0.131;0.311;0.399999;0.7246307
0.419999;0.489;0.565999;0.62;-0.12591559
0.64;0.593;0.599;0.43;1.1523001
0.44;0.439;0.434999;0.379999;1.3327888
0.41;0.488;0.48;0.64;-0.7635721
0.609999;0.439999;0.629999;0.48;0.7680825
0.469999;0.51;0.48;0.5;1.4407984
0.51;0.76;0.51;0.81;-0.98345363
0.759999;0.579999;0.66;0.41;0.47969142
0.45;0.42;0.449999;0.489999;2.506178
0.479999;0.539999;0.538;0.609999;-1.4529833
0.6;0.68;0.59;0.609999;0.0031999946
0.59;0.359999;0.541999;0.39;1.8815926
0.43;0.8;0.53;0.66;-0.37651742
0.68;0.521999;0.652;0.609999;0.5260162
0.609999;0.408;0.468;0.33;0.20077148
0.3;0.43;0.405;0.609999;0.03908795
0.62;0.489999;0.574999;0.469999;0.67121905
0.484999;0.494;0.509999;0.44;-0.50289714
0.414999;0.616;0.438;0.66;0.32517833
0.67;0.549999;0.532;0.289999;1.4424375
0.289999;0.307;0.469999;0.51;-0.073153555
0.52;0.692999;0.539999;0.739999;-0.30937278
0.74;0.47;0.74;0.5;0.11910716
0.479999;0.481999;0.299999;0.309999;0.71627414
0.31;0.378;0.27;0.31;-0.18159229
0.329999;0.379999;0.539999;0.579999;0.9795658
0.59;0.539999;0.529999;0.59;1.197552
0.63;0.56;0.56;0.449999;-0.4200765
0.389999;0.379999;0.529999;0.51;0.42718568
0.5;0.5;0.5;0.48;1.7158858
0.51;0.68;0.46;0.64;1.0588639
0.629999;0.53;0.56;0.579999;-1.1091241
0.56;0.690999;0.639999;0.65;1.4983705
0.66;0.669;0.64;0.669999;1.3421944
0.649999;0.44;0.449999;0.25;-0.81488574
0.27;0.279999;0.53;0.52;0.36284846
0.5;0.48;0.5;0.48;2.3294797
0.49;0.66;0.449999;0.609999;-0.054801285
0.609999;0.488;0.519;0.49;-0.07617551
0.509999;0.552;0.562999;0.509999;1.0935359
0.5;0.705;0.577999;0.72;0.8129052
0.72;0.555;0.69;0.5;-0.68836296
0.5;0.37;0.53;0.488;0.57046336
0.48;0.509999;0.48;0.481999;0.22995391
0.469999;0.55;0.414999;0.53;-0.5729445
0.53;0.553;0.555;0.539999;1.0129921
0.559999;0.556999;0.506999;0.59;1.296126
0.609999;0.504;0.573;0.419999;-0.21522719
0.41;0.417999;0.32;0.35;0.05012077
0.34;0.318;0.55;0.48;1.6297392
0.489999;0.558;0.449999;0.509999;-0.21241981
0.48;0.481999;0.42;0.49;-1.4400371
0.5;0.419999;0.436;0.329999;0.48747578
0.34;0.44;0.439;0.43;2.0194163
0.45;0.495999;0.515;0.62;0.42170802
0.599999;0.454;0.599999;0.48;1.0679655
0.48;0.5;0.48;0.51;1.5768758
0.51;0.8;0.51;0.759999;-0.81713283
0.759999;0.494;0.538999;0.46;0.29899994
0.47;0.548;0.661;0.57;1.2872688
0.559999;0.597999;0.489999;0.419999;-0.23819882
0.39;0.361;0.49;0.5;2.355968
0.529999;0.488999;0.529999;0.58;1.5683225
0.56;0.5;0.55;0.46;0.06462854
0.48;0.46;0.34;0.349999;1.4994434
0.349999;0.539999;0.49;0.69;-1.1362084
0.69;0.55;0.66;0.489999;-0.40482962
0.5;0.57;0.509;0.55;2.3855858
0.539999;0.43;0.460999;0.469999;0.34847182
0.42;0.6;0.53;0.64;0.68347377
0.68;0.539999;0.521999;0.32;1.4329127
0.329999;0.34;0.455;0.46;1.1814289
0.46;0.55;0.492999;0.59;0.3485374
0.57;0.69;0.57;0.75;-1.070995
0.77;0.549999;0.669999;0.52;1.5660039
0.51;0.52;0.55;0.53;1.5956751
0.539999;0.47;0.539;0.413999;-1.285822
0.5;0.5;0.521;0.526;1.5438131
0.419999;0.46;0.399999;0.49;1.2333684
0.49;0.489999;0.474;0.46;0.41398922
0.489999;0.587;0.545999;0.629999;0.34921092
0.62;0.722999;0.64;0.71;-0.443066
0.69;0.58;0.652999;0.609999;0.4953257
0.599999;0.48;0.637;0.48;1.6936294
0.51;0.509999;0.51;0.489999;0.6375007
0.489999;0.631;0.489999;0.58;-0.7751831
0.57;0.489;0.489;0.419999;0.52074116
0.43;0.609999;0.501;0.69;2.112781
0.68;0.49;0.57;0.399999;0.076597154
0.42;0.799999;0.537999;0.92;0.008254468
0.91;0.53;0.825;0.55;1.0108881
0.55;0.523;0.456999;0.379999;-0.36472166
0.389999;0.376999;0.25;0.189999;1.4853588
0.18;0.36;0.5;0.66;0.723981
0.65;0.634;0.65;0.65;-1.0736593
0.64;0.579999;0.55;0.43;1.8080107
0.449999;0.335999;0.257999;0.23;1.3932637
0.23;0.53;0.442;0.8;-1.2501427
0.8;0.564;0.8;0.5;1.1602693
0.509999;0.745999;0.579999;0.789999;1.4495662
0.76;0.522;0.708;0.489999;-0.11693913
0.509999;0.477999;0.431999;0.449999;-0.35109007
0.43;0.673;0.559999;0.69;1.8826536
0.72;0.497;0.527;0.379999;-0.27414638
0.379999;0.39;0.452999;0.52;0.19146124
0.44;0.460999;0.56;0.49;2.0318203
0.549999;0.798999;0.549999;0.789999;0.8146814
0.78;0.69;0.76;0.67;-1.3126382
0.699999;0.64;0.719999;0.549999;1.4186136
0.539999;0.469999;0.32;0.41;1.1980884
0.39;0.55;0.56;0.74;-1.256127
0.73;0.62;0.779999;0.43;1.937168
0.46;0.399999;0.43;0.579999;1.841288
0.579999;0.75;0.46;0.77;-0.3051945
0.76;0.53;0.8;0.369999;0.6000809
0.379999;0.506999;0.388999;0.53;0.333368
0.55;0.513;0.550999;0.64;-0.6646105
0.6;0.53;0.58;0.34;1.8988124
0.359999;0.410999;0.379;0.48;1.162117
0.355;0.644;0.456;0.561999;0.8002273
0.574999;0.331;0.574999;0.468;0.066714704
0.609999;0.693999;0.609999;0.77;1.2277119
0.76;0.681;0.75;0.669999;-0.74398005
0.669999;0.731999;0.649999;0.741;-0.5872556
0.629;0.782;0.659;0.743;2.330171
0.698;0.759;0.698;0.465999;0.58463734
0.602999;0.456;0.512999;0.8;-0.24854022
0.76;0.952;0.727;0.57;1.6868821
0.609999;0.378;0.713;0.699999;-0.031561434
0.69;0.799999;0.649;0.609999;-0.046820223
0.609999;0.45;0.550999;0.51;1.7420522
0.52;0.329999;0.32;0.349999;-0.81765735
0.359999;0.34;0.405999;0.31;-0.42092288
0.309999;0.359999;0.434;0.469999;2.1650782
0.45;0.41;0.408;0.32;1.2692266
0.349999;0.91;0.541999;1.0;-0.33719027
1.0;0.635;0.97;0.559999;0.73274887
0.59;0.564999;0.479999;0.4;0.13849655
0.379999;0.42;0.45;0.469999;-0.25242049
0.48;0.419999;0.509999;0.55;1.5132896
0.58;0.968;0.67;1.0;1.4162592
0.850999;0.717;0.850999;0.535;-1.6907878
0.673999;0.574999;0.561;0.43;1.1771255
0.391999;0.35;0.504999;0.689;2.1678557
0.723;0.759999;0.702999;0.449999;-0.5047449
0.509999;0.289999;0.336;0.449999;0.42550483
0.35;0.31;0.0;0.0;1.7654232
0.0;0.189999;0.579999;0.69;-0.15515763
0.689999;0.73;0.73;0.8;1.4804057
0.78;0.56;0.21;0.0;-0.10519701
0.0;0.0;0.196999;0.34;-1.0676154
0.279999;0.497999;0.533;0.56;2.0958056
0.58;0.38;0.475999;0.32;1.3115219
0.34;0.573999;0.423999;0.759999;-0.8336195
0.739999;0.696;0.82;0.59;0.6466083
0.62;0.39;0.4;0.32;1.3672224
0.27;0.25;0.0;0.03;0.37063283
0.059999;0.359999;0.559999;0.77;0.2540759
0.78;0.55;0.55;0.3;0.14514843
0.27;0.43;0.53;0.599999;1.4742426
0.64;0.654;0.619999;0.74;1.3973705
0.71;0.625999;0.64;0.669999;0.4069201
0.66;0.66;0.56;0.26;0.13367453
0.3;0.4;0.449999;0.68;-0.037891448
0.669999;0.515999;0.609999;0.532;0.6982318
0.343;0.504999;0.396;0.315;1.7478398
0.334;0.339;0.390999;0.532999;0.013189733
0.683;0.609999;0.632999;0.57;-0.4123279
0.57;0.379999;0.23;0.15;2.4650865
0.16;0.272;0.48;0.619999;1.2198918
0.609999;0.527999;0.576;0.46;-1.2973794
0.47;0.8;0.564;0.82;1.8157712
0.849999;0.489999;0.73;0.399999;1.5391282
0.37;0.69;0.489999;0.71;0.045942485
0.69;0.42;0.56;0.39;2.2319784
0.0;0.479999;0.099999;0.57;0.2705268
1.0;0.9;1.0;0.96;-0.81492746
0.96;0.5;0.78;0.299999;1.066684
0.309999;0.559999;0.439999;0.58;1.5234164
0.489999;0.379999;0.25;0.109999;0.03742498
0.19;0.12;0.439;0.469999;1.232981
0.48;0.94;0.311;0.36;0.9470157
0.34;0.169999;0.438;0.529999;0.528907
0.51;0.38;0.611999;0.699999;0.36522073
0.699999;0.539999;0.399999;0.14;0.041436374
0.0;0.149999;0.0;0.41;0.54886264
1.0;0.51;0.94;0.66;1.0929875
0.64;0.71;0.645999;0.64;1.5316776
0.63;0.739999;0.854;0.82;0.21763363
0.829999;0.51;0.559999;0.32;0.62944216
0.309999;0.43;0.39;0.359999;1.1016839
0.37;0.439999;0.529999;0.649999;-0.1668759
0.66;0.56;0.5;0.32;-0.23532587
0.309999;0.358999;0.42;0.5;1.1370354
0.52;0.551;0.579999;0.65;0.07883829
0.279999;0.789999;0.3;0.73;1.5594891
1.0;0.489999;0.97;0.379999;1.4959029
0.369999;0.4;0.459999;0.609999;-0.017304003
0.61;0.629999;0.616;0.53;-1.2813159
0.539999;0.41;0.264;0.23;0.8998088
0.23;0.359999;0.5;0.609999;1.5122644
0.609999;0.52;0.466999;0.378;-0.9524592
0.238;0.69;0.401;0.841999;0.3600232
0.972;0.579999;0.841999;0.37;2.1633081
0.379999;0.343;0.46;0.53;-1.1855611
0.509999;0.537;0.559999;0.5;-0.06502944
0.53;0.610999;0.149;0.319999;1.5508703
0.309999;0.363;0.545;0.48;-0.2568372
0.48;0.422999;0.0;0.24;0.34216565
0.24;0.265;0.973;0.509999;0.09655279
0.5;0.600999;0.593999;0.59;-0.5663463
0.59;0.589;0.52;0.62;0.3486387
0.629999;0.524999;0.58;0.43;0.8216075
0.42;0.402;0.416999;0.57;0.5928151
0.579999;0.599;0.561;0.344;0.20474711
0.344;0.667999;0.482;0.885999;-0.2612837
0.885999;0.582;0.753;0.46;0.8003942
0.449999;0.459;0.532;0.52;0.43284813
0.539999;0.706;0.540999;0.759999;0.6240658
0.75;0.805;0.702;0.67;0.58364195
0.69;0.408;0.687999;0.579999;0.5389146
0.55;0.738;0.53;0.56;0.5196087
0.539999;0.387;0.506;0.609999;1.1449211
0.71;0.777;0.548999;0.69;0.6865851
0.289999;0.222999;0.451;0.309999;0.026004732
0.71;0.777;0.548999;0.69;0.94510835
0.59;0.668999;0.866;0.619999;0.87742126
0.68;0.609;0.599;0.45;0.7338456
0.409999;0.356;0.401999;0.549999;1.172679
0.56;0.460999;0.439;0.359999;0.2747766
0.38;0.277;0.0;0.38;-0.0042684674
0.349999;0.529999;0.461;0.659999;1.0426991
0.66;0.57;0.481999;0.49;0.09716076
0.509999;0.58;0.452999;0.34;0.25641838
0.31;0.182999;0.565;0.477;1.426529
0.372;0.608999;1.0;0.367;0.40476838
0.609999;0.485;0.437;0.44;-1.0778078
0.26;0.283999;0.292999;0.415999;1.3440541
0.436;0.436;0.511;0.436;0.7417551
0.364;0.506;0.410999;0.43;-0.91102207
0.568999;0.56;0.551;0.662;1.052206
0.515999;0.483999;0.582999;0.459;2.1352463
0.58;0.452999;0.302;0.623;-0.82754576
0.623;0.676;0.834;0.469999;0.21998206
0.469999;0.614;0.564;0.64;0.97438616
0.64;0.473999;0.464;0.5;-0.38704956
0.489999;0.815;0.545999;0.8;0.44154444
0.81;0.483999;0.768;0.519999;1.512026
0.519999;0.579;0.515999;0.41;0.9846918
0.43;0.356;0.468;0.53;0.5000047
0.51;0.82;0.559;0.829999;0.5835704
0.799999;0.710999;0.79;0.659999;0.498145
0.68;0.448999;0.559999;0.45;0.46665588
0.45;0.769;0.551;0.689999;1.134067
0.689999;0.329999;0.576999;0.46;0.43136397
0.479999;0.650999;0.414999;0.5;0.5102686
0.48;0.352;0.5;0.5;1.7218343
0.509999;0.585999;0.481999;0.39;-0.39276564
0.399999;0.393999;0.732;0.64;-0.21823126
0.63;0.516;0.596999;0.57;1.9359223
0.56;0.634;0.613;0.67;-0.37070596
0.68;0.786999;0.057999;0.71;-0.34351432
0.71;0.750999;1.0;0.769999;2.5991135
0.789999;0.532;0.872999;0.53;0.119220406
0.5;0.5;0.539;0.49;-0.042212784
0.509999;0.479999;0.091999;0.079999;1.6646198
0.049999;0.271;0.509;0.64;0.4320852
0.67;0.628999;0.680999;0.63;-0.1360901
0.609999;0.399999;0.44;0.339999;0.44149676
0.359999;0.72;0.396;0.77;0.9771876
0.77;0.524999;0.773999;0.479999;-0.18762428
0.469999;0.614999;0.59;0.71;0.9298615
0.74;0.5;0.6;0.39;2.0374827
0.369999;0.524;0.53;0.539999;0.040268123
0.539999;0.475999;0.379999;0.509999;-0.15036541
0.53;0.59;0.649999;0.66;0.64085644
0.63;0.68;0.64;0.71;0.46332994
0.71;0.549999;0.63;0.489999;0.8079401
0.519999;0.62;0.49;0.69;1.1733346
0.649999;0.53;0.659999;0.5;1.1955314
0.49;0.599999;0.53;0.519999;0.22448817
0.82;0.74;0.63;0.78;1.0299139
0.479999;0.66;0.659999;0.579999;-0.1743682
0.59;0.32;0.21;0.39;-0.76036537
0.39;0.649999;0.869999;0.56;2.4353914
0.519999;0.369999;0.13;0.449999;0.5404584
0.5;0.471;0.63;0.36;-0.21940547
0.35;0.398999;0.425999;0.57;1.5205256
0.539999;0.83;0.704;0.799999;-0.0050492883
0.83;0.591;0.38;0.149999;0.22453585
0.149999;0.228999;0.64;0.67;1.4585665
0.649999;0.419999;0.379999;0.49;-0.46522105
0.49;0.47;0.47;0.149999;0.5028061
0.17;0.209999;0.259999;0.479999;1.9594244
0.479999;0.48;0.5;0.26;0.52038354
0.28;0.7;0.46;0.899999;-0.09340125
0.89;0.479999;0.719999;0.369999;0.30869764
0.359999;0.289999;0.167999;0.21;0.8986227
0.18;0.503999;0.472;0.359999;0.78206575
0.43;0.346;0.46;0.729999;0.4726402
0.699999;0.68;0.739999;0.66;0.6643824
0.68;0.579999;0.53;0.38;0.94485205
0.369999;0.34;0.359999;0.579999;0.12350002
0.579999;0.649999;0.69;0.479999;-0.4098245
0.49;0.466999;0.439999;0.51;0.7965735
0.509999;0.533;0.49;0.369999;0.8524827
0.359999;0.406999;0.479999;0.689999;0.8917622
0.71;0.813;0.63;0.829999;-0.018233836
0.799999;0.6;0.829999;0.46;-0.24547058
0.5;0.719999;0.549999;0.71;0.9483449
0.7;0.509999;0.64;0.55;-0.08087236
0.52;0.64;0.58;0.589999;0.054114282
0.559999;0.5;0.559999;0.649999;2.0695143
0.68;0.49;0.469999;0.333;-0.14684874
0.5;0.311;0.35;0.276999;-0.90892994
0.109999;0.289;0.0;0.0;1.6092173
0.0;0.0;0.238999;0.39;0.43550053
0.4;0.57;0.171;0.099999;-0.55211866
0.109999;0.0;0.439;0.58;1.6346864
0.579999;0.49;0.440999;0.25;-0.3089496
0.24;0.523;0.48;0.649999;-0.42160833
0.649999;0.346999;0.469999;0.246;2.9573612
0.536;0.66;0.707999;0.823999;0.76124585
0.543999;0.68;0.552;0.549999;-0.1352616
0.549999;0.42;0.494999;0.64;1.1367612
0.65;0.64;0.665;0.5;0.53069514
0.469999;0.669999;0.489999;0.78;0.5159728
0.769999;0.9;0.789999;0.93;0.99241656
0.92;0.479999;0.72;0.359999;0.9150855
0.399999;0.49;0.139999;0.07;1.1303954
0.06;0.006999;0.285;0.469999;1.1330836
0.479999;0.433;0.525999;0.399999;-0.21833259
0.38;0.38;0.081;0.35;-0.372208
0.359999;0.46;0.758;0.59;0.39199513
0.6;0.68;0.609999;0.689999;0.4978768
0.67;0.649999;0.75;0.549999;1.7261318
0.549999;0.39;0.286;0.36;0.6892256
0.41;0.479999;0.532999;0.519999;-0.48961723
0.489999;0.52;0.514;0.57;1.712828
0.55;0.799999;0.656999;0.829999;0.26615778
0.859999;0.64;0.76;0.42;-1.5809186
0.399999;0.31;0.469999;0.469999;1.5673927
0.49;0.509999;0.289999;0.37;1.6803733
0.329999;0.71;0.57;0.849999;-0.5086609
0.859999;0.436;0.74;0.45;1.555895
0.43;0.694;0.549999;0.719999;0.5102865
0.759999;0.509999;0.56;0.53;0.09915751
0.52;0.57;0.549999;0.339999;0.8071295
0.32;0.53;0.369;0.78;0.6023995
0.789999;0.839999;0.901;0.83;0.13416329
0.859999;0.777;0.789999;0.68;1.334428
0.66;0.482999;0.63;0.469999;1.9377283
0.449999;0.58;0.529999;0.68;-0.38510644
0.719999;0.979999;0.72;0.979999;0.5006842
0.95;0.46;0.659999;0.23;1.3371817
0.219999;0.7;0.435;0.879999;0.60565394
0.899999;0.589999;0.918999;0.51;0.23742834
0.64;0.773;0.625999;0.619999;1.0132604
0.49;0.186999;0.32;0.399999;0.8157245
0.399999;0.399999;0.51;0.32;1.5961579
0.31;0.35;0.189999;0.189999;-0.78325355
0.219999;0.729999;0.433999;1.0;0.4994265
1.0;0.920999;1.0;0.66;1.569002
0.5;0.459;0.449999;0.699999;0.32977384
0.699999;0.57;0.539999;0.27;0.07004064
0.28;0.335;0.392;0.56;1.626449
0.55;0.765;0.538;0.859999;0.43388525
0.829999;0.609999;0.924999;0.57;-0.6928929
0.589999;0.67;0.515;0.359999;-0.0763126
0.35;0.239999;0.1;0.21;1.2907676
0.23;0.72;0.529999;1.0;0.766646
1.0;0.5;0.64;0.1;1.4088324
0.0;0.0;0.22;0.35;0.3758244
0.472999;0.613;0.686;0.56;-0.46573365
0.557;0.504999;0.283999;0.18;0.7089368
0.149999;0.695;0.439999;1.0;0.040429056
1.0;0.407;0.543999;0.0;-0.265158
0.009999;0.192999;0.384;0.549999;1.8294922
0.52;0.37;0.611;0.42;0.2947978
0.439999;0.586999;0.481;0.63;0.06983799
0.649999;0.57;0.529999;0.539999;1.233118
0.509999;0.719999;0.59;0.829999;-0.10258633
0.82;0.57;0.64;0.229999;-0.36598527
0.24;0.27;0.31;0.34;0.95710677
0.34;0.28;0.189999;0.21;0.9836547
0.219999;0.299999;0.259999;0.6;-0.11437017
0.579999;0.49;0.34;0.099999;0.74353135
0.089999;0.14;0.439999;0.4;0.7570199
0.41;0.339999;0.32;0.299999;-0.08454996
0.31;0.619999;0.549999;0.579999;-0.47266567
0.599999;0.27;0.27;0.16;1.5523783
0.15;0.32;0.487;0.559999;0.12786904
0.579999;0.619999;0.472999;0.74;0.185316
0.74;0.7;0.808999;0.57;1.0024302
0.559999;0.38;0.441;0.39;0.07297319
0.37;0.43;0.304;0.439999;-0.71076834
0.43;0.379999;0.555999;0.49;1.669108
0.489999;0.48;0.13;0.0;0.77782786
0.02;0.199999;0.43;0.619999;0.37501973
0.589999;0.507;0.599999;0.55;-0.04690367
0.55;0.602999;0.5;0.6;0.94236654
0.619999;0.46;0.452;0.219999;0.7852248
0.219999;0.396;0.407999;0.579999;-0.17286617
0.59;0.625999;0.32;0.189999;0.1015417
0.17;0.148;0.359999;0.63;1.9403211
0.659999;0.531999;0.59;0.409999;0.588309
0.41;0.578;0.52;0.64;-0.004840672
0.659999;0.609999;0.672999;0.67;1.1755698
0.64;0.527;0.627;0.43;0.843536
0.439999;0.863;0.53;0.98;0.43619195
0.97;0.564999;0.82;0.379999;0.8542291
0.449999;0.545;0.521;0.64;0.9114854
0.56;0.399999;0.468999;0.369999;0.23008505
0.379999;0.52;0.43;0.36;1.5731148
0.36;0.247;0.229999;0.259999;0.57892126
0.269999;0.232999;0.159999;0.129999;-0.8550116
0.1;0.41;0.341;0.8;0.06380004
0.829999;0.689999;0.869;0.649999;2.2384338
0.63;0.57;0.6;0.579999;0.74493206
0.589999;0.575;0.539999;0.32;0.35949868
0.31;0.515;0.49;0.68;0.7638148
0.7;0.461999;0.53;0.37;0.51596683
0.369999;0.428;0.339999;0.57;-0.98449075
0.56;0.482999;0.58;0.289999;0.4888765
0.279999;0.387;0.324999;0.6;0.64928454
0.62;0.53;0.515;0.369999;0.9034447
0.339999;0.327999;0.5;0.43;1.5049807
0.37;0.422;0.149999;0.149999;-0.422109
0.239999;0.14;0.28;0.5;-0.42015398
0.49;0.479999;0.569;0.399999;0.59127134
0.41;0.41;0.0;0.0;-0.9364792
0.0;0.0;0.239999;0.329999;0.74054515
0.27;0.427;0.539999;0.469999;1.4977149
0.5;0.53;0.41;0.58;0.3254704
0.599999;0.629999;0.67;0.609999;0.63233894
0.61;0.51;0.549999;0.579999;-0.46277726
0.579999;0.785999;0.67;0.82;-0.42638266
0.839999;0.548;0.784999;0.469999;0.3030173
0.359999;0.292;0.105;0.07;0.9383015
0.18;0.344;0.379999;0.619999;1.0906212
0.6;0.82;0.65;0.88;0.6828956
0.88;1.0;0.928999;1.0;0.53904575
1.0;0.511;0.861;0.34;0.53104085
0.399999;0.829;0.529999;0.96;0.15603223
0.96;0.479999;0.817;0.449999;0.35917085
0.43;0.649999;0.51;0.51;0.38078946
0.52;0.72;0.436;0.839999;0.5506329
0.759999;0.43;0.869999;0.43;0.9818248
0.519999;0.519999;0.237;0.18;0.73963916
0.16;0.39;0.43;0.77;0.2545885
0.759999;0.57;0.649999;0.329999;0.787603
0.329999;0.56;0.508;0.85;0.91682595
0.859999;0.839999;0.861999;0.689999;0.122677475
0.71;0.517;0.63;0.39;0.28482
0.4;0.363;0.439999;0.589999;0.4507176
0.579999;0.659999;0.58;0.55;1.2985758
0.509999;0.49;0.549999;0.549999;2.2767358
0.549999;0.89;0.479999;0.98;-0.16539174
1.0;0.869999;1.0;0.659999;-0.5346962
0.58;0.42;0.67;0.62;0.9780995
0.649999;0.609999;0.41;0.309999;0.4699997
0.299999;0.27;0.18;0.16;-0.08794147
0.18;0.509999;0.439999;0.93;0.8206061
0.89;0.67;0.979999;0.589999;0.92507523
0.609999;0.595999;0.609999;0.56;0.24343053
0.56;0.474;0.006;0.07;0.2448372
0.049999;0.25;0.526;0.63;0.77234423
0.609999;0.42;0.298;0.389999;-0.088805735
0.41;0.345999;0.484999;0.44;1.2310438
0.439999;0.423999;0.384999;0.129999;1.0358267
0.14;0.313;0.43;0.4;0.16307154
0.399999;0.427;0.386;0.699999;0.483673
0.69;0.609999;0.564999;0.26;0.18743196
0.289999;0.281999;0.485999;0.579999;0.29930392
0.579999;0.878;0.593;0.869999;0.5878977
0.88;0.55;0.799999;0.5;0.499653
0.469999;0.53;0.5;0.439999;0.6912641
0.469999;0.449999;0.39;0.56;0.011890352
0.52;0.37;0.329999;0.1;0.3905825
0.159999;0.289999;0.39;0.39;0.4590086
0.35;0.546999;0.48;0.56;0.30062714
0.539999;0.288;0.39;0.369999;0.9799771
0.399999;0.324999;0.0;0.019999;0.12527028
0.009999;0.14;0.500999;0.59;-0.12169558
0.57;0.454;0.39;0.25;0.8448175
0.26;0.347999;0.405;0.42;-0.32848203
0.449999;0.698;0.465;0.829999;0.2917699
0.55;0.302;0.534999;0.17;1.340895
0.449999;0.698;0.465;0.829999;0.07919592
0.83;0.53;0.78;0.369999;-0.21326023
0.379999;0.451999;0.439999;0.6;0.14486828
0.6;0.948;0.649999;0.93;0.30442992
0.88;0.71;0.447;0.75;-0.2027877
0.809999;0.68;1.0;0.63;0.0037483573
0.59;0.63;0.46;0.399999;1.6078643
0.39;0.849999;0.519999;1.0;1.080703
1.0;0.52;0.92;0.24;-0.111127675
0.23;0.45;0.48;0.589999;0.9318761
0.609999;0.439999;0.469999;0.51;0.7185987
0.5;0.45;0.129999;0.0;-0.10364729
0.0;0.111999;0.49;0.55;0.11274734
0.57;0.878;0.56;0.96;0.7545403
0.939999;0.5;0.829999;0.399999;1.1971049
0.399999;0.705;0.539999;0.75;0.87001836
0.75;0.574999;0.585999;0.409999;0.5348615
0.42;0.609999;0.495;0.82;-0.6457337
0.789999;0.6;0.875;0.57;0.5657367
0.579999;0.579999;0.375999;0.42;1.2479417
0.43;0.48;0.535;0.66;0.69436353
0.67;0.595999;0.680999;0.57;0.5154721
0.56;0.597999;0.561999;0.609999;0.8085958
0.579999;0.446;0.396;0.359999;0.4764668
0.369999;0.359999;0.234;0.329999;0.65848154
0.33;0.609999;0.74;0.71;-0.2877959
0.71;0.53;0.309999;0.559999;0.0013462901
0.599999;0.579999;0.829;0.38;1.61876
0.35;0.539999;0.460999;0.759999;0.55661124
0.77;0.549999;0.685;0.377;-0.14100152
0.497999;0.52;0.499;0.542999;0.5757324
0.421999;0.509999;0.525999;0.53;0.5175225
0.51;0.423;0.539999;0.49;-0.031859457
0.5;0.634;0.46;0.649999;0.6030075
0.64;0.473999;0.687;0.509999;0.28502265
0.509999;0.643;0.512999;0.57;1.5368453
0.57;0.731;0.56;0.73;0.74533737
0.769999;0.465;0.579999;0.479999;-0.3242203
0.45;0.689999;0.589999;0.609999;0.24270931
0.63;0.35;0.366;0.369999;0.5130343
0.359999;0.601999;0.654;0.62;-0.19648153
0.609999;0.719;0.64;0.729999;1.3275973
0.78;0.789;0.78;0.719999;0.16643324
0.649999;0.339999;0.399999;0.2;-0.012338936
0.21;0.42;0.135999;0.68;1.1586063
0.719999;0.536999;0.771;0.576999;0.6394617
0.521999;0.512999;0.463;0.153;-0.4693576
0.178;0.202;0.38;0.509999;0.07790846
0.509999;0.467999;0.299999;0.18;0.7183007
0.18;0.2;0.289999;0.28;1.2403481
0.289999;0.32;0.0;0.0;-0.36367857
0.0;0.0;0.446;0.41;0.19051352
0.38;0.939999;0.533999;1.0;0.6421439
1.0;0.789999;1.0;0.7;0.25853434
0.72;0.59;0.628999;0.529999;0.7739774
0.519999;0.38;0.081;0.02;0.68594736
0.0;0.009999;0.209999;0.17;-0.24805743
0.189999;0.539999;0.44;0.909999;1.3061575
0.939999;0.52;0.549999;0.079999;0.5437128
0.0;0.139999;0.227;0.32;-0.56252563
0.48;0.45;0.452999;0.7;0.33534092
0.729999;0.549999;0.73;0.46;1.1969917
0.44;0.833;0.57;0.78;0.94827336
0.82;0.366999;0.619;0.409999;0.568556
0.369999;0.7;0.550999;0.579999;-0.7520803
0.589999;0.732999;0.53;0.93;0.23717204
0.94;0.576999;0.75;0.44;1.6150168
0.439999;0.564;0.579999;0.359999;-0.13017732
0.35;0.656;0.48;1.0;-0.32754028
1.0;0.529999;0.882999;0.329999;1.961588
0.32;0.51;0.278;0.32;1.3361565
0.31;0.263999;0.497999;0.62;-0.42974436
0.64;0.765999;0.651;0.729999;0.34688038
0.719999;0.64;0.25;0.07;0.53426546
0.079999;0.0;0.5;0.579999;0.5263261
0.57;0.594999;0.079999;0.0;0.14158407
0.009999;0.03;0.359999;0.589999;0.2423934
0.54;0.859999;0.699999;0.89;0.692635
0.919999;0.469999;0.35;0.0;0.6622247
0.0;0.0;0.27;0.359999;0.34537238
0.379999;0.5;0.439999;0.64;0.18200198
0.65;0.6;0.676;0.43;0.26316562
0.399999;0.31;0.0;0.0;0.58401746
0.0;0.0;0.23;0.6;0.3970198
0.59;0.561;0.705999;0.479999;1.0476582
0.489999;0.939;0.614;0.88;0.21156588
0.85;0.43;0.869999;0.589999;0.6755523
0.6;0.7;0.529;0.57;1.0015063
0.223999;0.088999;0.109999;0.0;-0.45945728
0.316;0.641;0.381;0.799999;-0.0573166
0.829999;0.479999;0.448999;0.07;0.71688807
0.07;0.289999;0.551;0.542999;-0.21046478
0.673999;0.66;0.68;0.617;0.22511402
0.496;0.279999;0.309999;0.419999;0.85090315
0.399999;0.859999;0.63;0.9;-0.413669
0.899999;0.46;0.57;0.219999;0.42708436
0.25;0.456;0.399999;0.619999;1.2566082
0.57;0.411999;0.594;0.469999;0.5351178
0.51;0.481999;0.082;0.0;-0.9319314
0.0;0.03;0.454;0.51;1.0806613
0.489999;0.622999;0.421999;0.5;1.1042528
0.5;0.5;0.497999;0.559999;0.34133118
0.57;0.467;0.71;0.55;-0.36345804
0.55;0.779999;0.55;0.949999;0.8772365
0.702999;0.69;0.702999;0.62;0.9895198
0.5;0.449999;0.157;0.0;1.1681669
0.5;0.113;0.192999;0.199999;-0.12015778
0.0;0.217;0.502;0.759999;0.8306793
1.0;0.782999;0.667;0.64;1.2824467
0.327;0.447;0.517999;0.26;0.19681373
0.239999;0.219999;0.49;0.519999;0.099449575
0.53;0.530999;0.511;0.55;1.307731
0.539999;0.478999;0.195;0.18;0.95044297
0.17;0.2;0.384;0.509999;0.033610284
0.52;0.561;0.568999;0.57;0.90230626
0.599999;0.680999;0.611;0.56;0.18427292
0.56;0.667999;0.689999;0.629999;0.34358424
0.6;0.32;0.369999;0.259999;0.81229126
0.259999;0.39;0.42;0.44;0.58237237
0.439999;0.65;0.41;0.82;0.16192117
0.85;0.579999;0.573999;0.239999;0.9574227
0.219999;0.229999;0.396;0.53;0.45683303
0.55;0.612;0.656999;0.64;1.0717325
0.619999;0.536;0.483;0.3;0.9552948
0.32;0.711999;0.46;0.949999;0.018959463
0.92;0.63;0.918999;0.59;0.2545766
0.619999;0.49;0.551;0.39;0.004398048
0.37;0.823999;0.519999;0.989999;0.5714826
1.0;0.576;0.88;0.49;1.0104172
0.449999;0.449999;0.389;0.289999;0.58352274
0.0;0.303;0.010999;0.02;0.46040335
0.369999;0.0;0.316;0.309999;0.6425194
0.31;0.710999;0.448;0.58;0.32141727
0.579999;0.548999;0.595999;0.799999;0.8050493
0.759999;0.46;0.5;0.219999;0.93392056
0.219999;0.417999;0.52;0.71;0.25379577
0.75;0.871;0.769999;0.789999;0.4660181
0.79;0.430999;0.56;0.32;0.5839698
0.319999;0.503999;0.52;0.67;0.31233948
0.66;0.426;0.384999;0.35;0.06398481
0.35;0.640999;0.644999;0.67;1.0323398
0.67;0.386;0.45;0.439999;-0.5035111
0.439999;0.787999;0.649999;0.769999;1.0705583
0.78;0.554;0.77;0.54;1.2854985
0.53;0.932;0.519999;0.989999;-0.3380128
1.0;0.536999;0.879;0.35;0.1511685
0.349999;0.391999;0.390999;0.39;1.6041747
0.39;0.54;0.439999;0.719999;-0.16915876
0.69;0.629999;0.71;0.41;0.68505925
0.409999;0.37;0.39;0.539999;1.4164201
0.579999;0.611999;0.447;0.619999;0.05910915
0.62;0.618;0.823;0.66;-0.1155563
0.629999;0.549999;0.445;0.309999;1.3158551
0.31;0.25;0.0;0.0;1.2390845
0.0;0.03;0.449;0.66;-0.19795972
0.7;0.48;0.326;0.219999;0.53039116
0.21;0.440999;0.454999;0.629999;0.5479924
0.639999;0.728999;0.71;0.8;0.92039627
0.79;0.497;0.359999;0.049999;0.92698854
0.059999;0.225;0.549999;0.6;-0.61311805
0.609999;0.718;0.445;0.789999;1.0478728
0.783999;0.489999;0.798999;0.41;1.5909663
0.386;0.44;0.465;0.509999;-0.82328403
0.53;0.693999;0.503;0.43;0.86097634
0.42;0.487;0.417999;0.759999;1.0271482
0.769999;0.499;0.699999;0.49;-0.5612978
0.49;0.622;0.539;0.53;1.1517339
0.539999;0.397999;0.371;0.199999;1.0078244
0.21;0.58;0.472999;0.87;-0.30740583
0.829999;0.519999;0.707;0.339999;0.55992526
0.359999;0.78;0.509999;0.969999;1.2722366
0.969999;0.539999;0.89;0.43;0.2902142
0.43;0.512;0.42;0.44;-0.33431733
0.43;0.671999;0.52;0.829999;0.5244307
0.849999;0.61;0.829999;0.609999;1.9377819
