<OPEN>;<HIGH>;<LOW>;<CLOSE>;(predicted -> )<LOW>
0.469;0.304;0.521999;0.523999;1.1404669
0.474;0.234;0.535;0.47;0.7201052
0.500799;0.753;0.081299;0.093999;-0.010421276
0.116199;0.183;0.444199;0.812;0.33136368
0.771;0.64;0.6155;0.266999;0.31395316
0.259;0.250999;0.372;0.493;0.13555649
0.552999;0.881999;0.491999;0.753;0.7870829
0.747;0.274;0.748;0.526;0.6532526
0.4639;0.4485;0.356999;0.302999;0.2333856
0.323099;0.457499;0.497999;0.457;0.41764736
0.487;0.447;0.496;0.505;0.41689038
0.443899;0.470999;0.216;0.154999;-0.22613049
0.1991;0.505;0.449099;0.494;0.21412137
0.5;0.101999;0.5249;0.508;-0.066372156
0.372999;0.323;0.429;0.365;-0.16444564
0.504;0.611;0.408;0.442;-0.0011825562
0.512999;0.467999;0.458099;0.451999;0.03725055
0.372999;0.533;0.318899;0.609;0.16664627
0.632;1.0;0.701;1.0;1.3139284
1.0;0.845;1.0;0.6959;1.8049932
0.624;0.256999;0.724999;0.491899;1.3935184
0.524099;1.0;0.6612;0.749;2.0518339
0.8509;0.415999;0.777799;0.728;1.7443216
0.658;0.494999;0.0;0.0;0.06997946
0.0;0.0;0.055599;0.018;-0.9685123
0.0;0.063;0.241;0.337;-1.0933481
0.385999;0.146999;0.648;0.539;-0.6044829
0.508;0.414999;0.564999;0.513999;-0.21960378
0.505;0.846;0.453;0.501;0.32462835
0.528999;0.445;0.394999;0.716099;0.33523202
0.6927;0.857999;0.768;0.6539;1.1064386
0.6503;0.756;0.71;0.830399;1.6291833
0.919999;0.953;0.798999;0.8986;2.0560539
0.981;0.412999;0.971;0.588999;1.7910337
0.398;0.398;0.64;0.483;1.6382313
0.561;1.0;0.384;1.0;1.9702768
1.0;1.0;1.0;0.471;2.2007742
0.442399;0.118;0.353999;0.341999;0.9968674
0.3476;0.316;0.447;0.7;0.8801198
0.62;0.478299;0.485999;0.116999;0.32773972
0.234999;0.108699;0.462;0.512999;0.15414122
0.473099;0.929;0.56;0.91;1.113162
0.928899;0.558999;0.788999;0.403999;0.96399546
0.386;0.295999;0.0;0.0;-0.45762897
0.0;0.0;0.466;0.741;-0.11093259
0.782;1.0;0.8;1.0;1.0811305
1.0;0.378;1.0;0.504;1.0689294
0.521899;1.0;0.423999;0.879999;1.5988743
0.8761;0.466999;0.6476;0.435;1.0625815
0.442;0.521;0.464399;0.570999;1.0017431
0.53;0.561;0.731;0.489;1.2377536
0.588;0.503;0.540999;0.482999;0.9982681
0.402;0.45;0.649;0.695;1.2761629
0.4823;0.603999;0.462;0.493;1.1285222
0.704699;0.808999;0.503;0.786;1.2884712
0.77;0.932;0.811999;0.908999;1.9629753
0.96;0.496;0.866;0.446999;1.5784657
0.393;0.593999;0.612;0.52;1.6852713
0.564999;0.347;0.582;0.633;1.338253
0.558999;0.451;0.617999;0.452999;1.1319613
0.5031;0.943;0.341999;0.931;1.5018082
0.926899;0.916999;0.987;0.878;2.1292725
0.922;0.902999;0.716;0.522999;1.9776022
0.439;0.824;0.389;1.0;2.1991887
1.0;0.583999;0.852999;0.125;1.530937
0.190999;0.0;0.621;0.4565;1.1416829
0.408999;1.0;0.442;1.0;1.8382823
1.0;0.597999;0.686;0.0;0.9824312
0.0;0.209;0.424999;0.776;1.1260426
0.807;0.964999;0.4662;0.893;1.3505852
0.936999;0.859999;1.0;0.863;1.9755757
0.771999;0.435;0.847;0.601999;1.8024421
0.504;0.383;0.576999;0.383;1.3333952
0.5726;1.0;0.362;1.0;1.7021155
1.0;0.917;1.0;0.899;2.2120395
0.888999;1.0;0.902999;0.976999;2.6980972
1.0;0.899999;0.0;0.0;0.87139964
0.0;0.0;0.704;1.0;1.4609432
1.0;0.298999;1.0;0.6021;1.2768066
0.4793;1.0;0.370899;1.0;1.7979836
1.0;0.905;1.0;0.720499;2.1509624
0.725;1.0;0.828;1.0;2.7565634
1.0;1.0;1.0;1.0;3.0662453
1.0;1.0;0.966999;0.6871;3.0530012
0.0;0.0;0.033;0.312899;1.4561689
1.0;1.0;0.966999;0.6871;1.8914735
0.789999;0.0;1.0;0.605899;1.4651215
0.0;0.0;0.0;0.0;-0.05424857
0.2064;1.0;1.0;1.0;1.882515
1.0;0.219999;0.4428;0.0;0.25875926
0.0;0.885999;0.0;1.0;0.8816993
1.0;1.0;1.0;1.0;1.7927504
1.0;0.197;1.0;0.498999;1.3486302
0.414999;0.530999;0.447;0.545;1.2045598
0.622;0.753999;0.0;0.0;0.022695094
0.0;0.0;0.063;0.586099;-0.5341971
0.528999;0.663;0.736499;0.382899;0.20705226
0.502;0.286;0.0;0.0;-1.0911368
0.0;0.0;0.0;0.0;-1.901027
0.0;0.0;0.831;0.715;-0.5947256
0.0;0.0;0.0;0.0;-1.5757108
1.0;1.0;0.645;1.0;-0.2979362
1.0;1.0;1.0;1.0;1.0575092
1.0;1.0;1.0;1.0;1.9746816
1.0;1.0;1.0;1.0;2.587018
1.0;0.378999;1.0;0.318999;1.9495344
0.762999;1.0;0.937;1.0;2.7139223
1.0;0.606999;0.338;1.0;1.8107212
1.0;1.0;1.0;0.0;1.7462826
0.0;0.445999;0.0;1.0;1.5515065
1.0;0.084;0.9324;0.0;0.57056904
0.0;0.0;0.757;0.890999;1.1958396
0.792;0.499;0.802999;0.49;1.1446929
0.514;1.0;0.079999;1.0;1.2256479
1.0;1.0;1.0;1.0;2.023611
1.0;1.0;1.0;1.0;2.581141
1.0;1.0;1.0;1.0;2.9622471
1.0;1.0;1.0;1.0;3.223989
1.0;0.102999;1.0;0.545999;2.2326388
0.634;1.0;0.0;1.0;1.8044508
1.0;1.0;1.0;1.0;2.396194
1.0;0.0;1.0;0.0;1.1234021
0.0;0.0;0.0;0.412999;0.06316665
0.637;0.0;0.5669;0.0;-0.77804565
0.0;0.0;1.0;0.0;-0.1369977
0.48;0.0;0.0;0.0;-1.6563201
0.0;0.0;0.0;0.0;-2.2999191
0.0;0.0;0.812999;0.0;-1.4846348
0.0;0.0;0.0;0.0;-2.2100353
0.0;1.0;0.542699;1.0;-0.026234388
1.0;0.0;1.0;1.0;0.38661718
1.0;0.494;1.0;0.494;0.76367617
0.495;1.0;0.235999;1.0;1.2527204
1.0;1.0;1.0;0.0;1.441828
0.0;0.976;1.0;1.0;3.2351947
1.0;0.0;1.0;0.0;1.7859674
0.503;1.0;0.0;0.4761;1.1825478
0.472999;0.0;1.0;0.507899;1.241467
0.103999;1.0;0.0;1.0;1.605097
1.0;1.0;1.0;1.0;2.3072696
1.0;0.0;1.0;0.0;1.1260664
0.0;0.0;0.0;0.0;-0.3104651
0.0;0.0;1.0;1.0;0.9585118
1.0;0.504999;1.0;0.540999;1.1295235
0.181;0.192999;0.548;0.194;0.75704217
0.340999;1.0;0.082999;1.0;1.1161005
1.0;1.0;1.0;1.0;1.9707954
1.0;0.0;1.0;0.0;0.89472294
0.0;0.0;0.0;0.909;0.24391773
0.0;0.0;0.838999;0.314999;0.5840516
0.616;0.0;1.0;0.655999;0.7717109
0.0;0.263999;0.0;0.403;0.01903537
1.0;1.0;0.0;0.608;-0.39289832
0.716;0.756499;1.0;0.204999;0.48210382
0.236;1.0;0.569999;0.888999;1.6891038
1.0;0.0;0.0;0.0;-0.8199835
0.0;0.0;0.0;0.0;-1.7016256
0.0;0.0;1.0;0.349;-0.49737334
0.515;0.447;0.933999;0.784999;0.5939102
0.0;1.0;0.0;1.0;1.2203729
1.0;0.0;1.0;1.0;1.1632478
1.0;0.851999;0.835999;0.0;1.0194337
0.0;1.0;1.0;1.0;2.9304063
1.0;1.0;1.0;0.741;3.0636346
0.744;0.0;1.0;0.557999;2.3063993
1.0;0.602;0.0;0.0;0.27270675
0.0;0.0;0.0;0.0;-0.8951628
0.0;1.0;0.0;1.0;0.17151597
1.0;0.573;1.0;0.0;0.30699134
0.0;0.0;0.183;0.2673;-0.41356325
0.0;0.0;0.741;0.3357;-0.007148981
0.555999;0.548999;1.0;0.747999;1.0496235
0.0;1.0;0.0;0.0;0.7673776
0.0;0.026699;0.406999;0.0;0.0750995
0.0;0.0;0.0;0.475999;-0.72441936
0.137;1.0;0.323;1.0;0.6038523
1.0;0.8359;0.0;0.0;-0.50196886
0.0;0.0;0.521;0.974;0.1505411
0.21;0.646;0.873999;0.718;1.4179385
1.0;0.8289;0.0;0.0;0.009266168
0.0;0.0;0.823999;0.6698;0.7239139
0.596;1.0;0.0;0.0;0.015006095
0.0;0.0;0.927;1.0;1.1138415
1.0;0.022999;0.2377;0.299999;-0.5506182
0.518999;0.646;1.0;0.945999;0.96337557
0.609;0.216;1.0;0.615;1.2765741
0.600699;1.0;0.0;1.0;1.1146462
1.0;0.0;1.0;0.0;0.31499624
0.0;0.1959;0.0;0.0;-0.6753051
0.0;0.0;0.0;0.0;-1.6151571
0.0;0.0;0.37;1.0;-0.87669134
1.0;0.0;1.0;0.0;-0.9444678
0.927999;0.893;0.402;0.411;-0.66028476
0.013999;1.0;0.222999;1.0;0.69642425
1.0;0.0;1.0;0.0;0.068781406
0.0;0.772499;0.0;0.0;-0.19523144
0.001999;0.0;0.0;0.0;-1.2825452
0.0;0.0;0.0;0.0;-2.037772
0.0;0.0;1.0;0.006;-1.0190213
1.0;0.537999;1.0;1.0;0.16560915
0.0;1.0;0.0;0.451999;0.5014038
1.0;1.0;0.546;1.0;1.0178483
0.966999;0.6033;0.0;0.0;-0.5525613
0.0;0.0;0.466;0.0;-0.77690125
0.0;0.0;0.488999;0.3366;-0.65070033
0.637;0.375999;1.0;0.854999;0.462631
0.234999;0.331;0.0;0.268;-0.42980552
0.872999;1.0;0.665;0.867;0.53002
0.933999;0.122;0.579999;0.105;-0.4242921
0.0;0.0;0.0;0.0;-1.4424943
0.0;1.0;0.0;0.405;-0.7135236
0.066;0.0;0.786999;0.772999;0.16241434
0.64;0.0;1.0;0.133;0.11788967
0.192999;0.520999;0.547999;0.847999;0.88558555
0.600999;0.959;0.057999;0.399999;0.4673159
0.917;0.369;0.0;0.0;-1.137092
0.0;0.0;0.181999;0.46;-1.2640439
0.403999;0.0;0.0;0.0;-2.3454154
0.0;0.6152;1.0;0.844999;0.07241133
1.0;0.369799;1.0;0.743;0.5974686
0.239999;0.3919;0.515;0.515999;0.76526165
0.582999;1.0;0.0;0.023299;0.056973726
0.0;0.0;0.223099;0.4427;-0.38267016
0.632;0.865;0.1919;0.149;-0.53620577
0.011999;0.0;0.049999;0.0;-1.4496707
0.108;0.736499;0.0;1.0;-0.61962247
1.0;0.3695;1.0;0.039;-0.35174727
0.341999;0.662999;0.780999;0.8772;0.95672965
0.796999;0.745;0.0;0.0;-0.29049754
0.0;0.0;0.0;0.0;-1.3425671
0.0;0.0;0.0;0.0;-2.0852053
0.0;0.0;0.0;0.0;-2.602514
0.0;0.0;0.0;1.0;-2.1493757
1.0;0.401999;1.0;0.743;-0.81339717
0.59;0.962;0.0;0.428;-0.7589543
0.436999;0.564999;0.0;0.0;-1.3952695
0.0;0.0;0.0;0.0;-2.141937
0.0;0.0;0.0;0.0;-2.6593175
0.0;0.411;0.3064;1.0;-1.2431585
1.0;1.0;1.0;1.0;0.4539764
1.0;0.0;1.0;1.0;0.69207907
0.698;1.0;0.425;0.431;0.8620119
0.2255;1.0;0.0;1.0;1.230619
1.0;0.556999;1.0;0.896099;1.6261017
0.851999;0.715;0.0;0.0;0.059882432
0.0;0.0;0.0;0.234;-0.8999312
0.0;0.0;0.177999;0.795999;-0.8403444
0.789999;0.0;1.0;0.448999;-0.45886874
0.787999;0.787999;0.019899;0.6463;-0.7136607
0.3267;1.0;0.0;1.0;-0.00037193298
1.0;1.0;1.0;0.0;0.5581713
0.289999;0.579999;0.593;0.726;1.1762297
0.59;1.0;0.701999;1.0;2.0532823
1.0;0.8269;1.0;0.945;2.4313369
0.444;0.039;1.0;0.438;2.1183052
0.175999;0.474999;0.175999;0.2547;1.253984
0.859;0.974;0.0;0.590299;0.50509334
0.859;0.381;0.075899;0.0;-0.9795213
0.0;0.091999;0.207;1.0;-0.54380536
1.0;0.462;1.0;0.0;-0.30952334
0.0;0.162999;0.0637;1.0;-0.2419138
1.0;0.128999;1.0;0.442999;-0.11017561
0.478;0.478;0.282;0.288;-0.4099095
0.0;1.0;0.0;0.818799;0.3871119
1.0;0.336999;1.0;0.0;0.20558003
0.070999;0.0971;0.0;0.0741;-0.8912766
0.0;0.976999;0.909999;1.0;1.3746178
1.0;0.036999;1.0;0.070999;0.6312227
0.144999;0.060999;0.890799;0.494;1.0248458
0.390999;0.515999;0.268999;0.3836;0.5524671
0.474;0.473;0.0;0.0;-0.60220003
0.0;0.0;0.0;0.040299;-1.5238845
0.332;0.3187;0.621499;0.6516;-0.61297655
0.384;0.515;0.6975;0.6841;0.32675624
0.631;0.707999;0.297999;0.115;-0.05976796
0.05;0.0;0.69;0.552999;0.32301307
0.545999;0.398;0.394599;0.2916;-0.057908297
0.358899;0.629999;0.0;0.513399;-0.35519838
0.506099;0.866;1.0;0.7002;1.1587477
0.867;1.0;1.0;1.0;2.1646118
1.0;1.0;1.0;1.0;2.71577
1.0;1.0;1.0;0.375299;2.6911652
0.256999;0.0;0.802;0.792;2.46673
0.57;0.298999;0.198;0.243;0.93673825
0.081;1.0;0.347999;1.0;1.9218779
1.0;1.0;0.9776;0.885999;2.4162269
0.919;1.0;0.913399;1.0;2.8373396
1.0;1.0;1.0;1.0;3.142271
1.0;0.807;1.0;0.0;2.5260425
0.0;0.0;0.7182;0.89;2.585826
0.694;0.266999;0.565999;0.125999;1.339755
0.714999;1.0;0.0;1.0;1.0111606
0.637;1.0;0.866;0.0;1.417253
0.004;0.0;0.0;0.0;-0.11117101
0.0;0.0;0.0;0.642699;-0.707283
0.646999;0.901;0.2192;1.0;-0.09081006
0.597999;0.335999;1.0;0.414999;0.5485928
0.243;0.2515;0.228999;0.1139;-0.22232175
0.695399;1.0;0.1794;0.253799;-0.30123234
0.287599;0.947;0.0;0.0;-0.5286598
0.0;0.0;0.0;0.7683;-0.89583635
0.687;0.603999;1.0;0.489999;0.23613337
0.413999;0.973999;0.0;1.0;0.5517757
1.0;0.243;1.0;0.601999;0.6822324
0.401;0.679;0.468;0.73;1.0869777
0.675999;0.610999;0.0;0.0;-0.26474237
0.096;0.381;0.0;0.0;-0.96615195
0.0;0.02;0.724;1.0;0.1500881
1.0;1.0;0.918999;0.9677;1.2109494
0.753999;0.4604;1.0;0.462499;1.4539099
0.216;0.073;0.789999;0.731999;1.5998399
0.725999;0.238;0.0;0.0;-0.38177013
0.239;1.0;0.256999;1.0;0.6811774
1.0;0.615;0.99;0.0;0.6582773
0.0;0.0;1.0;0.635999;1.4008915
0.573999;0.507799;0.213;0.2385;0.44272304
0.217999;0.505099;0.210999;1.0;0.6892538
1.0;0.43;1.0;0.556999;0.8995509
0.616999;0.499;0.0;0.145;-0.36202312
0.100999;1.0;0.060999;1.0;0.5614495
1.0;0.874;1.0;0.0;0.84142447
0.129999;0.988;0.552;1.0;2.0883417
1.0;0.517;1.0;0.0;1.5429533
0.006;0.303999;0.429;0.2496;1.2083387
0.153999;0.0;1.0;0.585;1.5608048
0.686;0.547999;0.444;0.530999;1.0719693
0.254;0.898;0.0;0.0;0.44724107
0.061999;0.057999;0.32;0.4701;0.083032876
0.282;0.152999;0.0;0.694899;-0.5980098
0.678999;0.405;0.986999;0.146;-0.0031793118
0.179;0.625999;0.655;0.289;0.67888856
0.0;0.0;0.323;0.487;0.22244218
0.835;0.523;0.6976;0.442599;0.3333962
0.487;0.878999;0.4106;0.506999;0.7050669
0.411999;0.736;0.0;1.0;0.62354565
1.0;1.0;1.0;0.5095;1.3580537
0.911999;1.0;0.6385;1.0;1.7811334
1.0;1.0;1.0;1.0;2.440784
1.0;0.359999;1.0;0.580999;2.0178533
0.426999;0.463999;0.318999;0.314999;1.2302673
0.369;1.0;0.329;1.0;1.816479
1.0;1.0;1.0;0.7538;2.274809
0.81;0.087;0.0;0.0;-0.18323302
0.0;0.0;0.2404;1.0;-0.036587715
1.0;1.0;1.0;1.0;1.156292
1.0;0.492999;1.0;0.499;1.196543
0.084999;0.396;1.0;1.0;2.4122038
0.813;1.0;0.0;1.0;1.689527
1.0;1.0;1.0;0.0;1.6843832
0.0;0.0;0.0;0.941399;0.84472656
1.0;1.0;1.0;1.0;1.7433202
0.820999;1.0;1.0;0.881799;2.5026834
0.874;0.0;1.0;0.527;1.7436302
0.363;0.472999;0.363;0.3996;1.229099
0.602999;1.0;0.0;0.0;0.3238237
0.0;0.76;0.406799;1.0;1.4147556
1.0;1.0;1.0;1.0;2.15315
1.0;0.804999;1.0;0.748399;2.344153
0.576;0.313;1.0;0.4285;2.2222137
0.466999;0.012;0.5712;0.135;1.0262704
0.194999;1.0;0.537999;1.0;2.110783
1.0;0.815999;0.376;0.402999;1.2435591
0.277;0.568;0.894999;0.4298;1.8632388
0.671999;1.0;0.657;1.0;2.3668208
1.0;1.0;1.0;1.0;2.8058445
1.0;1.0;1.0;1.0;3.1196153
1.0;0.353999;1.0;0.397999;2.33498
0.024999;0.441;0.225999;0.602;1.9762313
1.0;1.0;0.581;1.0;1.9856727
1.0;0.0;0.358;0.0;-0.105371475
0.0;0.0;0.158;0.0;-0.9306872
0.0;0.0;0.0;0.0;-1.789155
0.0;0.0;0.0;0.0;-2.3859406
0.0;0.0;0.962999;0.129999;-1.2201332
0.2;1.0;0.609;1.0;0.5798435
1.0;1.0;0.0;0.0;-0.37521958
0.0;0.360999;0.0;1.0;-0.15776992
1.0;1.0;1.0;0.8413;1.0651624
0.689;0.536;0.0;0.0;-0.36086679
0.0;0.1841;1.0;1.0;1.1782265
1.0;0.545299;1.0;0.482799;1.3070083
0.364199;0.5267;0.0;0.5979;0.5518353
0.0;1.0;0.686;1.0;2.1838999
1.0;0.239;0.829999;0.0;1.0933614
0.0;0.0;0.000599;1.0;0.42053223
1.0;1.0;1.0;0.0546;0.89217186
0.091999;0.382;0.486999;1.0;1.430062
1.0;0.330999;1.0;0.422;1.1987007
0.227;0.337;0.337999;0.411999;0.7752454
0.585;0.960999;0.0;0.207999;0.14768007
0.449999;0.936;0.0;0.0;-0.35916805
0.0;0.0;0.0;0.0;-1.3836824
0.0;0.004;0.625;1.0;-0.30809283
1.0;1.0;1.0;0.664999;0.8306837
1.0;0.799;1.0;0.552999;1.3498819
0.0;0.0;0.0;0.376;0.12354019
0.619999;1.0;0.0;0.0;-0.45033336
0.0;0.0;0.097999;0.09;-1.2225949
0.057;0.764;0.13;1.0;-0.18221378
1.0;0.463999;1.0;0.676999;0.46862125
0.203999;0.0;0.0;0.0;-0.99331975
0.0;0.0;1.0;0.478;0.09800556
0.605999;0.616;0.0;0.473999;-0.5012953
0.376;1.0;0.416999;1.0;0.7118678
1.0;1.0;1.0;0.3119;1.2989199
0.599999;0.147999;0.0;0.0;-0.5892062
0.0;0.3232;0.0;1.0;-0.35550237
1.0;1.0;1.0;0.0;0.3348744
1.0;0.0;1.0;0.549899;0.21196368
0.31;0.195499;0.546;0.5002;0.24701717
0.587999;0.772999;0.0;0.0;-0.6069386
0.0;0.0;0.0;0.0;-1.5646601
0.0;0.0;0.0;0.0;-2.2404814
0.0;0.0;0.165599;0.0;-2.454754
0.0;0.0;0.3114;0.7102;-1.7865503
0.713;0.274;1.0;1.0;-0.3165865
0.468099;1.0;0.315199;0.0;-0.10513306
0.2188;0.0;0.4485;1.0;0.1333094
1.0;1.0;1.0;1.0;1.356945
1.0;0.397199;0.233599;0.787899;0.37066102
0.634;0.9201;0.1967;0.0;-0.085725784
0.0;0.0;0.0;0.563299;-0.74692607
0.514799;0.0;0.808;0.384;-0.51436067
0.428;0.777;0.5365;0.7128;0.38580656
0.804199;1.0;0.245199;1.0;0.65838456
1.0;0.768999;1.0;0.317999;1.0175145
0.408;1.0;0.8147;1.0;2.2988358
1.0;1.0;0.0;0.0;0.7110095
0.0;0.0;0.0;0.0;-0.606426
0.0;0.0;0.963099;0.554899;0.37273526
0.4452;0.439;0.3119;0.308199;-0.024088621
0.499799;1.0;0.0;1.0;0.2892232
1.0;1.0;1.0;1.0;1.4256454
1.0;1.0;0.375299;0.0;0.66782594
0.0;0.0;0.302599;1.0;0.66064954
1.0;0.741;1.0;0.5382;1.1414683
0.253;0.0;0.7377;0.165899;0.7358825
0.775999;1.0;0.9183;0.898;1.7249143
1.0;0.522;0.0;0.0852;-0.15436053
0.0;0.0;0.0;0.0;-1.2196146
0.0;0.0;0.0;0.54;-1.5595222
0.673;0.768;1.0;1.0;0.24748805
0.927;0.922999;0.0;0.744999;-0.15526652
0.738999;0.241;1.0;0.465;0.31195045
0.261;0.759;0.0;0.534999;0.16218784
0.738999;0.241;1.0;0.465;0.51196575
0.632;0.632;0.0;0.0;-0.61897874
0.0;0.948999;0.955999;1.0;1.6517377
1.0;0.158;0.534;0.194;0.3216362
0.095;1.0;0.519999;1.0;1.6992724
1.0;1.0;1.0;1.0;2.3629165
1.0;0.671999;0.968999;0.192;1.958499
0.222999;0.218;1.0;0.738;2.4340367
0.399;0.247;0.0;0.0;0.51843286
0.0;1.0;0.0;0.0;0.39723277
0.0;0.0;0.0;0.132999;-0.7390404
0.106999;0.015;0.5922;0.033;-0.7653558
0.058999;0.9981;0.0;0.802;0.014845163
0.802;0.0;1.0;0.143999;-0.061711073
0.143999;0.0;0.657299;0.387;0.044140846
0.768;0.709999;0.4587;0.371;0.056818753
1.0;1.0;0.209999;1.0;0.1894212
0.069;1.0;1.0;0.218999;1.7761862
0.218999;0.0;0.190999;0.402;0.5250013
0.402;0.483;0.803;0.801;1.2691414
0.813;0.939999;0.661;0.954999;1.7589903
0.942999;0.554699;0.744999;0.0;1.048342
0.656199;0.4873;0.713;1.0;1.4180458
0.5998;0.765999;0.0;0.052499;0.25186896
0.007;0.665;0.924999;1.0;1.974479
1.0;1.0;1.0;1.0;2.5583422
1.0;1.0;0.3888;1.0;2.1700778
1.0;0.754;1.0;0.567;2.1929955
0.476999;0.523999;1.0;1.0;2.8559542
0.632;0.0;0.0;0.0;0.29485583
0.0;1.0;0.329999;1.0;1.5263414
1.0;1.0;1.0;0.876;2.1506944
0.811;0.974999;0.909999;0.909;2.6790059
0.790999;1.0;0.362;0.0;1.7309523
0.0;0.911999;0.558999;1.0;2.8030252
1.0;0.442;1.0;0.0;1.9380844
0.0;0.973999;0.429;0.441;2.4068632
1.0;0.96;0.0;1.0;1.438365
0.111999;1.0;0.873;0.0;2.2668338
0.0;0.0;0.783999;1.0;2.4512568
0.877;0.5802;0.0;0.613;0.9371078
0.991;0.7958;1.0;0.71;1.4882004
0.481999;0.0;0.6105;0.215999;0.6154394
0.102499;0.010599;0.6735;0.4628;0.6486988
0.576999;1.0;0.186299;1.0;0.9494519
1.0;1.0;0.9057;0.681999;1.5350676
0.652;0.0;0.0;0.0;-0.6549561
0.0;0.012;0.0;1.0;-0.76263785
1.0;0.644999;1.0;0.964999;0.37201405
0.965999;0.335999;1.0;0.5;0.56280255
0.1952;0.1952;0.0;0.0;-0.68282723
0.0848;1.0;0.326999;1.0;0.7189846
1.0;1.0;1.0;0.332599;1.2697554
0.204;0.689;0.31;1.0;1.6648507
1.0;1.0;0.0;0.0;0.29275775
0.0;0.0;1.0;0.738;1.236043
1.0;0.528;0.0;0.173;-0.3915274
0.0;1.0;1.0;0.671;1.6944206
0.671;0.0;0.0;0.195999;-0.39500833
0.241999;1.0;0.689;1.0;1.2499428
1.0;1.0;1.0;1.0;2.0597136
1.0;0.747599;0.220999;0.416999;0.9180939
0.412999;0.0;1.0;0.553;1.1484182
1.0;1.0;1.0;1.0;1.956985
1.0;0.778999;0.0;0.706;0.73536396
0.0;0.382;0.674999;1.0;1.7446673
0.994;0.238999;0.906;0.680999;1.3522422
0.727;1.0;1.0;0.0;1.7234778
0.0;1.0;0.595199;0.950999;2.89397
1.0;0.0;1.0;1.0;2.214972
0.866999;0.644999;0.989699;0.644999;2.2777772
0.432;1.0;0.0;1.0;2.0333385
1.0;1.0;0.706;0.0;1.5406823
0.0;1.0;1.0;1.0;3.315959
1.0;1.0;1.0;1.0;3.4619367
1.0;0.0;0.0;0.0;0.3787434
0.0;0.0;0.611399;0.674099;0.68828225
0.5146;1.0;0.5155;1.0;1.516906
1.0;1.0;0.0;1.0;0.8712864
1.0;1.0;1.0;0.0;1.1216617
0.0;0.0;0.119;0.238;0.06010893
0.329999;0.0;0.0;0.0;-1.3853573
0.0;0.0;0.0;0.0;-2.1041954
0.0;0.0;0.947299;0.506;-0.7418537
0.064999;0.0;0.1507;0.513;-1.0899566
1.0;1.0;0.75;1.0;0.17971161
1.0;1.0;1.0;1.0;1.3791716
1.0;1.0;1.0;0.0;1.5157735
0.0;0.0;0.0;1.0;0.77032804
1.0;1.0;1.0;0.76;1.5774286
0.873999;0.243;1.0;0.685;1.5091515
0.0;0.717999;0.415;0.799999;2.111844
1.0;1.0;0.0;1.0;1.2852824
1.0;1.0;1.0;1.0;2.0719805
1.0;0.3108;1.0;0.0;1.2703097
0.0;1.0;0.920899;1.0;3.0434585
1.0;0.0;1.0;0.0;1.6053951
0.0;0.0;0.968;0.722999;2.0769691
0.783;0.290999;0.403999;0.146;0.68893194
0.022;1.0;0.0;0.0;0.51050544
0.0;0.0;0.0;1.0;0.021371871
1.0;0.075999;0.0;0.0;-1.7916167
0.0;0.0;0.560799;1.0;-0.66304445
1.0;1.0;1.0;1.0;0.79064727
1.0;0.091;1.0;0.981999;0.9353435
1.0;0.807999;1.0;0.719999;1.5063679
0.582999;1.0;0.0;0.0;0.55775404
0.0;0.0;0.0;1.0;0.094298154
1.0;0.436;1.0;0.0;0.07661942
0.394;0.0;0.0554;0.0;-1.3513051
0.0;0.0;0.0;1.0;-1.2697898
1.0;0.3121;1.0;0.040999;-0.9019816
0.5869;0.4111;0.0;0.987399;-1.0317767
0.492099;0.225799;0.0;0.0;-2.0274544
0.0;0.0;0.0;0.0;-2.5772536
0.0;0.0;0.0;0.660799;-2.4122024
0.649;0.694;1.0;0.8079;-0.45907736
0.822999;0.180999;0.212999;0.0;-1.5804911
0.0;0.0;0.622;1.0;-0.42689085
0.882;0.34;0.747;0.119999;-0.50453186
0.305999;0.305999;0.0;0.0;-1.4150761
0.0;1.0;0.754099;1.0;0.86410403
1.0;0.5407;0.0;0.0;-0.7172191
0.0;0.313199;0.0;1.0;-0.45385003
1.0;0.1056;1.0;0.0;-0.5755031
0.0;0.0;0.069;0.399;-1.1260353
0.0;1.0;0.473199;1.0;0.68109393
1.0;1.0;0.7639;0.0;0.76155424
0.0;0.0;1.0;1.0;1.7302728
1.0;0.345999;0.444;0.0;0.32358527
0.0;0.0;0.0;0.1448;-0.7954323
0.161199;0.0;0.0;0.0;-1.8265033
0.254;0.093999;1.0;1.0;-0.19265652
0.4427;1.0;0.363499;0.6901;0.5749142
0.663299;0.8862;0.0;0.0;-0.26247144
0.052;0.0;0.0;0.0;-1.3614558
0.0;0.545;1.0;1.0;0.78260064
1.0;1.0;1.0;0.776799;1.6550577
0.673999;0.015;0.0;0.1799;-0.41339636
0.215;0.0;1.0;0.2762;0.18516544
0.0;0.2202;0.201499;0.4726;-0.068041086
0.7841;0.985799;0.0;0.9855;-0.023510456
1.0;1.0;1.0;0.694499;1.030103
0.677999;0.5;0.240399;0.7379;0.522635
0.042;1.0;0.323;0.0;0.86858034
0.040999;1.0;0.397999;1.0;1.9573307
1.0;0.0;1.0;0.0;0.92687964
0.472999;0.5177;0.477099;0.487899;0.808326
0.0;1.0;0.516599;1.0;2.1207309
1.0;1.0;1.0;1.0;2.6594675
1.0;0.442999;0.0;0.0;0.36171436
0.0;0.0;0.442999;0.8892;0.57343006
0.878;0.689999;0.0;0.0;-0.68846583
0.0;0.0;0.9213;1.0;0.6341374
0.3086;0.552999;0.0;0.524699;0.096098214
1.0;0.548;1.0;0.0;0.22182229
0.0;0.495;0.0;0.0;-0.39674282
0.0;0.0;0.044999;0.5942;-0.8758092
0.701;0.385;0.855;0.3947;-0.25325656
0.161;0.879;0.524;0.374099;0.6527698
0.271;0.117899;0.495;1.0;0.79228044
1.0;1.0;1.0;1.0;1.7698622
1.0;0.6534;0.309099;0.0;0.4632628
0.0;0.0;0.0;0.3348;-0.53147316
0.366;0.441;0.0;0.0;-1.3101541
0.0;0.0;0.0531;1.0;-1.1549078
1.0;0.445999;1.0;0.0;-0.68913937
0.0;0.0;0.4595;0.9483;-0.11092663
0.010399;0.725999;1.0;1.0;1.8203115
1.0;0.869799;0.0634;0.516199;0.7788098
0.511;0.6297;0.3566;0.0;0.26434422
0.0;0.0;0.3411;0.3977;-0.09270549
0.472;0.0;0.0;0.306199;-1.3649665
0.325999;0.913499;0.662999;1.0;0.39209485
1.0;1.0;1.0;1.0;1.5049434
0.0;0.0;0.0;0.0;-0.063409805
0.659999;1.0;0.314999;1.0;0.56242704
1.0;1.0;1.0;1.0;1.5977776
1.0;1.0;0.350999;0.501899;1.1084652
0.764;0.0;0.654;0.0;-0.028582811
0.0;0.537199;0.418099;0.305899;0.38550258
0.301;0.0;0.0;0.471;-0.7826233
0.951;1.0;0.3196;1.0;-0.21327376
0.530999;0.478999;0.905499;1.0;0.95558524
1.0;0.837999;1.0;0.0;1.0489976
0.0;0.0;0.0;0.0;-0.37967205
0.0;0.0;0.0;0.0;-1.4071308
0.0;0.902;0.4915;1.0;0.37606716
1.0;0.0;0.8147;0.3797;-0.105895996
1.0;1.0;1.0;0.494;0.8077836
0.033;0.0;0.0;0.085299;-0.5240166
0.0;0.0;0.0;0.2782;-1.2940608
0.215;1.0;0.9004;1.0;0.89943767
1.0;1.0;1.0;1.0;1.8476045
0.853999;0.865899;0.0;0.658;0.89761376
1.0;0.4541;1.0;0.494999;1.0069108
0.0;0.0;0.0;0.542;0.024107724
0.0;1.0;0.451;0.947299;1.4401591
1.0;0.0;0.087;0.0;-0.81516147
0.0;0.0;0.0;0.0;-1.6972744
0.0;0.0;0.221;1.0;-1.1637174
1.0;0.695;1.0;0.0;-0.46130657
0.0;0.0;0.4629;0.7845;-0.0889802
0.714399;0.817999;0.337599;0.518;0.044504434
0.5336;1.0;0.613;1.0;1.2154615
1.0;1.0;0.915;1.0;1.9582605
1.0;1.0;1.0;0.178899;2.026502
0.144999;0.0;0.0;0.664099;0.71035385
0.0;0.0;0.7402;0.0;0.5131519
1.0;1.0;1.0;1.0;1.5038645
1.0;1.0;0.0;0.0;0.16163948
0.0;0.0;0.0;0.0;-0.99235415
0.0;0.0;0.0;0.0;-1.8276656
0.0;0.0;0.3547;0.699;-1.2846731
0.798;1.0;0.0;1.0;-0.8252466
1.0;0.5728;1.0;0.2299;-0.18273234
0.158999;0.287999;0.0;0.0;-1.0854148
0.0;1.0;0.0;1.0;0.027707845
1.0;0.527;1.0;0.391399;0.46617746
0.406999;0.186999;0.160299;0.1717;-0.5664313
0.0584;0.747;0.3225;0.596;0.25342464
0.0;0.078999;0.210499;0.0;-0.55145264
0.423999;0.0;0.668999;0.477999;-0.4394138
0.576999;1.0;0.576999;1.0;0.76339006
1.0;0.222;0.0;0.0;-1.1623465
0.0;0.245599;0.0;0.0;-1.671263
0.0;0.0224;0.0;1.0;-1.4741563
1.0;1.0;1.0;0.0;-0.3963554
0.0;0.375999;0.0;0.564499;-0.52529216
0.296999;0.0;1.0;0.608999;0.29542804
0.7;0.441;0.016;0.0;-0.9733939
0.912999;1.0;0.147999;0.933399;-0.581553
0.037;0.0;0.0;0.0;-1.5862489
0.0;0.0;0.230399;0.370999;-1.5942895
0.269;1.0;0.353999;0.566;-0.3788197
0.471999;0.0;0.0;0.2869;-1.5681767
0.299;0.046;1.0;0.963099;-0.103172064
0.899;0.494;0.882999;0.494;0.34366012
0.501999;1.0;0.191;0.670999;0.6201303
0.757;0.0;0.408;0.51;-0.31320095
0.379999;0.0;0.924999;0.578;0.2323604
0.81;0.456;0.0;0.552999;-0.73845625
0.411;1.0;0.010399;0.0;-0.8792186
0.0;0.0;0.4936;0.588;-0.4863763
0.694;0.552999;1.0;0.564999;0.49324393
0.557;1.0;0.486;0.884999;1.2433863
0.897999;0.405;0.279999;0.0;-0.14304161
0.266;0.483;0.26;0.796199;0.13891223
0.524;0.439999;0.0;0.0;-0.9891355
0.0;0.085999;0.616999;0.933999;0.008705884
0.778;0.537999;1.0;0.940299;1.004008
0.0;0.7693;0.0;0.0;0.48666954
0.741;0.0357;0.835599;0.031;-0.041302443
0.0;0.143;0.468;0.861;0.42253494
0.891999;0.649999;0.589999;0.811999;0.6333089
0.761;1.0;1.0;1.0;1.8916702
0.979999;0.947;1.0;0.688;2.2942042
0.986;0.238;0.813;0.546;1.5078759
0.326999;0.513;0.525999;0.542;1.5184021
0.631;1.0;0.209;1.0;1.5585637
1.0;1.0;1.0;0.888999;2.18297
1.0;0.402999;1.0;1.0;2.1520653
0.707999;1.0;0.888999;1.0;2.8745508
1.0;1.0;1.0;0.237499;2.664969
0.006;0.0;0.306899;0.128399;1.4461493
0.1508;0.497;0.4297;0.4984;1.4014637
0.973199;1.0;0.5574;1.0;1.5799677
1.0;0.449999;1.0;0.677999;1.5645778
0.299;0.299;0.210999;0.0;0.40848017
0.0;0.102099;0.0;0.0;-0.71463823
0.155;0.0;0.0;0.0;-1.7571831
0.0;0.0;0.684899;0.575;-0.8279586
0.1253;1.0;0.4706;1.0;0.7521665
1.0;0.814999;0.0;0.0;-0.44938564
0.0;0.0;0.576;0.900999;0.20932916
0.849;0.67;0.635999;1.0;0.76280594
1.0;0.665999;0.221;0.0;-0.34112573
0.0;0.372;0.610999;1.0;0.8450484
1.0;0.5865;1.0;0.967799;1.429323
0.887299;0.5129;0.1251;0.0;-0.13416648
0.0;0.242599;0.0;0.2682;-0.71917415
0.400499;0.369;0.998199;0.791299;0.5653298
0.933;0.67;0.888;0.644;0.9997523
0.645999;0.658999;0.431999;0.593999;0.87794423
0.616;0.469999;0.706;0.647999;1.0650074
0.486999;0.271;0.7822;0.511;1.1120713
0.527;0.451;0.3726;0.3395;0.54411054
0.283799;1.0;0.4602;1.0;1.5825963
1.0;0.748;1.0;0.153999;1.5134192
0.214799;0.372;0.391;0.876999;1.5039837
0.817999;0.575999;0.742999;0.5457;1.3813174
0.575;0.427999;0.0;0.0;-0.18021703
0.0;0.0;0.491;0.857199;0.22704962
0.39;0.1668;0.088999;0.0;-0.9779775
0.725999;1.0;0.109999;0.1655;-1.0178471
0.0;0.459999;0.501;1.0;0.28466344
1.0;0.635999;1.0;0.631599;0.89039564
0.641999;1.0;0.66;1.0;1.7656243
1.0;0.498;0.385999;0.0;0.3882861
0.0;0.0;0.602999;0.611;0.6117141
0.308999;0.42;0.505;0.512999;0.6972647
0.611;0.902;0.0;0.1863;-0.0071668625
0.028;0.103999;0.444;0.773899;0.291214
1.0;0.608;0.584;0.0;-0.16978621
0.0;0.147999;0.054999;0.4575;-0.6298566
0.360999;0.858;0.0;1.0;-0.14156342
1.0;0.489;1.0;0.683499;0.50510526
0.332;0.351999;0.004;0.364999;-0.37085056
0.534999;1.0;0.359999;0.495;0.19349816
0.465;0.751;0.908;1.0;1.5485024
1.0;0.526999;0.15;0.463299;0.2596116
0.26;0.948;0.793999;0.0;1.0992682
0.0;0.0;0.443899;1.0;1.13698
1.0;0.604599;0.7231;0.3789;0.85744023
0.0;0.804;0.459999;0.0;1.1274076
0.484;0.0;0.0;0.195999;-0.622859
0.361999;0.379999;0.623;0.483;-0.093808174
0.379;0.355;0.0;0.0;-1.1151873
0.0;0.0;0.402;0.2059;-1.1207603
0.129;0.637999;0.393;1.0;0.07933739
1.0;0.959;0.672499;0.0;0.20180109
0.304;0.0;0.9385;1.0;1.009295
0.688699;1.0;0.364;0.3515;0.9383476
0.893299;0.498999;0.082999;0.1067;-0.46325564
0.0;0.994;0.0;0.0;-0.32162905
0.0;0.0;0.251;0.488299;-0.57205796
0.363;1.0;0.451;0.5107;0.3549254
0.531;0.0;0.448099;0.574399;-0.16360521
0.5;0.5468;0.8549;0.4757;0.6311333
0.500999;0.726199;0.0;0.0;-0.29046178
0.0;0.0;0.346999;0.937299;-0.02458334
0.960999;0.444;0.618;0.026;-0.43352485
0.028;0.066;0.0;0.0;-1.3980352
0.0;0.280999;0.451;0.950999;-0.3193462
0.976999;0.591999;1.0;0.591999;0.45441747
0.283;0.365;0.1875;0.2387;-0.14658809
0.53;0.647999;0.059499;0.091299;-0.7795358
0.0;0.233999;0.506;0.649;-0.07530093
0.918999;0.469999;0.484999;0.658;-0.14996767
0.648;1.0;0.9278;0.778;1.2442148
0.658;0.156;0.0;0.0;-0.6694281
0.0;0.0;0.527;0.539999;-0.32273173
0.605;0.551;0.843299;0.4449;0.37601352
0.417;0.848999;0.3177;0.9191;0.92522264
0.988;0.577;0.275999;0.0;-0.23942232
0.0;0.094999;0.027;0.123;-1.0529125
0.204;0.183999;0.432999;0.381;-0.8443558
0.194999;0.0;0.019;0.162499;-1.7434919
0.388999;0.160999;0.659899;0.421499;-1.1004769
0.383;0.548;0.4457;0.5786;-0.44029593
0.542;0.639;0.3734;0.342399;-0.30830145
0.263999;0.328499;0.293;0.492;-0.33685207
0.571899;1.0;0.128299;0.970999;0.19541147
1.0;0.554999;1.0;0.682;0.8001125
0.370999;0.875;0.379;1.0;1.481924
1.0;0.5296;1.0;0.2222;1.298765
0.561999;0.354399;0.798299;0.853499;1.5762007
0.576999;0.897;0.126999;0.829599;1.3153529
0.812;1.0;0.657;0.916399;1.80547
0.975999;1.0;1.0;1.0;2.4615564
1.0;0.393;0.8769;0.582999;1.8822587
0.586999;1.0;0.6931;1.0;2.5613105
1.0;0.510999;1.0;0.674999;2.2801614
0.763;0.361;0.0;0.0;0.18973115
0.0;0.59;0.0;0.0;-0.27165055
1.0;0.409999;1.0;1.0;0.46698213
0.0;0.59;0.0;0.0;-0.08384228
0.0;0.0;0.435;0.364999;-0.21510363
0.334999;1.0;0.0;0.0;-0.4387939
0.0;0.0;0.1071;1.0;-0.46628356
1.0;1.0;1.0;0.667;0.71398973
0.564;0.0;1.0;1.0;1.2100852
0.6931;0.358;0.535;0.0648;0.4092312
0.486899;0.57;0.0;0.060199;-0.57316065
0.0;0.214999;0.0;0.0;-1.2867891
0.0;0.0;0.309999;0.757999;-0.929656
0.757999;0.0;0.551;0.296999;-1.2626313
0.296999;0.027;0.346;0.155;-1.563319
0.093;0.275999;0.381799;0.415;-1.0555947
0.494;0.4792;0.6872;0.877799;0.009713203
0.548;0.409099;0.0;0.0;-1.1138283
0.0;0.0;0.180999;0.262999;-1.4283322
0.239;0.813;0.4808;0.804;-0.052144527
0.774999;0.231999;0.7402;0.552;0.060031444
0.544;1.0;0.719;1.0;1.3659811
1.0;0.573;1.0;0.363999;1.3798869
0.551;0.365799;0.226399;0.2639;0.33145308
0.157999;1.0;0.0;0.9021;0.8242643
0.788;0.548;1.0;1.0;1.6020811
1.0;0.5;0.0;0.0;-0.31894088
0.0;0.0;0.16;0.734;-0.4876101
0.733;0.932;0.978999;0.453999;0.68722725
0.454999;0.325999;0.482199;0.491;0.47287703
0.512;0.242;0.5811;0.326599;0.19100073
0.316999;1.0;0.0;1.0;0.62114954
1.0;0.695;1.0;0.320999;0.9311712
0.378;0.284;0.097;0.085999;-0.26974916
0.085999;0.431999;0.0;0.0;-0.90405583
0.0;0.4466;0.0;0.0;-1.2664043
0.0;0.0;0.725999;0.708999;-0.31978726
0.547999;1.0;0.3973;0.282;0.13710621
0.433;0.6717;0.0;0.0;-0.62232256
0.0;0.0;0.336999;0.0;-1.0481501
0.0;0.938;0.529;1.0;0.7259345
1.0;0.3523;0.364999;0.0;-0.40753126
0.0;0.4187;0.001;1.0;-0.12996435
1.0;0.0;1.0;0.529999;-0.044705868
0.466999;0.588999;0.0;0.357;-0.6104851
0.471999;0.584499;0.400299;0.178999;-0.5216801
0.126999;0.0;0.08;0.0;-1.5029335
0.0;0.0;0.333999;0.408;-1.3414227
0.408;0.569;0.462;0.339999;-0.76716185
0.339999;0.643999;0.553999;0.628;0.13184312
0.64;0.547;0.572;0.499;0.33145308
0.636;0.223999;0.6906;0.552999;0.3380692
0.427999;0.744999;0.2622;0.469999;0.3655529
0.387;1.0;0.294199;0.221;0.5498028
0.28;0.0;0.0;0.0;-1.0015213
0.0;0.0;0.828;0.8522;0.13898376
1.0;1.0;0.610999;1.0;0.8297658
1.0;0.331899;1.0;0.555999;0.914762
0.225;0.4884;0.503699;0.115;0.7795489
0.405;0.486499;0.0326;0.0;-0.33442616
0.144999;0.0;0.0;0.0485;-1.4600478
0.0;0.130999;0.890999;0.491;-0.23350358
0.492999;0.420999;0.0;0.104999;-1.1363946
0.103;0.03;0.736;0.277999;-0.59339046
0.277999;0.306899;0.608999;0.456;-0.11263728
0.382;0.2111;0.586;0.481;0.017724067
0.568999;1.0;0.2866;1.0;0.6980276
1.0;0.761;0.932399;0.481999;1.1130369
0.489999;0.371;0.538;0.274999;0.723294
0.267;0.409999;0.422899;0.234999;0.47412872
0.237;0.532;0.5071;0.935;1.1221802
0.920999;0.455999;0.878;0.573999;1.1396205
0.335999;0.375999;0.396;0.167;0.5717671
0.415999;1.0;0.099199;0.802;0.7971263
0.803;1.0;0.8748;0.677999;1.5949285
0.677999;0.0;0.404699;0.099;0.09051922
0.097;0.983999;0.4513;0.860999;1.3233101
0.865;0.306;0.767;0.604999;1.0274506
0.653999;0.440999;0.902999;0.702;1.4129496
0.633;0.720999;0.439;0.562999;1.2264466
0.580999;0.6385;0.372;0.172;0.65748453
0.172;0.163499;0.286;0.845999;0.50390124
0.884999;1.0;1.0;0.971;1.6306734
0.933;0.176;0.457;0.074999;0.14768603
0.070999;0.198999;0.713999;0.771999;0.89438915
0.417;0.5362;0.352899;0.0;0.29337764
0.663;0.794799;0.340899;0.6811;0.41576982
0.351999;0.941;0.322;1.0;1.1794305
1.0;0.588999;1.0;0.31;1.2037313
0.31;0.239999;0.0;0.0;-0.28383374
0.0;0.0;0.655;0.3284;-0.038512945
0.282;0.112999;0.638;0.448599;0.07179144
0.501999;0.521;0.57;0.629399;0.4425919
0.582;1.0;0.0;0.163;-0.06337404
0.158;0.0;0.533;0.637;0.051704675
0.636;0.556999;0.539999;0.378;0.13545516
0.364999;0.314;0.158;0.015;-0.73036194
0.028;0.035;0.0;0.0;-1.6410196
0.0;0.0;0.376899;0.543999;-1.2509071
0.413999;0.482999;0.439;0.493499;-0.706228
0.611;0.707;0.1661;0.0;-1.0472381
0.0;0.0;0.0;0.0;-1.8904889
0.0;0.0;0.056999;0.826;-1.7083669
0.826;0.95;1.0;1.0;0.22989872
1.0;1.0;0.933999;1.0;1.362375
1.0;0.535999;1.0;0.381;1.3596988
0.509999;0.405;0.261;0.0;0.2517557
0.493;0.477;0.517899;0.5465;0.39509892
0.0;0.048999;0.0;0.0;-0.8025491
0.0;0.313;0.298999;1.0;-0.0677371
1.0;0.482999;1.0;0.197;0.2120829
0.197;1.0;0.659999;1.0;1.7161822
1.0;0.6065;1.0;0.525999;1.7531252
0.46;0.176499;0.6171;0.469;1.2391603
0.531999;0.428;0.0;0.288;-0.024315119
0.291;0.870999;0.730999;0.759;1.2607014
0.759;0.187;0.2645;0.153999;-0.16255021
0.153999;0.518999;0.692499;0.859;0.9608066
0.856999;0.85;0.909;0.522999;1.4561629
0.524999;0.466;0.656999;0.833;1.6183054
0.442;0.447799;0.491999;0.374599;1.1995649
0.43;1.0;0.142;0.0674;0.7470226
0.4;0.0;0.280999;0.364999;-0.23076177
0.373999;0.889;0.698;1.0;1.1550343
1.0;1.0;0.859;1.0;1.8272376
1.0;0.564999;1.0;0.683999;1.8735564
0.597999;0.843499;0.923999;0.705999;2.4997869
1.0;0.5766;0.331099;0.0168;0.89415073
0.0;0.426399;0.4039;0.428199;1.03688
0.457;0.4405;0.463999;0.582;0.8745587
0.575999;0.2418;0.411;0.453;0.24823907
0.546;0.199199;0.0;0.0;-1.209154
0.0;0.146;0.073;0.0;-1.7003679
0.0;0.0;0.562999;0.661899;-0.90132
0.4919;0.5669;0.608;0.5358;-0.16460061
0.6141;0.859999;0.484999;0.4191;0.27564526
0.406999;0.921999;0.472999;1.0;1.2347198
1.0;1.0;1.0;0.410999;1.7160988
0.457999;0.0;0.143;0.0225;-0.10003686
0.034999;0.228999;0.0;0.0;-0.9709978
0.088;0.0;0.6111;0.567699;-0.46919227
0.462;0.771999;0.485899;1.0;0.5088842
0.830999;1.0;1.0;0.567;1.4804041
0.471;0.286999;0.441;0.411;0.85195065
0.408999;0.161;0.0;0.0;-0.7127547
0.0;0.0;0.0;0.0;-1.6357684
0.0;0.0;0.430999;0.5498;-1.1561655
0.541;0.073999;0.7879;0.605199;-0.5706394
0.515499;0.584;0.3767;0.41;-0.3748858
0.361499;0.988999;0.3414;0.502699;0.3376758
0.609999;0.325;0.55;0.351199;0.109837085
0.459;0.311;0.338;0.7851;0.061199695
0.686;0.634;0.777999;0.317;0.48389792
0.295999;1.0;0.576999;1.0;1.7096794
1.0;0.323999;1.0;0.3582;1.3525522
0.463;0.616;0.597299;0.6308;1.531831
0.680999;0.669999;0.328;0.4619;0.96520543
0.327999;0.311;0.319;0.3106;0.37117362
0.236;0.51;0.324999;0.905699;0.73414207
1.0;0.657499;0.111;0.0;-0.5425358
0.0;0.0;0.414999;0.412799;-0.5121851
0.511;0.2862;0.565799;0.5112;-0.30743718
0.601099;0.631799;0.5852;0.645799;0.25021195
0.5469;0.976999;0.189999;0.0962;0.03687504
0.203;0.576;0.475;1.0;0.9102082
1.0;0.949;1.0;0.682;1.6062593
0.728699;0.418999;0.604999;0.114999;0.86192846
0.118;0.5407;0.463;1.0;1.5238261
0.899999;0.499299;1.0;0.655999;1.6796744
0.9633;1.0;0.241;0.884799;1.2937224
0.712699;0.420999;0.497;0.0;0.39475322
0.0;0.491;0.612;1.0;1.4883018
1.0;1.0;1.0;1.0;2.208171
1.0;0.902;1.0;0.234999;2.1280384
0.192999;0.301;0.582;0.547899;1.9430554
0.631999;0.127699;0.6843;0.6678;1.3763642
0.5169;0.5603;0.5056;0.3332;1.0612285
0.4971;0.486999;0.240199;0.581099;0.5594528
0.484;0.75;0.7159;0.730999;1.3198292
0.774999;0.654;0.597999;0.436;1.0929263
0.524;1.0;0.772999;1.0;2.1493711
1.0;1.0;1.0;0.117799;2.1016812
0.139;0.0;0.649;0.5172;1.6968226
0.3827;0.996299;0.4307;0.6777;2.0164943
0.8943;0.2807;0.301299;0.261299;0.48076868
0.010999;0.334699;0.329999;0.375;0.4310882
0.478;0.240299;0.0;0.0;-0.96226573
0.0;0.0;0.0;0.028999;-1.7821634
0.042999;0.356999;0.536999;0.777999;-0.55075526
0.832999;0.313;0.776499;0.645;-0.12485623
0.451999;0.689;0.6315;0.469299;0.5314505
0.68;0.366999;0.0;0.0;-0.9175861
0.0;1.0;0.626999;1.0;1.0657644
1.0;1.0;1.0;1.0;1.9683874
1.0;1.0;1.0;0.675;2.3763456
0.673999;0.0;0.344;0.228;0.6438589
0.580999;0.463999;0.692999;0.696099;0.93589187
0.083;0.227;0.1663;0.2353;0.1785374
0.589999;0.847999;0.2897;0.3339;0.13289216
0.329;0.31;0.325;0.2507;-0.25529504
0.222999;0.1152;0.444999;0.740099;-0.07845402
0.643999;0.9848;0.573;0.8869;0.8590317
1.0;0.544999;0.641;0.0;0.21561149
0.0;0.0;0.5383;0.5471;0.32295346
0.329299;1.0;0.435199;1.0;1.3317263
1.0;0.488999;0.3795;0.0;0.10066989
0.0;0.052;0.343;0.7733;0.17443064
0.726999;0.878;0.817999;0.816699;1.1358118
0.853999;0.299999;0.347;0.108199;-0.11017561
0.069;0.716999;0.631999;1.0;1.30404
1.0;0.442;1.0;0.4649;1.2534356
0.375999;0.61;0.537999;0.444499;1.3098812
0.725999;0.552999;0.0;0.406;0.07835987
0.191;0.348999;0.784999;0.421999;0.72797894
0.499;1.0;0.547;1.0;1.6089237
1.0;0.460499;0.677;0.0;0.6849325
0.087;0.0309;0.414999;0.6721;0.5157149
0.513999;0.427599;0.5341;0.545899;0.5216694
0.3077;0.521999;0.559699;0.492;0.8236861
0.685299;0.777999;0.5242;0.492999;0.89722633
0.606;0.3293;0.386999;0.515999;0.35245776
0.473999;1.0;0.652;0.7752;1.3718164
0.711;0.411;0.038299;0.765799;0.3128922
0.855999;0.602999;1.0;0.456;0.8499539
0.576;0.473;0.812299;0.759;1.3253546
0.552999;0.564999;0.5221;0.557;1.1983907
0.548999;1.0;0.354799;1.0;1.6306734
1.0;1.0;1.0;1.0;2.3074188
1.0;1.0;1.0;1.0;2.7779794
1.0;0.560999;0.932;0.0172;1.935581
0.082;0.076999;0.018599;0.134;0.45381546
0.138999;0.036;0.7753;0.402699;0.63988924
0.445;0.537;0.6191;0.6403;0.9703195
0.495999;0.844999;0.0;0.0;0.086609155
0.0;1.0;0.0;1.0;0.8696115
1.0;0.956;1.0;0.624899;1.5494621
0.501;0.822;0.499;1.0;1.9774055
1.0;1.0;0.454999;0.0;1.1794603
0.0;0.0;0.0;0.718999;0.28480053
0.515;0.425;0.4586;0.0;-0.1676166
0.517999;1.0;0.53;1.0;0.93262553
0.805;0.370099;1.0;0.709999;1.2902176
0.417;0.728899;0.518;1.0;1.8055475
1.0;0.862;1.0;1.0;2.3204842
1.0;0.866999;1.0;0.679199;2.4743652
0.717999;0.313;0.7163;0.3823;1.7249322
0.276;0.615099;0.5177;0.5595;1.8256104
0.613999;0.4529;0.317999;0.366;0.8985913
0.359;1.0;0.458999;1.0;1.753751
1.0;0.426;0.264;0.0;0.10987285
0.0;0.0;0.0;0.3268;-0.78737974
0.404999;0.028999;0.5604;0.0;-1.1145316
0.0;0.0;0.498199;0.6253;-0.63362956
0.4112;0.564;0.5216;0.4499;-0.121393204
0.5428;1.0;0.384199;0.900399;0.68908095
0.925999;1.0;0.711;0.8653;1.3239777
0.899;0.125;0.617999;0.0;0.11179808
0.0;0.248999;0.319;1.0;0.5678153
1.0;0.98;1.0;1.0;1.574961
1.0;0.512499;1.0;0.662999;1.6330218
0.412;0.8783;0.349499;0.344;1.4931118
0.471;0.923199;0.5662;1.0;2.1412172
1.0;0.668999;0.956299;0.435999;1.9422448
0.377;0.216999;0.295999;0.4681;0.9997046
0.429;0.521;0.353;0.188899;0.48927426
0.302999;0.575;0.619999;1.0;1.3198829
0.976999;0.409999;0.9733;0.3142;1.0976291
0.348;0.8855;0.5947;0.6533;1.7510331
0.570999;1.0;0.407299;1.0;2.0688272
1.0;0.841999;1.0;0.996;2.4713135
0.972;1.0;1.0;0.968499;2.9036736
1.0;0.424;0.731;0.387;1.8747008
0.337;0.304999;0.0;0.0;0.2777195
0.0;0.0;0.654499;0.301699;0.35518765
0.408;0.688;0.4809;0.6145;0.7457292
0.6153;0.884;0.5686;0.816499;1.2966132
0.777699;0.32;0.039;0.0275;-0.45348644
0.030999;0.204099;0.727999;0.773899;0.5317247
0.9;0.6029;0.301999;0.6171;0.083134204
0.531;0.601999;1.0;0.5057;1.0432339
0.457999;0.323;0.421999;0.218599;0.4023707
0.203099;0.483999;0.5381;0.584699;0.8318341
0.7389;0.558999;0.0623;0.5146;-0.06599069
0.412;0.523099;0.459599;0.0172;-0.20027399
0.0;0.0;0.0;0.315799;-1.0414624
0.314999;0.246;0.383;0.046199;-1.2018226
0.054;0.363;0.469999;0.377899;-0.5717957
0.397999;0.0;0.410899;0.5253;-0.7942939
0.1653;0.642;0.407399;0.4805;-0.07659435
0.8327;0.917;0.5587;1.0;0.70601463
1.0;0.528999;0.658;0.0964;0.2142227
0.125;0.456999;0.616;0.7695;1.0354197
0.736999;0.624;0.724;0.522499;1.1639154
0.564999;0.474999;0.423999;0.542;0.820241
0.554;0.399;0.6135;0.376;0.6664789
0.469999;0.697;0.386499;0.735099;0.8852577
0.564;0.585999;0.575;0.5953;1.014111
0.609999;1.0;0.829999;0.905299;2.0223594
0.930999;0.040099;0.0;0.0;-0.50803065
0.0;0.0;0.0;0.161999;-1.3547205
0.250999;0.0;0.0;0.0;-2.2895837
0.0;0.0;0.463999;0.561;-1.5448058
0.518;0.617999;0.492;0.555999;-0.733521
0.587999;1.0;0.608999;0.988;0.6166017
1.0;0.578;0.4692;0.242999;0.0281668
0.129999;0.109999;0.592799;0.457999;0.2177513
0.465999;0.441;0.2719;0.407;-0.13566256
0.519;1.0;0.8141;1.0;1.3487732
1.0;0.412999;1.0;0.665999;1.4055824
0.421999;0.510999;0.423;0.298999;0.9801483
0.370999;0.49;0.0;0.0;-0.20737886
0.036;0.533999;0.521;1.0;0.90601206
1.0;0.853999;0.798;0.3709;1.0490811
0.347999;0.03;0.038999;0.1726;-0.48212647
0.197999;0.655;0.736;0.785499;0.8310771
0.784999;0.427;0.7853;0.795;1.0548568
0.301;0.304999;0.494699;0.063999;0.5288696
0.576;1.0;0.4375;1.0;1.2299633
1.0;0.923;1.0;0.774799;1.8440044
0.844499;0.423;0.126199;0.0;0.08709791
0.091999;0.025999;0.3678;0.497999;-0.11783481
0.417;0.447;0.0;0.056;-1.024481
0.042;0.0;0.9038;0.586999;-0.0022017956
0.384;0.536;0.287999;0.057;-0.35320163
0.194999;0.543999;0.106099;0.3001;-0.5193317
0.33;0.132;0.3534;0.544899;-0.62330604
0.602999;0.555;0.629499;0.6047;0.006548196
0.584999;0.695999;0.7254;0.4033;0.5936539
0.43;0.274999;0.198599;0.282599;-0.23977399
0.182;0.1066;0.572999;0.5314;-0.0011527538
0.481999;0.4144;0.307;0.3172;-0.335505
0.344999;0.576999;0.0;0.4402;-0.6571317
0.581999;0.697;1.0;0.710599;0.72954655
0.6052;0.471;0.4542;0.299499;0.34813046
0.353799;0.109999;0.098799;0.3215;-0.6737733
0.266999;0.95;0.711;1.0;1.0373628
1.0;0.378199;1.0;0.5276;1.078496
0.584;0.5508;0.3228;0.305699;0.48694372
0.403999;0.881999;0.520199;0.9133;1.3420022
0.584;0.492;0.547;0.4741;1.0828829
0.734999;0.549;0.649299;0.614899;1.0612881
0.536999;0.478999;0.459699;0.2755;0.62152505
0.231999;0.282199;0.0;0.0;-0.57840586
0.011;0.0;0.642;0.4452;-0.18381715
0.275999;0.366;0.347999;0.446299;-0.18361449
0.512799;0.617999;0.1623;0.3971;-0.42061448
0.430199;0.385999;0.6297;0.448799;-0.0018918514
0.417;0.658;0.045;0.8018;-0.043799877
0.822;0.918;1.0;0.647;1.0885215
0.539599;0.319999;0.421899;0.361999;0.48151374
0.491399;0.228999;0.5779;0.549999;0.38071632
0.332999;0.507;0.4512;0.281;0.3565228
0.534;0.498;0.3417;0.4368;0.09670618
0.447;0.631;0.5738;0.776899;0.7499969
0.73;0.863999;0.6435;0.946299;1.3819671
0.922999;0.643;0.191999;0.0;0.053659707
