<OPEN>;<HIGH>;<LOW>;<CLOSE>;(predicted -> )<CLOSE>

1.0;1.0;1.0;1.0;0.735734
1.0;1.0;1.0;1.0;0.17362
1.0;1.0;1.0;1.0;0.305615
1.0;1.0;1.0;1.0;0.611107
0.0;0.0;0.0;0.0;-0.396069
0.0;0.0;0.0;0.0;0.759963
0.0;0.0;0.0;0.0;0.236938
0.0;0.0;0.0;0.0;0.684003
0.5;0.5;0.5;0.5;0.188545
0.0;0.0;0.0;0.0;0.035731
0.519;0.519;0.519;0.519;0.488804
0.494;0.494;0.494;0.494;0.642441
1.0;1.0;1.0;1.0;0.510112
1.0;1.0;1.0;1.0;0.288085
1.0;1.0;1.0;1.0;0.995253
0.0;0.0;0.0;0.0;0.790064
0.0;0.0;0.0;0.0;0.0914316
0.622;0.622;0.622;0.622;0.595669
0.822999;0.822999;0.822999;0.822999;0.884072
0.268;0.268;0.268;0.268;0.297002
0.669;0.669;0.669;0.669;0.432436
0.442;0.442;0.442;0.442;0.12363
0.762;0.762;0.762;0.762;0.905786
0.597;0.597;0.597;0.597;0.394426
0.262999;0.262999;0.262999;0.262999;0.114868
0.577999;0.577999;0.577999;0.577999;0.541923
1.0;1.0;1.0;1.0;-0.0612368
0.689999;0.689999;0.689999;0.689999;0.984589
0.513;0.513;0.513;0.513;-0.157078
0.015;0.015;0.015;0.015;0.605092
0.123999;0.123999;0.123999;0.123999;0.248609
0.0;0.0;0.0;0.0;0.869403
1.0;1.0;1.0;1.0;-0.322427
1.0;1.0;1.0;1.0;0.228075
1.0;1.0;1.0;1.0;0.524167
0.0;0.0;0.0;0.0;-0.0571539
0.0;0.0;0.0;0.0;0.393389
0.173;0.173;0.173;0.173;0.232164
0.696999;0.696999;0.696999;0.696999;0.40134
0.289;0.289;0.289;0.289;-0.392248
0.544;0.544;0.544;0.544;0.0331084
0.334999;0.334999;0.334999;0.334999;-0.272589
0.268;0.268;0.268;0.268;-0.185211
0.555;0.555;0.555;0.555;-0.581511
0.089999;0.089999;0.089999;0.089999;-0.0295063
0.0;0.0;0.0;0.0;-0.213446
0.029;0.029;0.029;0.029;-0.702741
0.312999;0.312999;0.312999;0.312999;-0.330179
1.0;1.0;1.0;1.0;-0.466596
0.5;0.5;0.5;0.5;-0.0124266
0.215;0.215;0.215;0.215;-0.240101
0.891999;0.891999;0.891999;0.891999;-0.61986
0.508;0.508;0.508;0.508;0.296573
1.0;1.0;1.0;1.0;0.223206
0.658999;0.658999;0.658999;0.658999;0.344167
1.0;1.0;1.0;1.0;-1.02966
0.257999;0.257999;0.257999;0.257999;1.76548
0.486999;0.486999;0.486999;0.486999;-0.594964
0.0;0.0;0.0;0.0;0.972025
0.333;0.333;0.333;0.333;-1.00115
1.0;1.0;1.0;1.0;1.18742
0.265;0.265;0.265;0.265;0.508426
0.440999;0.440999;0.440999;0.440999;-0.127064
0.63;0.63;0.63;0.63;0.0430207
0.498999;0.498999;0.498999;0.498999;-0.267904
1.0;1.0;1.0;1.0;0.670324
0.967;0.967;0.967;0.967;-0.57136
1.0;1.0;1.0;1.0;-0.293716
1.0;1.0;1.0;1.0;0.0273655
1.0;1.0;1.0;1.0;-0.283145
0.309999;0.309999;0.309999;0.309999;0.0418405
0.402;0.402;0.402;0.402;-0.00790554
0.245999;0.245999;0.245999;0.245999;0.352673
1.0;1.0;1.0;1.0;-0.356804
0.942;0.942;0.942;0.942;-0.859993
0.646;0.646;0.646;0.646;0.0773828
0.87;0.87;0.87;0.87;-0.188052
0.739999;0.739999;0.739999;0.739999;0.266574
0.292;0.292;0.292;0.292;0.456379
0.509999;0.509999;0.509999;0.509999;-0.640335
0.0;0.0;0.0;0.0;-0.0687738
0.0;0.0;0.0;0.0;0.553105
0.163999;0.163999;0.163999;0.163999;-0.816648
0.056;0.056;0.056;0.056;-0.634422
1.0;1.0;1.0;1.0;0.769893
0.369;0.369;0.369;0.369;-0.486894
0.332;0.332;0.332;0.332;0.383107
0.0;0.0;0.0;0.0;-0.232502
0.5;0.5;0.5;0.5;0.235997
0.5;0.5;0.5;0.5;-0.426822
0.5;0.5;0.5;0.5;0.384859
0.5;0.5;0.5;0.5;-0.523745
0.5;0.5;0.5;0.5;0.416289
0.5;0.5;0.5;0.5;1.81685
0.5;0.5;0.5;0.5;-0.316664
0.5;0.5;0.5;0.5;0.957326
0.5;0.5;0.5;0.5;0.337849
0.5;0.5;0.5;0.5;1.09253
0.5;0.5;0.5;0.5;0.89306
0.5;0.5;0.5;0.5;0.633566
0.5;0.5;0.5;0.5;1.69278
0.5;0.5;0.5;0.5;0.552694
0.5;0.5;0.5;0.5;2.13298
1.0;1.0;1.0;1.0;-0.0578989
0.3226;0.3018;0.3226;0.2997;1.04736
0.483999;0.483999;0.483999;0.493099;1.16029
0.080999;0.080999;0.080999;0.080999;1.11422
0.6907;0.6907;0.6907;0.6907;1.27224
0.4021;0.4021;0.4021;0.4021;0.177781
0.6398;0.6398;0.6398;0.6398;1.58454
0.523099;0.523099;0.523099;0.523099;-0.382109
0.459299;0.459299;0.459299;0.459299;0.737969
0.442;0.442;0.442;0.442;0.268738
0.503499;0.503499;0.503499;0.503499;0.88009
0.2972;0.2972;0.2972;0.2972;0.0474434
0.4756;0.4756;0.4756;0.4756;-0.540828
0.6336;0.6336;0.6336;0.6336;0.0485848
0.468599;0.468599;0.468599;0.468599;0.704483
0.5286;0.6026;0.4726;0.5306;0.304792
0.2769;0.2029;0.3329;0.274899;-0.921886
0.6033;0.6033;0.6033;0.6033;-0.113844
0.392099;0.392099;0.392099;0.392099;1.03776
0.1263;0.1263;0.1263;0.1263;0.147227
0.275199;0.275199;0.275199;0.275199;0.0519554
0.4282;0.4282;0.4282;0.4282;0.367407
0.4953;0.4953;0.4953;0.4953;0.506626
0.6645;0.6645;0.6645;0.6645;-0.242357
0.3964;0.3964;0.3964;0.3964;0.0926475
0.421099;0.421099;0.421099;0.421099;-0.0609596
0.6291;0.6291;0.6291;0.6291;0.924156
0.472799;0.472799;0.472799;0.472799;0.695292
0.6168;0.6168;0.6168;0.6168;-0.386523
0.492599;0.492599;0.492599;0.492599;0.639407
0.525099;0.525099;0.525099;0.525099;0.977306
0.486;0.486;0.486;0.486;-0.312992
0.6226;0.6226;0.6226;0.6226;0.513677
0.451999;0.451999;0.451999;0.451999;0.216095
0.6442;0.6442;0.6442;0.6442;0.812743
0.091899;0.091899;0.091899;0.091899;0.962345
0.910399;0.910399;0.910399;0.910399;1.01476
0.9116;0.9116;0.9116;0.9116;1.28895
1.0;1.0;1.0;1.0;0.17225
0.216;0.216;0.216;0.216;1.45617
0.438599;0.7135;0.4025;0.7014;0.248859
0.7494;0.793799;0.785499;0.793499;1.50698
0.782399;1.0;0.782399;1.0;1.59387
1.0;1.0;1.0;0.0;1.34665
1.0;0.450599;0.4004;1.0;1.72464
0.0;0.0;0.0;0.0;0.932358
0.0;0.0;0.132;0.0;1.34504
0.068699;0.5499;0.2207;1.0;0.474022
1.0;1.0;1.0;1.0;1.56659
1.0;0.0;1.0;0.0;1.58139
1.0;1.0;1.0;0.8767;1.54387
0.2071;0.375;0.277999;0.549299;1.61028
0.5909;0.509;0.655;0.173;0.897966
0.728999;0.509;0.739;1.0;1.22749
0.459;0.459;0.459;0.459;1.06038
0.402999;0.402999;0.402999;0.402999;0.885997
0.108;0.108;0.108;0.108;0.78163
0.553999;0.553999;0.553999;0.553999;0.473122
0.0;0.0;0.0;0.0;1.30012
0.441999;0.441999;0.441999;0.441999;-0.335359
0.0;0.0;0.0;0.0;0.887821
0.495;0.495;0.495;0.495;-0.133946
0.288999;0.288999;0.288999;0.288999;0.566302
0.535;0.535;0.535;0.535;0.0440101
0.601;0.601;0.601;0.601;0.238911
0.0;0.0;0.0;0.0;0.730894
0.702999;0.702999;0.702999;0.702999;0.388853
0.433;0.433;0.433;0.433;0.686393
0.111;0.111;0.111;0.111;0.518052
0.913999;0.913999;0.913999;0.913999;0.590603
0.594;0.594;0.594;0.594;1.3447
0.565;0.565;0.565;0.565;0.188301
0.518;0.518;0.518;0.518;0.994841
0.241;0.241;0.241;0.241;0.68603
0.781199;0.781199;0.781199;0.781199;1.06764
0.425799;0.425799;0.425799;0.425799;0.546501
0.424;0.424;0.424;0.424;0.43957
1.0;1.0;1.0;1.0;0.683896
0.729499;0.729499;0.729499;0.729499;0.698791
0.2615;0.2615;0.2615;0.2615;1.06541
0.0;0.0;0.0;0.0;-0.409912
0.485;0.485;0.485;0.485;1.48846
0.7134;0.7134;0.7134;0.7134;0.646267
0.4376;0.4376;0.4376;0.4376;0.516973
0.326999;0.326999;0.326999;0.326999;0.821064
0.353899;0.353899;0.353899;0.353899;0.776939
0.1731;0.1731;0.1731;0.1731;1.37663
0.3686;0.3686;0.3686;0.3686;0.724946
0.476399;0.476399;0.476399;0.476399;0.237165
0.6931;0.6931;0.6931;0.6931;0.215105
0.5959;0.759899;0.5029;0.533899;1.03776
0.3447;0.1807;0.4377;0.4067;0.432525
0.0013;0.0013;0.0013;0.0013;0.448523
0.6509;0.8441;0.572599;0.7028;0.404654
0.603199;0.521899;0.4485;0.410999;0.227718
0.6011;0.4905;0.526699;0.2932;0.292651
0.2149;0.461599;0.5223;0.721999;0.68122
0.9895;0.8249;0.6617;0.6056;0.100152
0.189599;0.270199;0.4878;0.401399;0.686304
0.603999;0.5501;0.633599;0.663;0.260768
0.5491;0.480499;0.4388;0.401699;0.225536
0.3033;0.376899;0.3587;0.4123;1.16263
0.6096;0.5133;0.364599;0.224;0.266926
0.180899;0.459;0.4573;0.513999;-0.205173
0.3499;0.3591;0.3734;0.487;0.319461
0.7696;0.505199;0.474999;0.416999;1.42075
0.3352;0.412199;0.498;0.718;-0.405904
0.607299;0.4944;0.472;0.228;0.417219
0.3823;0.439499;0.612099;0.778399;0.508193
0.680099;0.8378;0.6519;0.7374;-0.144651
0.515899;0.410699;0.5668;0.393;0.695644
0.4147;0.312799;0.218999;0.1582;1.06571
0.334;0.4993;0.4649;0.518799;0.365571
0.5762;0.407;0.266999;0.3061;0.257448
0.1316;0.4037;0.5304;0.7745;0.208096
0.822099;0.587299;0.4259;0.4316;0.779752
0.4737;0.452099;0.805899;0.44;-0.724139
0.481999;0.5699;0.4673;0.5717;1.03185
0.347;0.513999;0.387699;0.437199;0.0427435
0.579099;0.342;0.3404;0.4091;0.432328
0.3281;0.349;0.157499;0.403099;0.0803541
0.452299;0.4862;0.8172;0.5931;0.11581
0.5102;0.503299;0.5;0.5058;-0.037836
0.5815;0.5528;0.591;0.4895;-0.570296
0.447899;0.441599;0.4845;0.4732;0.607453
0.3099;0.3609;0.079899;0.307299;-0.617369
0.8855;1.0;1.0;1.0;0.514452
0.867799;0.5372;0.888999;0.679;0.414697
0.606999;0.606999;0.606999;0.606999;0.0985365
0.4588;0.578399;0.4588;0.337;-0.176751
0.5468;0.9066;0.5468;0.9831;0.757668
0.814499;0.4428;0.156399;0.0;0.0645261
0.4566;0.526399;1.0;1.0;0.135605
0.552099;0.5329;0.638;0.629799;0.354032
0.616799;0.552699;0.563099;0.475;0.390027
0.4511;0.3933;0.4457;0.4239;1.01094
0.4845;0.516999;0.494699;0.622199;0.0169556
0.6321;0.914;0.681;0.7239;1.16367
0.878699;0.6017;0.739799;0.533;0.291548
0.41;0.802699;0.5195;0.867;1.1389
0.8227;1.0;0.716999;0.594999;0.177137
0.745799;0.0;0.8809;0.684999;1.04262
0.5636;0.4397;0.0;0.1059;0.623397
0.062;0.055599;0.8481;0.3001;0.492654
0.6205;0.8644;0.6949;0.430999;1.55187
0.308899;0.069;0.295999;0.5821;-0.492757
0.3736;0.347999;0.1079;0.0249;0.316004
0.2315;0.209;0.0;0.526199;0.678555
0.3619;0.7577;0.8944;0.951699;0.209294
0.911299;0.8889;0.599399;0.053;-0.187128
0.666;0.3765;0.1171;0.574099;1.12921
0.0;0.0555;0.882999;0.312;0.923554
0.7195;0.498799;0.5577;0.535;-0.0367959
0.358;0.3594;0.0;0.338;0.530384
0.443199;0.533199;1.0;0.863799;0.65047
0.5885;0.528;0.4779;0.4088;0.13502
0.5347;1.0;0.644199;0.877399;0.555513
0.9097;0.650099;0.9108;1.0;0.027288
1.0;0.9506;1.0;0.9654;0.293062
0.9922;0.6113;0.967199;0.145199;0.601618
0.3553;0.1449;0.3303;0.634;-0.108333
0.4206;0.4834;0.3504;0.398299;-0.618385
0.505199;0.6006;0.581399;0.5179;-0.152033
0.520299;0.409299;0.4184;0.2008;0.421254
0.2636;0.4767;0.105799;0.052999;-0.109686
0.173;0.0;0.2515;0.7753;-0.469406
0.564499;0.5383;0.4001;0.2501;0.195764
0.079;0.1615;0.320499;0.113599;0.578837
0.608499;0.7564;0.7058;0.597;-0.57212
0.418099;0.306999;0.396999;0.547;0.261692
0.5817;0.632;0.6157;0.379;0.373272
0.3643;0.418899;0.4022;0.584999;-0.234376
0.7192;0.5912;0.7192;0.9047;-0.226288
0.424499;0.4169;0.287399;0.0;0.566189
0.6022;0.561199;0.6606;0.9583;-0.00846881
0.3953;0.3904;0.390499;0.1707;-0.887259
0.238099;0.367599;0.296399;0.495999;0.983844
0.7634;0.7118;0.6778;0.9308;-0.450527
0.651399;0.847;0.7622;0.4312;0.249354
0.805099;0.997;0.805099;0.975999;0.666312
0.698499;0.741599;0.548;1.0;-1.36719
0.9855;0.5913;0.267199;0.2281;0.076286
0.561399;0.409099;1.0;0.498;-0.0808467
0.3506;0.4366;0.5837;0.547999;0.116871
0.5468;0.474699;0.4314;0.5558;-0.379731
0.279;0.3597;0.0;0.2332;0.161705
0.540599;0.6733;1.0;0.745999;-0.283908
0.8453;0.616399;0.6749;0.698399;-0.416415
0.4323;0.548;0.0;0.4206;-0.550791
0.6754;0.909399;1.0;0.95;-0.603848
0.826599;0.4741;0.646599;0.572999;-0.329172
0.2424;0.4858;0.0;0.4512;-0.479143
0.5117;0.9188;1.0;0.0;0.746028
0.351899;0.0;0.1663;0.641999;-0.712364
0.5246;0.369899;0.504199;0.12;-0.527697
0.5274;0.485099;0.3868;0.691099;0.325976
0.1035;0.1113;0.3194;0.0569;-0.989561
0.2328;0.7475;0.505099;0.727;-0.271796
0.6855;0.4204;0.6855;0.8751;-0.414096
0.675799;0.566799;0.4194;0.4133;-0.0167926
0.1704;0.604;0.4268;0.5213;-0.593548
0.782399;0.539999;0.782399;0.578699;-0.748246
0.5946;0.2893;0.526199;0.2276;-0.350677
0.4527;0.515699;0.4318;0.672499;-0.885006
0.2006;0.728999;0.279199;0.352999;0.316344
0.641999;0.0767;0.476199;0.1485;-2.01385
0.3294;0.298699;0.4282;0.737199;-0.350293
0.4773;0.5522;0.5473;0.6019;0.296126
0.5732;0.570399;0.559799;0.1849;-2.3928
0.4553;0.4933;0.3835;0.689399;-0.219758
0.434799;0.350399;0.4161;0.407299;-1.83005
0.478;0.4981;0.5671;0.556799;0.515411
0.472999;0.831199;0.4955;0.812;-1.12831
0.8171;0.4835;0.625799;0.0;-0.607495
0.2803;0.2165;0.3982;0.575999;-0.510996
0.4757;0.783999;0.549099;0.646;-0.125213
0.612099;0.3441;0.506499;0.588799;-0.864034
0.3712;0.2972;0.186199;0.0;-0.100028
0.314299;0.518699;0.5059;0.922999;-0.480126
0.470099;0.387;0.0;0.2985;-0.265463
0.3077;0.403499;1.0;0.4472;0.946281
0.5011;0.5161;0.4864;0.365299;-1.05542
0.666399;0.727399;0.724399;0.417;1.52804
0.4307;0.2373;0.3947;0.692399;-0.162949
0.357299;0.426199;0.460899;0.5581;1.47744
0.6028;1.0;0.6028;1.0;0.201939
1.0;0.7532;1.0;0.4733;0.827305
0.6505;0.489999;0.6505;0.656099;0.903271
0.571099;0.468;0.240499;0.1081;0.82684
0.294499;0.2222;0.4824;0.588899;1.03072
0.1181;0.3767;0.2608;0.1226;-0.719907
0.747799;0.485299;0.459199;0.596699;0.813417
0.2302;0.2604;0.390799;0.494;-0.52393
0.537;0.690899;0.6429;0.6273;1.07567
0.670099;0.6796;0.4376;0.318899;-1.22422
0.2815;0.1169;0.4148;0.5059;0.529311
0.4952;0.5688;0.6261;0.530999;-0.376849
0.499399;0.4262;0.4316;0.430199;-0.534101
0.5248;0.647499;0.5212;0.7167;-0.110431
0.616;0.5775;0.6408;0.5183;-0.642319
0.5257;0.698499;0.5627;0.787099;0.181643
0.804599;0.7004;0.804599;0.504999;-1.12463
0.5396;0.5941;0.5396;0.6171;-1.33565
0.6558;0.407399;0.5778;0.3576;-0.180205
0.450499;0.476199;0.5285;0.598599;-1.75966
0.4828;0.559;0.4828;0.5572;0.358711
0.767099;1.0;0.767099;0.9544;-2.17952
0.8624;0.735099;0.783899;0.5363;0.041018
0.4221;0.5221;0.4635;0.706399;-0.796743
0.588999;0.2789;0.0;0.399899;-0.674592
0.4596;1.0;1.0;1.0;-0.0717809
1.0;1.0;1.0;0.811799;0.774632
1.0;0.171299;0.392599;0.8559;0.905387
0.565299;0.238399;1.0;0.348499;0.698284
0.3273;0.2791;0.095299;0.0731;1.22675
0.1235;0.2272;0.4331;0.4855;0.664328
0.497;0.384;0.575999;0.523;1.66566
0.2478;0.491199;0.2658;0.509399;0.222443
0.625699;0.497799;0.5517;0.415399;2.08784
0.6953;0.5919;0.421499;0.3903;-0.0514765
0.1207;0.146599;0.3373;0.2783;1.91993
0.5566;0.582699;0.528599;0.550599;1.86624
0.3521;0.424499;0.5113;0.4917;-0.118249
0.492899;0.4458;0.172699;0.1494;2.14855
0.1076;0.077899;0.1754;0.165599;0.276552
0.3492;0.414999;0.529499;0.5187;-0.616496
0.263299;0.2573;0.1961;0.362299;1.03103
0.4211;0.6121;0.5604;0.7321;0.427715
0.6938;0.913699;0.539299;0.882099;2.15735
1.0;0.668199;0.8583;0.1834;-1.42095
0.2843;0.1522;0.4435;0.495099;1.91688
0.446899;0.7221;0.5916;0.7705;0.287984
0.706299;0.555399;0.7073;0.540099;-0.0160565
0.6098;0.5042;0.381;0.389199;-0.68525
0.2392;0.399;0.5008;0.614;-0.0945498
0.7391;0.584599;0.432199;0.2239;1.55844
0.148299;0.2648;0.404;0.6211;0.0318955
0.5654;0.560299;0.5788;0.582099;0.525073
0.6556;0.8119;0.6934;0.5629;-0.61773
0.666499;0.3808;0.6015;0.5518;0.127492
0.49;0.504;0.507999;0.559999;1.46188
0.632899;1.0;0.6799;1.0;-0.540935
0.919699;0.495799;0.764199;0.2998;0.801514
0.369;0.332899;0.062599;0.1555;1.27614
0.0405;0.0849;0.099;0.005299;1.29503
0.0;0.0;0.0;0.2019;-1.02604
0.738699;0.6736;0.643599;0.432499;1.90471
0.595;0.305399;0.4695;0.5448;-0.802808
0.553999;0.6352;0.4224;0.305199;0.761084
0.1582;0.172699;0.4595;0.489899;0.656955
0.3306;0.4098;0.381499;0.430099;-0.0793357
0.4923;0.3743;0.4055;0.3333;1.09998
0.483699;0.4894;0.465799;0.521899;1.12377
0.6448;0.6828;0.6702;0.7885;0.222818
0.6059;0.4737;0.456;0.4116;-0.120424
0.360999;0.6267;0.590199;0.527899;0.583784
0.4707;0.292999;0.4193;0.4357;2.46374
0.581199;0.5986;0.56;0.5871;-0.154241
0.5102;0.550999;0.523699;0.526;0.857417
0.5062;0.4192;0.5119;0.388999;1.47174
0.529199;0.469999;0.582599;0.594799;1.54232
0.5053;0.5649;0.4514;0.4365;2.09172
0.114799;0.163999;0.1687;0.2669;-1.10054
0.588999;0.7473;0.571999;0.707599;2.60362
0.8481;0.5838;0.7059;0.576899;0.766353
0.575199;0.6036;0.4581;0.3884;1.17447
0.1372;0.189599;0.3674;0.3413;0.664238
0.2557;0.268999;0.1509;0.2145;1.71089
0.4483;0.8207;0.5992;0.996399;1.58858
0.931999;0.5154;0.8059;0.4638;1.00996
0.3692;0.5912;0.448499;0.544999;-0.685181
0.656799;0.4051;0.581;0.5115;1.31032
0.6724;0.8203;0.710699;0.369199;0.711397
0.461499;0.371099;0.3516;0.312999;-0.396966
0.2877;0.315999;0.4131;0.7775;1.66733
0.4465;0.569;0.5153;0.4626;1.05857
0.663;0.642999;0.559;0.4513;2.36262
0.406399;0.265;0.314999;0.337899;-1.53035
0.3558;0.3344;0.4543;0.4182;2.72324
0.392599;0.5443;0.4875;0.6082;0.266532
0.8249;0.9513;0.8269;0.796299;0.974105
0.384799;0.072599;0.2303;0.0;0.904898
0.062799;0.2291;0.116399;0.062;2.98419
0.465299;0.377299;0.4542;0.8004;1.88284
0.3959;0.4725;0.507899;0.523599;1.87443
0.4877;0.338;0.0512;0.0;1.32299
0.0;0.087499;0.235599;0.6433;1.20254
0.555599;0.422;0.3073;0.0;1.94598
0.1745;0.1479;0.3138;0.7637;1.16924
0.493099;0.4742;0.6173;0.556899;1.77622
0.6592;0.6052;0.420299;0.1684;1.90245
0.002199;0.2925;0.0;0.190299;3.33143
0.3064;0.108699;0.9308;0.3947;-0.0685205
0.459;0.6187;0.654499;0.8178;2.28796
0.7466;0.5966;0.5527;0.417199;0.632213
0.404199;0.4438;0.591;0.7169;1.25649
0.7639;0.8124;0.747599;0.6889;1.10697
0.3426;0.481999;0.213699;0.241799;2.89598
0.4514;0.306999;0.5275;0.6454;0.560264
0.9229;0.7432;0.7325;0.532999;1.93304
0.213299;0.2728;0.245;0.239;0.757186
0.3022;0.2878;0.3627;0.368;0.493602
0.4421;0.488199;0.5261;0.5717;1.8442
0.4176;0.489999;0.0122;0.471699;1.49591
0.5703;0.6072;0.923999;0.7312;1.1346
0.6644;0.998799;0.8199;0.5656;1.83934
0.593399;0.177199;0.524799;0.604799;0.193016
0.413899;0.4514;0.379799;0.4457;0.800769
0.744;1.0;0.8455;1.0;1.85879
0.8298;0.4389;0.8;0.4239;1.28584
0.5046;0.818999;0.535599;0.559799;1.58334
0.627399;0.491;0.5762;0.476199;2.08133
0.6841;0.606999;0.610599;0.5865;1.49225
0.3706;0.8038;0.4953;0.916399;-0.371574
0.9877;0.438199;0.846;0.5463;2.90141
0.4489;0.7499;0.5906;0.6798;0.437752
0.712299;0.6751;0.712299;0.620999;2.78966
0.6517;0.5622;0.439399;0.3393;2.38876
0.3506;0.409799;0.4656;0.568099;0.627999
0.4726;0.2828;0.5699;0.5547;2.88893
0.586099;0.8942;0.586099;0.6872;0.00577375
0.7174;0.573999;0.646699;0.4431;2.62115
0.377599;0.1171;0.2651;0.267199;0.282554
0.3553;0.6404;0.439399;0.808399;2.96641
0.8005;0.7635;0.7567;0.431;2.16155
0.311599;0.099;0.2635;0.123;1.2169
0.267499;0.507999;0.292899;0.218;1.17901
0.3353;0.135999;0.2667;0.413499;-0.851117
0.1747;0.341;0.391999;0.3808;1.25839
0.4513;0.2224;0.320999;0.487299;-0.219425
0.5211;0.7876;0.6683;0.6804;1.81034
0.7028;0.645;0.5594;0.4752;0.826476
0.3806;0.456699;0.5102;0.7303;0.47221
0.7988;0.6825;0.8126;0.604699;-0.666587
0.523;0.320799;0.4177;0.2818;0.0475805
0.3919;0.418;0.432199;0.56;0.0516902
0.548099;0.898;0.613099;0.5886;-0.125786
0.5017;0.256;0.4619;0.386799;0.29345
0.3908;0.550999;0.3497;0.4139;-0.169735
0.5119;0.59;0.5928;0.5805;-0.0818958
0.590499;0.250399;0.420999;0.377499;0.165955
0.331099;0.4956;0.1648;0.1715;-0.052758
0.1989;0.277999;0.3109;0.139199;-0.648867
0.181999;0.097599;0.405799;0.7786;0.214915
0.716699;0.5425;0.6029;0.404699;0.558446
0.4186;0.471899;0.271099;0.0207;0.483433
0.0487;0.249;0.2307;0.5563;-0.564789
0.5089;0.244199;0.3614;0.480499;1.32297
0.560199;0.7773;0.7667;0.7404;-1.05958
0.7021;0.666499;0.6171;0.4175;0.891779
0.248799;0.515699;0.354099;0.7667;2.0805
0.9217;0.6013;0.877099;0.539099;-0.978871
0.549999;0.617999;0.4542;0.3851;2.64615
0.2937;0.15;0.2674;0.287199;-0.99413
0.3066;0.445499;0.4695;0.6094;2.2338
0.64;0.630499;0.5581;0.3931;0.638572
0.223099;0.281;0.052299;0.0;0.924627
0.4;0.1766;0.218399;0.402699;1.74582
0.1369;0.273399;0.5129;0.564;1.2907
0.6084;0.664;0.5839;0.5766;1.69573
0.4816;0.488;0.336099;0.229699;0.613711
0.285899;0.215999;0.3748;0.4373;1.90679
0.4861;0.652;0.591799;0.7163;0.948344
0.7146;0.751999;0.6371;0.2414;0.336901
0.375299;0.267;0.4296;0.682599;2.43671
0.5792;0.609999;0.6399;0.8241;0.0367771
0.8382;0.625999;0.562;0.5062;0.589303
0.436699;0.54;0.657899;0.529399;0.80866
0.5433;0.382899;0.3468;0.2498;-0.439884
0.224799;0.435099;0.354699;0.2539;0.686071
0.3641;0.1655;0.3166;0.464199;0.0940721
0.2653;0.503499;0.3727;0.4704;0.234733
0.5591;0.5192;0.7227;0.520399;-0.993805
0.5626;0.557099;0.460699;0.6935;0.163357
0.601399;0.591699;0.5395;0.4035;-1.0319
0.4257;0.58;0.424199;0.239999;-1.26816
0.355;0.135999;0.305499;0.597799;1.12791
0.552199;0.4553;0.4489;0.3411;-0.845041
0.3355;0.617799;0.5459;0.6671;0.701479
0.762;0.4539;0.7638;0.657;-1.01595
0.4968;0.645;0.248899;0.271599;0.280998
0.309099;0.282999;0.0602;0.0;0.15295
0.0;0.0;0.334699;0.669;-1.13839
0.639499;0.6937;0.5324;0.4875;2.39646
0.381;0.2375;0.291899;0.2892;-0.619393
0.2335;0.4055;0.462;0.2593;2.02115
0.624699;0.637;0.617;0.629999;-0.333523
0.3632;0.547;0.3672;0.475;1.4812
0.5046;0.37;0.480799;0.428899;0.575034
0.287399;0.059599;0.329499;0.3474;0.554482
0.525;0.477799;0.4451;0.5228;0.260548
0.431099;0.421199;0.4473;0.2469;0.0243674
0.4681;0.7424;0.543599;0.8504;2.21407
0.7931;1.0;0.7931;0.790599;0.791274
1.0;0.262;0.916599;0.617;0.86774
0.3486;0.550999;0.507899;0.673;-0.785999
0.697099;0.625;0.639099;0.483999;1.49313
0.4554;0.5062;0.5308;0.513;-1.06791
0.407299;0.2828;0.350999;0.702999;1.29949
0.5886;0.389599;0.5668;0.201999;0.410221
0.322199;0.295;0.3904;0.5441;0.955776
0.5573;0.729399;0.515899;0.4069;1.34293
0.451999;0.3416;0.4141;0.4871;-0.446187
0.3641;0.445799;0.485299;0.5669;0.00112161
0.5922;0.445899;0.5473;0.454599;0.0724594
0.4266;0.7197;0.4715;0.430399;0.901912
0.653699;0.495999;0.559899;0.489;1.45753
0.2796;0.414999;0.2924;0.315999;-1.1171
0.4118;0.1547;0.278199;0.4189;2.50425
0.2514;0.2483;0.2498;0.2558;-0.638082
0.3431;0.351699;0.515499;0.5669;1.83906
0.608;0.6819;0.2964;0.250699;0.119678
0.190899;0.141299;0.5137;0.3987;-0.198572
0.670999;0.6035;0.431799;0.427;3.10968
0.338;0.3561;0.4801;0.445999;-0.683366
0.4041;0.402799;0.4753;0.6027;2.23335
0.4691;0.483899;0.280099;0.162299;-0.347285
0.258199;0.2877;0.4093;0.6081;2.72917
0.5402;0.7866;0.636499;0.8301;0.0638227
0.754299;0.7729;0.7488;0.3948;1.22956
0.4819;0.4026;0.462599;0.661999;1.03242
0.7494;0.7793;0.7743;0.800999;-0.315084
0.809999;0.7013;0.736799;0.507;1.76128
0.4916;0.823799;0.5641;0.544;-0.459223
0.671599;0.3135;0.4749;0.416999;-0.412922
0.3893;0.291699;0.465199;0.464;0.749002
0.610699;0.7083;0.5348;0.535999;0.513456
0.3893;0.291699;0.465199;0.464;-1.28569
0.4377;0.433499;0.4147;0.5731;0.413183
0.334499;0.4288;0.3831;0.4924;-0.157048
0.7748;0.755499;0.796099;0.7287;-0.633519
0.480599;0.4204;0.380099;0.245799;-1.39288
0.319199;0.338799;0.4017;0.358;0.2663
0.2736;0.4723;0.564999;0.679099;-0.752931
0.692;0.488099;0.433199;0.4729;-0.90205
0.43;0.479;0.402;0.43;-0.108423
0.407;0.327999;0.494;0.489999;-1.40454
0.398;0.327999;0.399;0.355;-0.73099
0.541699;0.809999;0.445599;0.331;-0.304808
0.503299;0.259;0.3974;0.533999;-0.578581
0.2633;0.4742;0.465299;0.5089;-1.70799
0.6015;0.5998;0.5542;0.6191;0.729875
0.786899;0.725199;0.827099;0.689;-0.534217
0.664;0.7337;0.6497;0.6997;-1.32702
0.543099;0.696899;0.564499;0.7593;-0.0971575
1.0;0.6853;0.8475;0.605;-0.165357
0.5225;0.910599;0.6597;0.841;-1.30982
0.772499;0.4311;0.6357;0.344;0.851689
0.1939;0.445899;0.3843;0.8183;-0.40132
0.895499;0.7627;0.876199;0.412699;0.301174
0.4954;0.648599;0.4082;0.5618;-0.785728
0.323;0.0655;0.2909;0.2698;-1.10143
0.3471;0.3972;0.425899;0.339399;-0.300889
0.415799;0.488299;0.3936;0.625;-0.355526
0.6167;0.622399;0.6812;0.7621;0.560449
0.891999;0.873799;0.864599;0.6989;-1.03308
0.6136;0.5471;0.586399;0.5229;0.607006
0.470499;0.3648;0.2945;0.391099;0.640301
0.58;0.822399;0.716699;0.9459;0.829701
0.7785;0.734;0.8291;0.703299;0.176303
0.7302;0.803599;0.712899;0.8026;0.509314
0.754899;0.7957;0.833;0.843599;1.54854
0.8874;0.8736;0.6265;0.6616;0.531117
0.6282;0.505299;0.882899;0.6536;0.975553
0.5713;0.7678;0.5775;0.6704;0.251106
0.8245;0.666899;0.820499;0.709;1.54693
0.814799;0.7894;0.724399;0.7007;1.82041
0.0;0.2067;0.062;0.1313;-1.28193
1.0;0.6998;0.888099;0.811999;2.2289
0.375399;0.341699;0.446;0.4136;-0.497468
0.291499;0.3079;0.264199;0.112399;0.641982
0.3884;0.4773;0.4991;0.6801;0.636707
0.5044;0.6555;0.550899;0.6189;-0.0778009
0.794;0.6002;0.6048;0.503999;1.23408
0.3367;0.255099;0.332899;0.369;0.104992
0.2791;0.3418;0.4372;0.25;1.28721
0.555599;0.575499;0.3163;0.4808;-0.0755628
0.4382;0.5322;0.666399;0.8476;0.756041
0.7197;0.603;0.424299;0.1356;2.0502
0.1476;0.192499;0.347799;0.541999;-1.20151
0.8013;0.726099;0.7805;0.55;2.88859
0.290799;0.3899;0.0967;0.158999;-0.512542
0.1018;0.021599;0.1811;0.352;1.3935
0.4833;0.664;0.717199;0.48;0.83826
0.5378;0.339099;0.436499;0.425;1.76011
0.3081;0.5752;0.428;0.753999;1.70425
0.798999;0.718899;0.793099;0.681;-0.157367
0.9722;0.9526;0.8729;0.8508;1.57603
0.3597;0.279;0.3819;0.4109;0.480584
0.5655;0.555;0.672799;0.4463;0.425277
0.4374;0.3378;0.296299;0.4206;2.21585
0.3061;0.427199;0.3925;0.4224;0.848965
0.480699;0.3567;0.2639;0.173999;1.36878
0.2862;0.614599;0.532999;0.837;0.801371
0.891199;0.6201;0.8969;0.547999;-0.249576
0.542899;0.4932;0.3304;0.263;2.47247
0.2357;0.250299;0.410999;0.6676;1.2016
0.4522;0.427299;0.0804;0.0;1.25062
0.1324;0.4205;0.5604;0.9557;0.884102
0.513499;0.509899;0.5015;0.5123;2.06621
0.9793;0.697;0.527299;0.3043;2.80598
0.0945;0.322499;0.5222;0.3167;0.336735
0.4528;0.3548;0.3672;0.5853;1.17914
0.4236;0.523399;0.5455;0.5807;0.787572
0.9494;0.726;0.6815;0.562899;1.93901
0.365299;0.5443;0.6048;0.610599;-0.0118335
0.6096;0.558699;0.622799;0.6226;1.02882
0.6325;0.6781;0.637699;0.6689;2.43252
0.545;0.6769;0.555;0.623999;-0.177946
0.654;0.433;0.590299;0.323;0.515912
0.236999;0.3828;0.300699;0.629999;0.138531
0.686;0.6532;0.6617;0.384;0.344477
0.384;0.418299;0.4083;0.591999;-0.0809808
0.591999;0.5946;0.591999;0.478;1.39826
0.6598;0.4101;0.4892;0.463;-1.24011
0.318999;0.326499;0.1714;0.049999;2.49098
0.1307;0.2959;0.307599;0.5898;0.774209
0.3794;0.2515;0.3989;0.2536;-0.988235
0.1219;0.1471;0.126799;0.025599;1.23198
0.4832;0.535699;0.5491;0.764;-0.745468
0.579599;0.6104;0.630599;0.654999;1.11829
0.605399;0.633699;0.4922;0.255;-0.463872
0.3659;0.2042;0.172699;0.232999;0.914226
0.2795;0.5079;0.5859;0.8045;1.53783
0.6294;0.487299;0.6064;0.451499;0.399021
0.6463;0.5799;0.540699;0.443;-0.227975
0.383199;0.386099;0.3065;0.364;0.64833
0.334499;0.3214;0.4275;0.361;0.288681
0.2462;0.414899;0.358499;0.487099;0.291089
0.4997;0.497399;0.465499;0.660299;0.452952
0.703499;0.7893;0.7377;0.7206;0.538717
0.9202;0.8621;0.8813;0.873899;0.347058
0.765699;0.616199;0.5337;0.2391;0.431422
0.23;0.275199;0.3982;0.689;1.64163
0.613199;0.5617;0.671299;0.366;-0.411295
0.2227;0.2059;0.193;0.163;0.969116
0.4483;0.4403;0.3108;0.42;0.0432621
0.464;0.563599;0.505899;0.8263;-1.1926
0.610699;0.4481;0.7226;0.447699;1.70723
0.3583;0.428;0.3239;0.384;1.20671
0.479299;0.5469;0.394199;0.4145;-0.35549
0.388999;0.317799;0.3297;0.3915;2.43329
0.6945;0.7535;0.785999;0.8902;0.472413
0.746499;0.806799;0.8762;0.6768;1.51878
0.7754;0.613;0.5009;0.4368;0.247989
0.2101;0.3351;0.4316;0.310199;0.751231
0.337199;0.4568;0.405799;0.626;2.2029
0.6379;0.601799;0.6379;0.613999;0.188158
0.741;0.5803;0.417499;0.3986;2.31342
0.185099;0.1432;0.3615;0.227399;0.356225
0.3716;0.503599;0.5017;0.777799;1.43776
0.654699;0.4995;0.545099;0.4238;1.24267
0.5759;0.637799;0.5602;0.4819;-0.863673
0.3621;0.6197;0.5044;0.493499;2.36153
0.551099;0.2862;0.5489;0.6018;-0.254007
0.4748;0.430199;0.295099;0.307099;0.978683
0.312799;0.352;0.4516;0.3301;-0.115471
0.5608;0.686799;0.4284;0.485399;-0.0243594
0.365199;0.1973;0.372199;0.4157;0.0336359
0.3306;0.3946;0.456499;0.5378;0.103198
0.5326;0.597799;0.5752;0.6002;-1.75919
0.523199;0.715299;0.523199;0.6829;0.957356
0.8035;0.590299;0.6892;0.489799;-0.645049
0.4605;0.3406;0.4039;0.339099;0.0637333
0.451999;0.459499;0.427599;0.4824;-1.8788
0.3229;0.3878;0.2559;0.071699;0.507311
0.2317;0.175999;0.2477;0.4461;-1.18317
0.2186;0.3458;0.425899;0.406699;0.0662188
0.560199;0.555399;0.532499;0.5106;0.750278
0.5499;0.4326;0.5836;0.5566;-0.656434
0.4559;0.450199;0.3828;0.3566;-0.50986
0.466;0.5273;0.5225;0.637;1.43451
0.469999;0.4146;0.2889;0.0604;-2.19244
0.224399;0.3469;0.455099;0.590299;1.2337
0.596;0.617799;0.5364;0.495799;0.285254
0.4009;0.4255;0.4056;0.675;0.0255953
0.739599;0.6674;0.6089;0.3561;0.102959
0.1912;0.352399;0.376799;0.6613;-0.544914
0.679099;0.4936;0.6445;0.472099;1.33033
0.5684;0.5473;0.344899;0.2445;-1.41357
0.2872;0.3884;0.5088;0.674299;1.06516
0.736699;0.669699;0.770699;0.646699;-0.942405
0.538699;0.6694;0.425699;0.686199;1.27455
0.7453;0.6691;0.8114;0.4247;-0.0538786
0.4891;0.3811;0.427799;0.463999;-0.815116
0.4743;0.4161;0.4578;0.4878;0.230787
0.273199;0.3367;0.344799;0.3565;0.592975
0.5809;0.5932;0.5376;0.457699;0.246982
0.4701;0.4475;0.4832;0.6967;-0.215118
0.486699;0.6628;0.572499;0.449299;-0.435119
0.503299;0.571999;0.503299;0.710699;1.96887
0.7202;0.5397;0.6538;0.4937;-0.652926
0.4268;0.364699;0.0941;0.0823;0.124667
0.0821;0.1568;0.4812;0.3433;-0.968568
0.580099;0.5149;0.5444;0.6524;1.60798
0.5147;0.558699;0.540499;0.570999;-1.59625
0.536099;0.4482;0.44;0.4616;0.283221
0.3876;0.410299;0.3047;0.089999;-0.142055
0.212499;0.5588;0.401399;0.823;-0.499253
0.7389;0.607299;0.7389;0.556999;-0.260129
0.683399;0.7302;0.6785;0.8516;-0.430982
0.6883;0.6601;0.6633;0.630199;-0.975846
0.5566;0.3449;0.468;0.2605;-0.17979
0.399999;0.419899;0.4416;0.3277;-0.66423
0.3487;0.6167;0.425599;0.7583;-1.22276
0.622399;0.351499;0.5152;0.459199;0.263981
0.7146;1.0;0.820599;0.9937;-1.09306
0.8959;0.667299;0.8523;0.4681;0.104843
0.5566;0.5181;0.4802;0.5807;-0.490164
0.420999;0.2995;0.4296;0.3963;-1.32953
0.0;0.631399;0.0;0.7377;-0.47953
1.0;0.606;1.0;0.601799;0.135748
0.6209;0.551199;0.6038;0.4132;1.542
0.477499;0.465199;0.4437;0.4625;-0.78813
0.3794;0.4323;0.495699;0.538799;1.06624
0.5871;0.5563;0.5498;0.5344;0.929485
0.649799;0.634;0.678899;0.6048;-0.28423
0.5352;0.5197;0.517199;0.563099;1.39378
0.5246;0.6358;0.504799;0.6125;-1.92394
0.4778;0.337599;0.4819;0.341999;2.40479
0.471499;0.455;0.338299;0.411999;0.892566
0.399999;0.417299;0.5348;0.5396;-0.655739
0.6138;0.8278;0.6643;0.8278;0.714741
0.8194;0.6927;0.8194;0.6299;-0.324418
0.5459;0.622499;0.5459;0.622599;-0.232564
0.590999;0.5862;0.491499;0.646;-1.2535
0.6964;0.8278;0.7959;0.7755;0.274054
0.7749;0.682199;0.733;0.604799;0.583021
0.5383;0.4369;0.5285;0.5327;-0.788971
0.542199;0.4692;0.535299;0.415699;1.16438
0.4514;0.449299;0.3045;0.3143;-1.05794
0.604599;0.779;0.776899;0.8779;1.08664
0.4125;0.2918;0.3939;0.409499;0.354616
0.577199;0.502199;0.4331;0.3849;-1.62796
0.3763;0.3482;0.503399;0.416799;2.86661
0.4619;0.459199;0.3393;0.4814;-1.98292
0.0;0.6289;0.0;0.512499;1.25876
1.0;0.589299;1.0;0.7224;-0.730189
0.8742;0.6158;0.559799;0.2939;0.854556
0.2273;0.2193;0.4557;0.4737;1.37277
0.3792;0.3597;0.0;0.0;-1.23131
0.0;0.102899;0.5209;0.591899;2.95165
0.5424;0.6016;0.4057;0.6404;-1.26301
0.685399;0.7881;0.8061;0.770199;0.895612
0.8393;0.562899;0.642399;0.3597;0.816743
0.2913;0.7147;0.2494;0.9064;0.229923
0.8763;0.4936;0.867599;0.323799;2.81274
0.357399;0.431999;0.624099;0.6195;-0.265067
0.585699;0.9046;0.585699;0.6462;0.734268
1.0;0.730499;0.7468;0.614799;2.08424
0.3209;0.3032;0.3444;0.5824;0.443141
0.624499;0.674299;0.8308;0.780899;0.497715
0.5418;0.4126;0.4861;0.2805;0.9764
0.305;0.3718;0.0803;0.0465;2.57677
0.2769;0.319199;0.537299;0.5961;0.177542
0.587599;0.6304;0.6308;0.784199;2.26165
0.710699;0.5121;0.619299;0.4895;-0.172101
0.4531;0.475999;0.4323;0.3799;1.15701
0.311899;0.3432;0.303;0.269299;1.20382
0.3804;0.4886;0.471699;0.6869;1.19424
0.669799;0.587199;0.664899;0.474599;1.77778
0.6654;0.628399;0.6441;0.6169;-0.194659
0.319799;0.323399;0.347999;0.415399;2.57608
0.6501;0.6304;0.616199;0.553;-0.0728776
0.4798;0.581599;0.5131;0.4431;2.49347
0.395099;0.4757;0.407699;0.451;0.401066
0.451;0.3006;0.43;0.439999;0.389866
0.43;0.4057;0.18;0.27;2.91008
0.279999;0.469999;0.5456;0.7;-1.05316
0.76;0.559999;0.6609;0.449999;3.22378
0.39;0.44;0.431;0.52;-0.0179728
0.509999;0.4514;0.432499;0.37;1.93743
0.38;0.3986;0.48;0.48;0.192456
0.48;0.435599;0.39;0.389999;-0.40028
0.349699;0.4045;0.3;0.28;1.68208
0.3203;0.289899;0.419999;0.469999;1.07069
0.469999;0.563299;0.57;0.62;0.13446
0.62;0.6467;0.5196;0.51;-0.413804
0.5;0.430099;0.6004;0.559999;1.21993
0.420999;0.8399;0.420999;0.84;1.35657
1.0;0.64;0.999;0.51;0.154267
0.469999;0.424599;0.346399;0.389999;-1.52758
0.399999;0.695399;0.543599;0.6;1.61401
0.58;0.3425;0.4277;0.52;-0.64974
0.5;0.357499;0.299399;0.31;1.3497
0.32;0.4048;0.5619;0.439999;-0.0776013
0.419999;0.6352;0.530999;0.58;0.559411
0.58;0.364799;0.469;0.419999;0.665728
0.419999;0.6352;0.530999;0.58;1.34352
0.63;0.379999;0.42;0.329999;-0.854953
0.329999;0.329999;0.449999;0.55;1.27155
0.382999;0.69;0.472999;0.509999;1.45157
0.657;0.3;0.257;0.09;0.76348
0.12;0.239999;0.4556;0.599999;-1.18314
0.58;0.57;0.5944;0.52;2.30783
0.509999;0.5627;0.559999;0.595;1.02213
0.5474;0.388;0.4033;0.334999;0.636075
0.3626;0.633299;0.506699;0.609999;1.28528
0.67;0.446;0.4768;0.48;-0.366115
0.447999;0.434999;0.5642;0.505;1.44411
0.492;0.5379;0.568999;0.311999;0.445078
0.337;0.5569;0.337;0.579;-0.511553
0.753;0.5002;0.6634;0.734;1.76269
0.55;0.649999;0.6296;0.639999;0.817863
0.64;0.6067;0.629999;0.51;1.7418
0.48;0.6733;0.4788;0.719999;-1.12927
0.75;0.4802;0.616499;0.39;0.75166
0.39;0.3598;0.4947;0.43;-0.212493
0.469999;0.554199;0.37;0.44;0.255398
0.43;0.5458;0.557599;0.739999;-0.396847
0.699999;0.5648;0.5969;0.4;1.29702
0.449999;0.4554;0.465199;0.599999;1.1805
0.57;0.529799;0.6143;0.4614;-1.11627
0.6448;0.65;0.6444;0.718599;0.493167
0.5252;0.739999;0.340199;0.58;0.082029
0.579999;0.701599;0.831399;0.84;0.424979
0.83;0.6796;0.82;0.449999;0.0537823
0.449999;0.343;0.4173;0.51;1.00276
0.55;0.4158;0.3427;0.43;-0.226786
0.419999;0.43;0.489999;0.5;2.33408
0.45;0.52;0.13;0.0;1.08996
0.049999;0.08;0.16;0.18;-0.166984
0.248;0.183999;0.513999;0.464;0.362031
0.422;0.5772;0.526;0.596;0.766275
0.579999;0.740199;0.559999;0.609999;1.57918
0.6;0.5186;0.64;0.8;-0.239178
0.789999;0.739999;0.789999;0.719999;1.86577
0.682;0.5;0.673;0.52;-1.10798
0.468;0.94;0.477;0.84;0.636105
0.832999;0.585899;0.669999;0.5;0.432024
0.567;0.3519;0.553899;0.28;0.849066
0.3;0.392199;0.3259;0.46;1.58067
0.449999;0.3804;0.5489;0.552;-0.714912
0.5804;0.5122;0.4294;0.398;0.549714
0.3796;0.4374;0.541499;0.5;0.521729
0.5;0.48;0.4604;0.48;0.125627
0.52;0.509999;0.5141;0.549999;0.736777
0.5;0.4855;0.335899;0.22;-0.694047
0.25;0.4648;0.401299;0.48;0.497286
0.469999;0.3127;0.517299;0.489999;1.11068
0.49;0.567;0.5307;0.6;-0.234314
0.625999;0.526;0.579699;0.510999;1.29115
0.474;0.483999;0.460999;0.568999;-0.583129
0.58;0.58;0.37;0.21;2.39779
0.189999;0.315999;0.469999;0.53;0.0501405
0.54;0.404;0.139;0.149999;-0.0234236
0.109999;0.131;0.311;0.399999;2.68687
0.419999;0.489;0.565999;0.62;-0.58658
0.64;0.593;0.599;0.43;2.72495
0.44;0.439;0.434999;0.379999;-0.699835
0.41;0.488;0.48;0.64;2.22084
0.609999;0.439999;0.629999;0.48;1.66189
0.469999;0.51;0.48;0.5;1.18909
0.51;0.76;0.51;0.81;0.820104
0.759999;0.579999;0.66;0.41;0.566469
0.45;0.42;0.449999;0.489999;1.65151
0.479999;0.539999;0.538;0.609999;1.22137
0.6;0.68;0.59;0.609999;2.05781
0.59;0.359999;0.541999;0.39;0.132469
0.43;0.8;0.53;0.66;1.40573
0.68;0.521999;0.652;0.609999;2.69531
0.609999;0.408;0.468;0.33;-0.207754
0.3;0.43;0.405;0.609999;1.0608
0.62;0.489999;0.574999;0.469999;1.98002
0.484999;0.494;0.509999;0.44;-0.00917512
0.414999;0.616;0.438;0.66;2.53863
0.67;0.549999;0.532;0.289999;0.574551
0.289999;0.307;0.469999;0.51;0.749604
0.52;0.692999;0.539999;0.739999;0.901536
0.74;0.47;0.74;0.5;0.695632
0.479999;0.481999;0.299999;0.309999;0.892584
0.31;0.378;0.27;0.31;0.00165507
0.329999;0.379999;0.539999;0.579999;1.94409
0.59;0.539999;0.529999;0.59;-0.247632
0.63;0.56;0.56;0.449999;1.20014
0.389999;0.379999;0.529999;0.51;0.752376
0.5;0.5;0.5;0.48;-0.354891
0.51;0.68;0.46;0.64;1.70311
0.629999;0.53;0.56;0.579999;-0.493773
0.56;0.690999;0.639999;0.65;0.985615
0.66;0.669;0.64;0.669999;0.570772
0.649999;0.44;0.449999;0.25;0.442747
0.27;0.279999;0.53;0.52;1.06419
0.5;0.48;0.5;0.48;-0.296392
0.49;0.66;0.449999;0.609999;1.54885
0.609999;0.488;0.519;0.49;-1.53989
0.509999;0.552;0.562999;0.509999;1.66366
0.5;0.705;0.577999;0.72;-0.00350076
0.72;0.555;0.69;0.5;0.262485
0.5;0.37;0.53;0.488;-0.568395
0.48;0.509999;0.48;0.481999;-0.0590881
0.469999;0.55;0.414999;0.53;-0.342869
0.53;0.553;0.555;0.539999;-0.317796
0.559999;0.556999;0.506999;0.59;0.125668
0.609999;0.504;0.573;0.419999;-1.91809
0.41;0.417999;0.32;0.35;-0.482636
0.34;0.318;0.55;0.48;0.631265
0.489999;0.558;0.449999;0.509999;-1.03044
0.48;0.481999;0.42;0.49;0.284217
0.5;0.419999;0.436;0.329999;-0.430678
0.34;0.44;0.439;0.43;-0.498836
0.45;0.495999;0.515;0.62;0.890313
0.599999;0.454;0.599999;0.48;0.0718664
0.48;0.5;0.48;0.51;1.04994
0.51;0.8;0.51;0.759999;0.680939
0.759999;0.494;0.538999;0.46;0.780855
0.47;0.548;0.661;0.57;-0.023221
0.559999;0.597999;0.489999;0.419999;-0.602638
0.39;0.361;0.49;0.5;1.9921
0.529999;0.488999;0.529999;0.58;1.18066
0.56;0.5;0.55;0.46;-0.641175
0.48;0.46;0.34;0.349999;0.95524
0.349999;0.539999;0.49;0.69;0.222776
0.69;0.55;0.66;0.489999;0.216405
0.5;0.57;0.509;0.55;0.265066
0.539999;0.43;0.460999;0.469999;0.272683
0.42;0.6;0.53;0.64;0.157921
0.68;0.539999;0.521999;0.32;-0.0840088
0.329999;0.34;0.455;0.46;1.00737
0.46;0.55;0.492999;0.59;-0.807034
0.57;0.69;0.57;0.75;0.717257
0.77;0.549999;0.669999;0.52;0.952898
0.51;0.52;0.55;0.53;-1.64305
0.539999;0.47;0.539;0.413999;1.54511
0.5;0.5;0.521;0.526;1.19102
0.419999;0.46;0.399999;0.49;-1.02739
0.49;0.489999;0.474;0.46;2.30093
0.489999;0.587;0.545999;0.629999;-0.685586
0.62;0.722999;0.64;0.71;0.685559
0.69;0.58;0.652999;0.609999;0.283901
0.599999;0.48;0.637;0.48;-0.00894266
0.51;0.509999;0.51;0.489999;1.32648
0.489999;0.631;0.489999;0.58;0.134031
0.57;0.489;0.489;0.419999;1.72314
0.43;0.609999;0.501;0.69;-0.105964
0.68;0.49;0.57;0.399999;0.471578
0.42;0.799999;0.537999;0.92;1.46529
0.91;0.53;0.825;0.55;-1.44285
0.55;0.523;0.456999;0.379999;2.19645
0.389999;0.376999;0.25;0.189999;0.423751
0.18;0.36;0.5;0.66;-0.00311333
0.65;0.634;0.65;0.65;0.623385
0.64;0.579999;0.55;0.43;-0.110393
0.449999;0.335999;0.257999;0.23;1.96031
0.23;0.53;0.442;0.8;-0.983154
0.8;0.564;0.8;0.5;0.945501
0.509999;0.745999;0.579999;0.789999;0.957654
0.76;0.522;0.708;0.489999;0.527177
0.509999;0.477999;0.431999;0.449999;1.95335
0.43;0.673;0.559999;0.69;0.460837
0.72;0.497;0.527;0.379999;1.01969
0.379999;0.39;0.452999;0.52;1.36159
0.44;0.460999;0.56;0.49;0.786523
0.549999;0.798999;0.549999;0.789999;1.38756
0.78;0.69;0.76;0.67;0.439833
0.699999;0.64;0.719999;0.549999;2.61376
0.539999;0.469999;0.32;0.41;1.32445
0.39;0.55;0.56;0.74;0.652228
0.73;0.62;0.779999;0.43;2.45606
0.46;0.399999;0.43;0.579999;0.23397
0.579999;0.75;0.46;0.77;1.76548
0.76;0.53;0.8;0.369999;0.803463
0.379999;0.506999;0.388999;0.53;2.35589
0.55;0.513;0.550999;0.64;0.258015
0.6;0.53;0.58;0.34;3.04996
0.359999;0.410999;0.379;0.48;1.23614
0.355;0.644;0.456;0.561999;-0.683283
0.574999;0.331;0.574999;0.468;2.42035
0.609999;0.693999;0.609999;0.77;0.440196
0.76;0.681;0.75;0.669999;1.87713
0.669999;0.731999;0.649999;0.741;0.568859
0.629;0.782;0.659;0.743;1.13833
0.698;0.759;0.698;0.465999;1.1349
0.602999;0.456;0.512999;0.8;0.910197
0.76;0.952;0.727;0.57;0.467382
0.609999;0.378;0.713;0.699999;0.413022
0.69;0.799999;0.649;0.609999;2.84378
0.609999;0.45;0.550999;0.51;0.204365
0.52;0.329999;0.32;0.349999;0.820069
0.359999;0.34;0.405999;0.31;1.02661
0.309999;0.359999;0.434;0.469999;2.49946
0.45;0.41;0.408;0.32;-0.0105252
0.349999;0.91;0.541999;1.0;1.12124
1.0;0.635;0.97;0.559999;0.478665
0.59;0.564999;0.479999;0.4;0.764803
0.379999;0.42;0.45;0.469999;1.19092
0.48;0.419999;0.509999;0.55;0.0862311
0.58;0.968;0.67;1.0;0.208364
0.850999;0.717;0.850999;0.535;0.26537
0.673999;0.574999;0.561;0.43;0.168161
0.391999;0.35;0.504999;0.689;-1.06304
0.723;0.759999;0.702999;0.449999;0.0797491
0.509999;0.289999;0.336;0.449999;-0.835585
0.35;0.31;0.0;0.0;-0.294783
0.0;0.189999;0.579999;0.69;-1.32871
0.689999;0.73;0.73;0.8;0.988136
0.78;0.56;0.21;0.0;-0.216489
0.0;0.0;0.196999;0.34;-0.39007
0.279999;0.497999;0.533;0.56;0.116948
0.58;0.38;0.475999;0.32;0.0718485
0.34;0.573999;0.423999;0.759999;0.449405
0.739999;0.696;0.82;0.59;-0.457038
0.62;0.39;0.4;0.32;1.24152
0.27;0.25;0.0;0.03;0.0215183
0.059999;0.359999;0.559999;0.77;1.32242
0.78;0.55;0.55;0.3;0.428222
0.27;0.43;0.53;0.599999;1.48033
0.64;0.654;0.619999;0.74;0.347016
0.71;0.625999;0.64;0.669999;2.66082
0.66;0.66;0.56;0.26;-0.306769
0.3;0.4;0.449999;0.68;1.40291
0.669999;0.515999;0.609999;0.532;0.807432
0.343;0.504999;0.396;0.315;1.72408
0.334;0.339;0.390999;0.532999;1.81132
0.683;0.609999;0.632999;0.57;1.15654
0.57;0.379999;0.23;0.15;0.353567
0.16;0.272;0.48;0.619999;0.635115
0.609999;0.527999;0.576;0.46;0.601421
0.47;0.8;0.564;0.82;1.14408
0.849999;0.489999;0.73;0.399999;-0.202401
0.37;0.69;0.489999;0.71;0.110875
0.69;0.42;0.56;0.39;2.12505
0.0;0.479999;0.099999;0.57;-0.126844
1.0;0.9;1.0;0.96;-0.403353
0.96;0.5;0.78;0.299999;0.129644
0.309999;0.559999;0.439999;0.58;1.67633
0.489999;0.379999;0.25;0.109999;-0.263726
0.19;0.12;0.439;0.469999;0.835637
0.48;0.94;0.311;0.36;0.147436
0.34;0.169999;0.438;0.529999;1.4698
0.51;0.38;0.611999;0.699999;1.31472
0.699999;0.539999;0.399999;0.14;1.50591
0.0;0.149999;0.0;0.41;0.182472
1.0;0.51;0.94;0.66;2.55611
0.64;0.71;0.645999;0.64;1.33017
0.63;0.739999;0.854;0.82;0.407336
0.829999;0.51;0.559999;0.32;2.56137
0.309999;0.43;0.39;0.359999;1.96107
0.37;0.439999;0.529999;0.649999;0.812123
0.66;0.56;0.5;0.32;0.754432
0.309999;0.358999;0.42;0.5;2.46103
0.52;0.551;0.579999;0.65;0.938271
0.279999;0.789999;0.3;0.73;3.18525
1.0;0.489999;0.97;0.379999;-0.208246
0.369999;0.4;0.459999;0.609999;1.68789
0.61;0.629999;0.616;0.53;0.948815
0.539999;0.41;0.264;0.23;1.83224
0.23;0.359999;0.5;0.609999;0.781463
0.609999;0.52;0.466999;0.378;1.54373
0.238;0.69;0.401;0.841999;2.51471
0.972;0.579999;0.841999;0.37;-0.179519
0.379999;0.343;0.46;0.53;1.36692
0.509999;0.537;0.559999;0.5;0.248943
0.53;0.610999;0.149;0.319999;1.40701
0.309999;0.363;0.545;0.48;0.871239
0.48;0.422999;0.0;0.24;2.02218
0.24;0.265;0.973;0.509999;1.92159
0.5;0.600999;0.593999;0.59;1.49523
0.59;0.589;0.52;0.62;0.972388
0.629999;0.524999;0.58;0.43;0.418596
0.42;0.402;0.416999;0.57;1.32511
0.579999;0.599;0.561;0.344;1.73771
0.344;0.667999;0.482;0.885999;1.04973
0.885999;0.582;0.753;0.46;1.5378
0.449999;0.459;0.532;0.52;0.631539
0.539999;0.706;0.540999;0.759999;0.857262
0.75;0.805;0.702;0.67;0.776366
0.69;0.408;0.687999;0.579999;0.907884
0.55;0.738;0.53;0.56;0.658021
0.539999;0.387;0.506;0.609999;-0.558292
0.71;0.777;0.548999;0.69;1.74922
0.289999;0.222999;0.451;0.309999;0.377677
0.71;0.777;0.548999;0.69;0.284735
0.59;0.668999;0.866;0.619999;0.292997
0.68;0.609;0.599;0.45;-0.255536
0.409999;0.356;0.401999;0.549999;0.413112
0.56;0.460999;0.439;0.359999;0.814436
0.38;0.277;0.0;0.38;-0.7683
0.349999;0.529999;0.461;0.659999;0.584153
0.66;0.57;0.481999;0.49;0.408165
0.509999;0.58;0.452999;0.34;-0.212752
0.31;0.182999;0.565;0.477;0.384406
0.372;0.608999;1.0;0.367;0.417552
0.609999;0.485;0.437;0.44;0.443057
0.26;0.283999;0.292999;0.415999;0.872878
0.436;0.436;0.511;0.436;0.0788908
0.364;0.506;0.410999;0.43;0.981305
0.568999;0.56;0.551;0.662;0.726769
0.515999;0.483999;0.582999;0.459;1.95855
0.58;0.452999;0.302;0.623;-0.0613977
0.623;0.676;0.834;0.469999;0.876467
0.469999;0.614;0.564;0.64;1.43698
0.64;0.473999;0.464;0.5;1.78121
0.489999;0.815;0.545999;0.8;2.26818
0.81;0.483999;0.768;0.519999;0.773863
0.519999;0.579;0.515999;0.41;1.09615
0.43;0.356;0.468;0.53;2.48428
0.51;0.82;0.559;0.829999;0.374011
0.799999;0.710999;0.79;0.659999;1.18137
0.68;0.448999;0.559999;0.45;1.2088
0.45;0.769;0.551;0.689999;1.13255
0.689999;0.329999;0.576999;0.46;1.41743
0.479999;0.650999;0.414999;0.5;0.353746
0.48;0.352;0.5;0.5;1.56899
0.509999;0.585999;0.481999;0.39;1.71493
0.399999;0.393999;0.732;0.64;-0.280674
0.63;0.516;0.596999;0.57;0.0397514
0.56;0.634;0.613;0.67;0.273536
0.68;0.786999;0.057999;0.71;1.06253
0.71;0.750999;1.0;0.769999;1.82019
0.789999;0.532;0.872999;0.53;-0.675731
0.5;0.5;0.539;0.49;1.4393
0.509999;0.479999;0.091999;0.079999;-0.839614
0.049999;0.271;0.509;0.64;1.32765
0.67;0.628999;0.680999;0.63;-0.606077
0.609999;0.399999;0.44;0.339999;1.1666
0.359999;0.72;0.396;0.77;0.288085
0.77;0.524999;0.773999;0.479999;0.674699
0.469999;0.614999;0.59;0.71;0.0600855
0.74;0.5;0.6;0.39;-0.0210901
0.369999;0.524;0.53;0.539999;0.00645027
0.539999;0.475999;0.379999;0.509999;0.0177602
0.53;0.59;0.649999;0.66;-0.241365
0.63;0.68;0.64;0.71;1.37519
0.71;0.549999;0.63;0.489999;0.575129
0.519999;0.62;0.49;0.69;0.370834
0.649999;0.53;0.659999;0.5;1.0098
0.49;0.599999;0.53;0.519999;-0.261201
0.82;0.74;0.63;0.78;1.11466
0.479999;0.66;0.659999;0.579999;0.383518
0.59;0.32;0.21;0.39;1.922
0.39;0.649999;0.869999;0.56;0.315956
0.519999;0.369999;0.13;0.449999;0.828985
0.5;0.471;0.63;0.36;1.18929
0.35;0.398999;0.425999;0.57;0.96225
0.539999;0.83;0.704;0.799999;1.6212
0.83;0.591;0.38;0.149999;0.326477
0.149999;0.228999;0.64;0.67;0.551466
0.649999;0.419999;0.379999;0.49;1.22077
0.49;0.47;0.47;0.149999;0.746588
0.17;0.209999;0.259999;0.479999;1.70048
0.479999;0.48;0.5;0.26;1.2829
0.28;0.7;0.46;0.899999;1.89113
0.89;0.479999;0.719999;0.369999;0.84313
0.359999;0.289999;0.167999;0.21;-0.404899
0.18;0.503999;0.472;0.359999;1.46415
0.43;0.346;0.46;0.729999;0.769423
0.699999;0.68;0.739999;0.66;1.60318
0.68;0.579999;0.53;0.38;0.726644
0.369999;0.34;0.359999;0.579999;0.0728677
0.579999;0.649999;0.69;0.479999;0.688706
0.49;0.466999;0.439999;0.51;0.370107
0.509999;0.533;0.49;0.369999;0.527755
0.359999;0.406999;0.479999;0.689999;0.923161
0.71;0.813;0.63;0.829999;0.00631019
0.799999;0.6;0.829999;0.46;1.64182
0.5;0.719999;0.549999;0.71;-0.593563
0.7;0.509999;0.64;0.55;0.888703
0.52;0.64;0.58;0.589999;0.902263
0.559999;0.5;0.559999;0.649999;0.114785
0.68;0.49;0.469999;0.333;0.227497
0.5;0.311;0.35;0.276999;0.300185
0.109999;0.289;0.0;0.0;1.24978
0.0;0.0;0.238999;0.39;-1.27376
0.4;0.57;0.171;0.099999;1.48414
0.109999;0.0;0.439;0.58;-0.827356
0.579999;0.49;0.440999;0.25;0.282482
0.24;0.523;0.48;0.649999;-0.0592639
0.649999;0.346999;0.469999;0.246;-0.655099
0.536;0.66;0.707999;0.823999;1.06119
0.543999;0.68;0.552;0.549999;-0.891014
0.549999;0.42;0.494999;0.64;0.745116
0.65;0.64;0.665;0.5;-1.06484
0.469999;0.669999;0.489999;0.78;1.11222
0.769999;0.9;0.789999;0.93;-0.155761
0.92;0.479999;0.72;0.359999;-0.568463
0.399999;0.49;0.139999;0.07;0.0141512
0.06;0.006999;0.285;0.469999;0.83342
0.479999;0.433;0.525999;0.399999;0.44438
0.38;0.38;0.081;0.35;-0.294857
0.359999;0.46;0.758;0.59;1.34743
0.6;0.68;0.609999;0.689999;0.0126491
0.67;0.649999;0.75;0.549999;1.28763
0.549999;0.39;0.286;0.36;0.395606
0.41;0.479999;0.532999;0.519999;1.08738
0.489999;0.52;0.514;0.57;0.526826
0.55;0.799999;0.656999;0.829999;1.08715
0.859999;0.64;0.76;0.42;0.517199
0.399999;0.31;0.469999;0.469999;-0.0423004
0.49;0.509999;0.289999;0.37;1.50337
0.329999;0.71;0.57;0.849999;0.65249
0.859999;0.436;0.74;0.45;-0.0677337
0.43;0.694;0.549999;0.719999;0.497822
0.759999;0.509999;0.56;0.53;0.768308
0.52;0.57;0.549999;0.339999;1.61893
0.32;0.53;0.369;0.78;-0.39277
0.789999;0.839999;0.901;0.83;0.408057
0.859999;0.777;0.789999;0.68;0.123779
0.66;0.482999;0.63;0.469999;1.75679
0.449999;0.58;0.529999;0.68;-0.288894
0.719999;0.979999;0.72;0.979999;0.477562
0.95;0.46;0.659999;0.23;1.12848
0.219999;0.7;0.435;0.879999;-0.472026
0.899999;0.589999;0.918999;0.51;0.875274
0.64;0.773;0.625999;0.619999;-0.180932
0.49;0.186999;0.32;0.399999;0.0951628
0.399999;0.399999;0.51;0.32;1.27741
0.31;0.35;0.189999;0.189999;-0.14401
0.219999;0.729999;0.433999;1.0;0.16983
1.0;0.920999;1.0;0.66;0.49027
0.5;0.459;0.449999;0.699999;0.343452
0.699999;0.57;0.539999;0.27;0.448422
0.28;0.335;0.392;0.56;-0.331663
0.55;0.765;0.538;0.859999;1.40217
0.829999;0.609999;0.924999;0.57;-0.522848
0.589999;0.67;0.515;0.359999;0.499777
0.35;0.239999;0.1;0.21;0.889675
0.23;0.72;0.529999;1.0;-1.25845
1.0;0.5;0.64;0.1;1.55498
0.0;0.0;0.22;0.35;-0.941785
0.472999;0.613;0.686;0.56;0.152538
0.557;0.504999;0.283999;0.18;-0.437849
0.149999;0.695;0.439999;1.0;-0.652238
1.0;0.407;0.543999;0.0;0.00270709
0.009999;0.192999;0.384;0.549999;-0.71051
0.52;0.37;0.611;0.42;0.548104
0.439999;0.586999;0.481;0.63;0.123219
0.649999;0.57;0.529999;0.539999;-0.218611
0.509999;0.719999;0.59;0.829999;0.624136
0.82;0.57;0.64;0.229999;-0.986959
0.24;0.27;0.31;0.34;0.156812
0.34;0.28;0.189999;0.21;-0.277643
0.219999;0.299999;0.259999;0.6;1.04809
0.579999;0.49;0.34;0.099999;0.493542
0.089999;0.14;0.439999;0.4;0.313447
0.41;0.339999;0.32;0.299999;-0.594052
0.31;0.619999;0.549999;0.579999;0.294773
0.599999;0.27;0.27;0.16;-0.419765
0.15;0.32;0.487;0.559999;0.145302
0.579999;0.619999;0.472999;0.74;-1.54754
0.74;0.7;0.808999;0.57;1.87827
0.559999;0.38;0.441;0.39;-0.897028
0.37;0.43;0.304;0.439999;0.597564
0.43;0.379999;0.555999;0.49;-0.740661
0.489999;0.48;0.13;0.0;0.52738
0.02;0.199999;0.43;0.619999;0.0877838
0.589999;0.507;0.599999;0.55;-0.278225
0.55;0.602999;0.5;0.6;1.1076
0.619999;0.46;0.452;0.219999;0.354997
0.219999;0.396;0.407999;0.579999;0.308649
0.59;0.625999;0.32;0.189999;0.0604163
0.17;0.148;0.359999;0.63;-0.3529
0.659999;0.531999;0.59;0.409999;1.39838
0.41;0.578;0.52;0.64;-1.23924
0.659999;0.609999;0.672999;0.67;1.25362
0.64;0.527;0.627;0.43;-0.303536
0.439999;0.863;0.53;0.98;-0.921892
0.97;0.564999;0.82;0.379999;0.41335
0.449999;0.545;0.521;0.64;-0.386356
0.56;0.399999;0.468999;0.369999;1.08963
0.379999;0.52;0.43;0.36;-0.795903
0.36;0.247;0.229999;0.259999;0.191061
0.269999;0.232999;0.159999;0.129999;-1.07018
0.1;0.41;0.341;0.8;0.317888
0.829999;0.689999;0.869;0.649999;-0.555794
0.63;0.57;0.6;0.579999;-0.57479
0.589999;0.575;0.539999;0.32;-0.657659
0.31;0.515;0.49;0.68;1.42531
0.7;0.461999;0.53;0.37;-0.843789
0.369999;0.428;0.339999;0.57;-0.123667
0.56;0.482999;0.58;0.289999;0.102691
0.279999;0.387;0.324999;0.6;0.205455
0.62;0.53;0.515;0.369999;-0.107821
0.339999;0.327999;0.5;0.43;-0.52446
0.37;0.422;0.149999;0.149999;1.66293
0.239999;0.14;0.28;0.5;0.55726
0.49;0.479999;0.569;0.399999;0.51143
0.41;0.41;0.0;0.0;0.434838
0.0;0.0;0.239999;0.329999;0.391481
0.27;0.427;0.539999;0.469999;1.88063
0.5;0.53;0.41;0.58;0.285039
0.599999;0.629999;0.67;0.609999;1.69963
0.61;0.51;0.549999;0.579999;0.418727
0.579999;0.785999;0.67;0.82;1.54032
0.839999;0.548;0.784999;0.469999;1.03695
0.359999;0.292;0.105;0.07;-0.181611
0.18;0.344;0.379999;0.619999;2.26379
0.6;0.82;0.65;0.88;0.393854
0.88;1.0;0.928999;1.0;1.12532
1.0;0.511;0.861;0.34;0.31052
0.399999;0.829;0.529999;0.96;0.158445
0.96;0.479999;0.817;0.449999;0.99328
0.43;0.649999;0.51;0.51;-0.396918
0.52;0.72;0.436;0.839999;1.88497
0.759999;0.43;0.869999;0.43;0.206844
0.519999;0.519999;0.237;0.18;1.43448
0.16;0.39;0.43;0.77;0.181983
0.759999;0.57;0.649999;0.329999;1.3379
0.329999;0.56;0.508;0.85;0.337927
0.859999;0.839999;0.861999;0.689999;-0.0469108
0.71;0.517;0.63;0.39;0.5886
0.4;0.363;0.439999;0.589999;1.63865
0.579999;0.659999;0.58;0.55;0.163529
0.509999;0.49;0.549999;0.549999;0.970523
0.549999;0.89;0.479999;0.98;0.110565
1.0;0.869999;1.0;0.659999;0.600855
0.58;0.42;0.67;0.62;-0.147121
0.649999;0.609999;0.41;0.309999;1.22136
0.299999;0.27;0.18;0.16;1.0535
0.18;0.509999;0.439999;0.93;0.566975
0.89;0.67;0.979999;0.589999;-0.719668
0.609999;0.595999;0.609999;0.56;1.15019
0.56;0.474;0.006;0.07;0.678084
0.049999;0.25;0.526;0.63;0.0688861
0.609999;0.42;0.298;0.389999;0.79994
0.41;0.345999;0.484999;0.44;0.556354
0.439999;0.423999;0.384999;0.129999;0.648574
0.14;0.313;0.43;0.4;1.6125
0.399999;0.427;0.386;0.699999;0.0183891
0.69;0.609999;0.564999;0.26;1.04897
0.289999;0.281999;0.485999;0.579999;1.42446
0.579999;0.878;0.593;0.869999;0.311397
0.88;0.55;0.799999;0.5;1.34129
0.469999;0.53;0.5;0.439999;0.979994
0.469999;0.449999;0.39;0.56;1.93777
0.52;0.37;0.329999;0.1;-0.285273
0.159999;0.289999;0.39;0.39;2.14139
0.35;0.546999;0.48;0.56;0.589315
0.539999;0.288;0.39;0.369999;0.532256
0.399999;0.324999;0.0;0.019999;1.43102
0.009999;0.14;0.500999;0.59;0.202404
0.57;0.454;0.39;0.25;1.11059
0.26;0.347999;0.405;0.42;0.698624
0.449999;0.698;0.465;0.829999;0.31871
0.55;0.302;0.534999;0.17;0.272618
0.449999;0.698;0.465;0.829999;0.88617
0.83;0.53;0.78;0.369999;0.156889
0.379999;0.451999;0.439999;0.6;1.16866
0.6;0.948;0.649999;0.93;0.785254
0.88;0.71;0.447;0.75;-0.0302543
0.809999;0.68;1.0;0.63;1.18784
0.59;0.63;0.46;0.399999;0.566594
0.39;0.849999;0.519999;1.0;0.174568
